0, 0, 0, 0, 0
0.01, 0, 0, 0, 0
0.023, 0, 0, 0, 0
0.035, 0, 0, 0, 0
0.047, 0, 0, 0, 0
0.06, 0, 0, 0, 0
0.072, 0, 0, 0, 0
0.085, 0, 0, 0, 0
0.097, 0, 0, 0, 0
0.11, 0, 0, 0, 0
0.122, 0, 0, 0, 0
0.135, 0, 0, 0, 0
0.147, 0, 0, 0, 0
0.16, 0, 0, 0, 0
0.172, 0, 0, 0, 0
0.185, 0, 0, 0, 0
0.198, 0, 0, 0, 0
0.211, 0, 0, 0, 0
0.223, 0, 0, 0, 0
0.236, 0, 0, 0, 0
0.249, 0, 0, 0, 0
0.262, 0, 0, 0, 0
0.275, 0, 0, 0, 0
0.288, 0, 0, 0, 0
0.301, 0, 0, 0, 0
0.313, 0, 0, 0, 0
0.327, 0, 0, 0, 0
0.34, 0, 0, 0, 0
0.353, 0, 0, 0, 0
0.365, 0, 0, 0, 0
0.379, 0, 0, 0, 0
0.392, 0, 0, 0, 0
0.407, 0, 0, 0, 0
0.419, 0, 0, 0, 0
0.433, 0, 0, 0, 0
0.447, 0, 0, 0, 0
0.46, 0, 0, 0, 0
0.474, 0, 0, 0, 0
0.488, 0, 0, 0, 0
0.502, 0, 0, 0, 0
0.515, 0, 0, 0, 0
0.528, 0, 0, 0, 0
0.54, 0, 0, 0, 0
0.566, 0, 0, 0, 0
0.579, 0, 0, 0, 0
0.592, 0, 0, 0, 0
0.605, 0, 0, 0, 0
0.617, 0, 0, 0, 0
0.63, 0, 0, 0, 0
0.642, 0, 0, 0, 0
0.654, 0, 0, 0, 0
0.667, 0, 0, 0, 0
0.679, 0, 0, 0, 0
0.692, 0, 0, 0, 0
0.704, 0, 0, 0, 0
0.717, 0, 0, 0, 0
0.729, 0, 0, 0, 0
0.742, 0, 0, 0, 0
0.754, 0, 0, 0, 0
0.767, 0, 0, 0, 0
0.779, 0, 0, 0, 0
0.792, 0, 0, 0, 0
0.804, 0, 0, 0, 0
0.817, 0, 0, 0, 0
0.829, 0, 0, 0, 0
0.842, 0, 0, 0, 0
0.854, 0, 0, 0, 0
0.867, 0, 0, 0, 0
0.88, 0, 0, 0, 0
0.892, 0, 0, 0, 0
0.905, 0, 0, 0, 0
0.917, 0, 0, 0, 0
0.93, 0, 0, 0, 0
0.942, 0, 0, 0, 0
0.955, 0, 0, 0, 0
0.967, 0, 0, 0, 0
0.979, 0, 0, 0, 0
0.992, 0, 0, 0, 0
1.004, 0, 0, 0, 0
1.017, 0, 0, 0, 0
1.029, 0, 0, 0, 0
1.041, 0, 0, 0, 0
1.054, 0, 0, 0, 0
1.066, 0, 0, 0, 0
1.079, 0, 0, 0, 0
1.092, 0, 0, 0, 0
1.104, 0, 0, 0, 0
1.117, 0, 0, 0, 0
1.13, 0, 0, 0, 0
1.143, 0, 0, 0, 0
1.156, 0, 0, 0, 0
1.168, 0, 0, 0, 0
1.181, 0, 0, 0, 0
1.194, 0, 0, 0, 0
1.207, 0, 0, 0, 0
1.219, 0, 0, 0, 0
1.232, 0, 0, 0, 0
1.245, 0, 0, 0, 0
1.258, 0, 0, 0, 0
1.271, 0, 0, 0, 0
1.284, 0, 0, 0, 0
1.297, 0, 0, 0, 0
1.309, 0, 0, 0, 0
1.323, 0, 0, 0, 0
1.342, 0, 0, 0, 0
1.355, 0, 0, 0, 0
1.367, 0, 0, 0, 0
1.379, 0, 0, 0, 0
1.392, 0, 0, 0, 0
1.404, 0, 0, 0, 0
1.417, 0, 0, 0, 0
1.429, 0, 0, 0, 0
1.442, 0, 0, 0, 0
1.454, 0, 0, 0, 0
1.467, 0, 0, 0, 0
1.479, 0, 0, 0, 0
1.492, 0, 0, 0, 0
1.504, 0, 0, 0, 0
1.517, 0, 0, 0, 0
1.529, 0, 0, 0, 0
1.542, 0, 0, 0, 0
1.554, 0, 0, 0, 0
1.567, 0, 0, 0, 0
1.579, 0, 0, 0, 0
1.592, 0, 0, 0, 0
1.604, 0, 0, 0, 0
1.617, 0, 0, 0, 0
1.629, 0, 0, 0, 0
1.643, 0, 0, 0, 0
1.656, 0, 0, 0, 0
1.668, 0, 0, 0, 0
1.681, 0, 0, 0, 0
1.694, 0, 0, 0, 0
1.706, 0, 0, 0, 0
1.719, 0, 0, 0, 0
1.731, 0, 0, 0, 0
1.744, 0, 0, 0, 0
1.756, 0, 0, 0, 0
1.769, 0, 0, 0, 0
1.783, 0, 0, 0, 0
1.794, 0, 0, 0, 0
1.806, 0, 0, 0, 0
1.819, 0, 0, 0, 0
1.831, 0, 0, 0, 0
1.844, 0, 0, 0, 0
1.856, 0, 0, 0, 0
1.869, 0, 0, 0, 0
1.881, 0, 0, 0, 0
1.894, 0, 0, 0, 0
1.906, 0, 0, 0, 0
1.919, 0, 0, 0, 0
1.932, 0, 0, 0, 0
1.944, 0, 0, 0, 0
1.957, 0, 0, 0, 0
1.969, 0, 0, 0, 0
1.982, 0, 0, 0, 0
1.994, 0, 0, 0, 0
2.007, 0, 0, 0, 0
2.019, 0, 0, 0, 0
2.032, 0, 0, 0, 0
2.044, 0, 0, 0, 0
2.057, 0, 0, 0, 0
2.069, 0, 0, 0, 0
2.082, 0, 0, 0, 0
2.094, 0, 0, 0, 0
2.107, 0, 0, 0, 0
2.119, 0, 0, 0, 0
2.132, 0, 0, 0, 0
2.144, 0, 0, 0, 0
2.157, 0, 0, 0, 0
2.17, 0, 0, 0, 0
2.182, 0, 0, 0, 0
2.195, 0, 0, 0, 0
2.207, 0, 0, 0, 0
2.22, 0, 0, 0, 0
2.232, 0, 0, 0, 0
2.245, 0, 0, 0, 0
2.258, 0, 0, 0, 0
2.271, 0, 0, 0, 0
2.284, 0, 0, 0, 0
2.297, 0, 0, 0, 0
2.31, 0, 0, 0, 0
2.322, 0, 0, 0, 0
2.335, 0, 0, 0, 0
2.347, 0, 0, 0, 0
2.36, 0, 0, 0, 0
2.373, 0, 0, 0, 0
2.386, 0, 0, 0, 0
2.399, 0, 0, 0, 0
2.411, 0, 0, 0, 0
2.425, 0, 0, 0, 0
2.438, 0, 0, 0, 0
2.451, 0, 0, 0, 0
2.464, 0, 0, 0, 0
2.478, 0, 0, 0, 0
2.491, 0, 0, 0, 0
2.504, 0, 0, 0, 0
2.517, 0, 0, 0, 0
2.531, 0, 0, 0, 0
2.543, 0, 0, 0, 0
2.556, 0, 0, 0, 0
2.569, 0, 0, 0, 0
2.581, 0, 0, 0, 0
2.594, 0, 0, 0, 0
2.607, 0, 0, 0, 0
2.62, 0, 0, 0, 0
2.633, 0, 0, 0, 0
2.647, 0, 0, 0, 0
2.659, 0, 0, 0, 0
2.672, 0, 0, 0, 0
2.685, 0, 0, 0, 0
2.698, 0, 0, 0, 0
2.711, 0, 0, 0, 0
2.724, 0, 0, 0, 0
2.737, 0, 0, 0, 0
2.75, 0, 0, 0, 0
2.763, 0, 0, 0, 0
2.775, 0, 0, 0, 0
2.788, 0, 0, 0, 0
2.801, 0, 0, 0, 0
2.814, 0, 0, 0, 0
2.827, 0, 0, 0, 0
2.84, 0, 0, 0, 0
2.853, 0, 0, 0, 0
2.866, 0, 0, 0, 0
2.879, 0, 0, 0, 0
2.892, 0, 0, 0, 0
2.905, 0, 0, 0, 0
2.918, 0, 0, 0, 0
2.931, 0, 0, 0, 0
2.944, 0, 0, 0, 0
2.957, 0, 0, 0, 0
2.971, 0, 0, 0, 0
2.984, 0, 0, 0, 0
2.997, 0, 0, 0, 0
3.009, 0, 0, 0, 0
3.023, 0, 0, 0, 0
3.036, 0, 0, 0, 0
3.048, 0, 0, 0, 0
3.061, 0, 0, 0, 0
3.073, 0, 0, 0, 0
3.092, 0, 0, 0, 0
3.105, 0, 0, 0, 0
3.117, 0, 0, 0, 0
3.13, 0, 0, 0, 0
3.142, 0, 0, 0, 0
3.154, 0, 0, 0, 0
3.167, 0, 0, 0, 0
3.179, 0, 0, 0, 0
3.191, 0, 0, 0, 0
3.204, 0, 0, 0, 0
3.216, 0, 0, 0, 0
3.229, 0, 0, 0, 0
3.241, 0, 0, 0, 0
3.253, 0, 0, 0, 0
3.266, 0, 0, 0, 0
3.278, 0, 0, 0, 0
3.291, 0, 0, 0, 0
3.303, 0, 0, 0, 0
3.316, 0, 0, 0, 0
3.328, 0, 0, 0, 0
3.341, 0, 0, 0, 0
3.353, 0, 0, 0, 0
3.365, 0, 0, 0, 0
3.378, 0, 0, 0, 0
3.391, 0, 0, 0, 0
3.404, 0, 0, 0, 0
3.416, 0, 0, 0, 0
3.429, 0, 0, 0, 0
3.442, 0, 0, 0, 0
3.454, 0, 0, 0, 0
3.468, 0, 0, 0, 0
3.482, 0, 0, 0, 0
3.494, 0, 0, 0, 0
3.507, 0, 0, 0, 0
3.521, 0, 0, 0, 0
3.534, 0, 0, 0, 0
3.546, 0, 0, 0, 0
3.559, 0, 0, 0, 0
3.572, 0, 0, 0, 0
3.585, 0, 0, 0, 0
3.598, 0, 0, 0, 0
3.611, 0, 0, 0, 0
3.625, 0, 0, 0, 0
3.638, 0, 0, 0, 0
3.652, 0, 0, 0, 0
3.664, 0, 0, 0, 0
3.677, 0, 0, 0, 0
3.69, 0, 0, 0, 0
3.703, 0, 0, 0, 0
3.716, 0, 0, 0, 0
3.73, 0, 0, 0, 0
3.743, 0, 0, 0, 0
3.756, 0, 0, 0, 0
3.769, 0, 0, 0, 0
3.781, 0, 0, 0, 0
3.795, 0, 0, 0, 0
3.808, 0, 0, 0, 0
3.821, 0, 0, 0, 0
3.836, 0, 0, 0, 0
3.849, 0, 0, 0, 0
3.862, 0, 0, 0, 0
3.875, 0, 0, 0, 0
3.888, 0, 0, 0, 0
3.9, 0, 0, 0, 0
3.913, 0, 0, 0, 0
3.926, 0, 0, 0, 0
3.94, 0, 0, 0, 0
3.952, 0, 0, 0, 0
3.965, 0, 0, 0, 0
3.977, 0, 0, 0, 0
3.99, 0, 0, 0, 0
4.003, 0, 0, 0, 0
4.016, 0, 0, 0, 0
4.029, 0, 0, 0, 0
4.042, 0, 0, 0, 0
4.055, 0, 0, 0, 0
4.069, 0, 0, 0, 0
4.082, 0, 0, 0, 0
4.095, 0, 0, 0, 0
4.108, 0, 0, 0, 0
4.121, 0, 0, 0, 0
4.134, 0, 0, 0, 0
4.147, 0, 0, 0, 0
4.16, 0, 0, 0, 0
4.173, 0, 0, 0, 0
4.186, 0, 0, 0, 0
4.198, 0, 0, 0, 0
4.211, 0, 0, 0, 0
4.224, 0, 0, 0, 0
4.237, 0, 0, 0, 0
4.25, 0, 0, 0, 0
4.263, 0, 0, 0, 0
4.278, 0, 0, 0, 0
4.291, 0, 0, 0, 0
4.303, 0, 0, 0, 0
4.316, 0, 0, 0, 0
4.328, 0, 0, 0, 0
4.341, 0, 0, 0, 0
4.353, 0, 0, 0, 0
4.366, 0, 0, 0, 0
4.378, 0, 0, 0, 0
4.391, 0, 0, 0, 0
4.404, 0, 0, 0, 0
4.416, 0, 0, 0, 0
4.429, 0, 0, 0, 0
4.443, 0, 0, 0, 0
4.456, 0, 0, 0, 0
4.469, 0, 0, 0, 0
4.481, 0, 0, 0, 0
4.494, 0, 0, 0, 0
4.508, 0, 0, 0, 0
4.52, 0, 0, 0, 0
4.533, 0, 0, 0, 0
4.546, 0, 0, 0, 0
4.558, 0, 0, 0, 0
4.571, 0, 0, 0, 0
4.584, 0, 0, 0, 0
4.597, 0, 0, 0, 0
4.61, 0, 0, 0, 0
4.622, 0, 0, 0, 0
4.635, 0, 0, 0, 0
4.648, 0, 0, 0, 0
4.661, 0, 0, 0, 0
4.674, 0, 0, 0, 0
4.687, 0, 0, 0, 0
4.701, 0, 0, 0, 0
4.714, 0, 0, 0, 0
4.728, 0, 0, 0, 0
4.741, 0, 0, 0, 0
4.753, 0, 0, 0, 0
4.767, 0, 0, 0, 0
4.78, 0, 0, 0, 0
4.793, 0, 0, 0, 0
4.806, 0, 0, 0, 0
4.818, 0, 0, 0, 0
4.831, 0, 0, 0, 0
4.844, 0, 0, 0, 0
4.856, 0, 0, 0, 0
4.869, 0, 0, 0, 0
4.882, 0, 0, 0, 0
4.895, 0, 0, 0, 0
4.908, 0, 0, 0, 0
4.921, 0, 0, 0, 0
4.934, 0, 0, 0, 0
4.948, 0, 0, 0, 0
4.961, 0, 0, 0, 0
4.974, 0, 0, 0, 0
4.987, 0, 0, 0, 0
5, 0, 0, 0, 0
5.014, 0, 0, 0, 0
5.027, 0, 0, 0, 0
5.04, 0, 0, 0, 0
5.052, 0, 0, 0, 0
5.065, 0, 0, 0, 0
5.078, 0, 0, 0, 0
5.091, 0, 0, 0, 0
5.104, 0, 0, 0, 0
5.117, 0, 0, 0, 0
5.13, 0, 0, 0, 0
5.143, 0, 0, 0, 0
5.156, 0, 0, 0, 0
5.171, 0, 0, 0, 0
5.184, 0, 0, 0, 0
5.197, 0, 0, 0, 0
5.21, 0, 0, 0, 0
5.223, 0, 0, 0, 0
5.236, 0, 0, 0, 0
5.249, 0, 0, 0, 0
5.262, 0, 0, 0, 0
5.276, 0, 0, 0, 0
5.289, 0, 0, 0, 0
5.302, 0, 0, 0, 0
5.315, 0, 0, 0, 0
5.329, 0, 0, 0, 0
5.341, 0, 0, 0, 0
5.354, 0, 0, 0, 0
5.367, 0, 0, 0, 0
5.381, 0, 0, 0, 0
5.394, 0, 0, 0, 0
5.406, 0, 0, 0, 0
5.419, 0, 0, 0, 0
5.432, 0, 0, 0, 0
5.445, 0, 0, 0, 0
5.457, 0, 0, 0, 0
5.47, 0, 0, 0, 0
5.483, 0, 0, 0, 0
5.497, 0, 0, 0, 0
5.51, 0, 0, 0, 0
5.525, 0, 0, 0, 0
5.538, 0, 0, 0, 0
5.55, 0, 0, 0, 0
5.571, 0, 0, 0, 0
5.583, 0, 0, 0, 0
5.596, 0, 0, 0, 0
5.609, 0, 0, 0, 0
5.621, 0, 0, 0, 0
5.634, 0, 0, 0, 0
5.646, 0, 0, 0, 0
5.658, 0, 0, 0, 0
5.671, 0, 0, 0, 0
5.682, 0, 0, 0, 0
5.694, 0, 0, 0, 0
5.707, 0, 0, 0, 0
5.719, 0, 0, 0, 0
5.732, 0, 0, 0, 0
5.744, 0, 0, 0, 0
5.756, 0, 0, 0, 0
5.769, 0, 0, 0, 0
5.781, 0, 0, 0, 0
5.793, 0, 0, 0, 0
5.806, 0, 0, 0, 0
5.818, 0, 0, 0, 0
5.83, 0, 0, 0, 0
5.843, 0, 0, 0, 0
5.855, 0, 0, 0, 0
5.867, 0, 0, 0, 0
5.88, 0, 0, 0, 0
5.892, 0, 0, 0, 0
5.904, 0, 0, 0, 0
5.917, 0, 0, 0, 0
5.929, 0, 0, 0, 0
5.942, 0, 0, 0, 0
5.954, 0, 0, 0, 0
5.966, 0, 0, 0, 0
5.979, 0, 0, 0, 0
5.991, 0, 0, 0, 0
6.003, 0, 0, 0, 0
6.016, 0, 0, 0, 0
6.028, 0, 0, 0, 0
6.04, 0, 0, 0, 0
6.053, 0, 0, 0, 0
6.065, 0, 0, 0, 0
6.078, 0, 0, 0, 0
6.09, 0, 0, 0, 0
6.102, 0, 0, 0, 0
6.115, 0, 0, 0, 0
6.127, 0, 0, 0, 0
6.14, 0, 0, 0, 0
6.152, 0, 0, 0, 0
6.164, 0, 0, 0, 0
6.177, 0, 0, 0, 0
6.189, 0, 0, 0, 0
6.202, 0, 0, 0, 0
6.214, 0, 0, 0, 0
6.226, 0, 0, 0, 0
6.239, 0, 0, 0, 0
6.251, 0, 0, 0, 0
6.264, 0, 0, 0, 0
6.276, 0, 0, 0, 0
6.288, 0, 0, 0, 0
6.301, 0, 0, 0, 0
6.313, 0, 0, 0, 0
6.325, 0, 0, 0, 0
6.338, 0, 0, 0, 0
6.35, 0, 0, 0, 0
6.363, 0, 0, 0, 0
6.376, 0, 0, 0, 0
6.388, 0, 0, 0, 0
6.401, 0, 0, 0, 0
6.414, 0, 0, 0, 0
6.427, 0, 0, 0, 0
6.44, 0, 0, 0, 0
6.452, 0, 0, 0, 0
6.465, 0, 0, 0, 0
6.478, 0, 0, 0, 0
6.491, 0, 0, 0, 0
6.504, 0, 0, 0, 0
6.517, 0, 0, 0, 0
6.53, 0, 0, 0, 0
6.543, 0, 0, 0, 0
6.555, 0, 0, 0, 0
6.568, 0, 0, 0, 0
6.581, 0, 0, 0, 0
6.594, 0, 0, 0, 0
6.607, 0, 0, 0, 0
6.62, 0, 0, 0, 0
6.633, 0, 0, 0, 0
6.646, 0, 0, 0, 0
6.659, 0, 0, 0, 0
6.672, 0, 0, 0, 0
6.685, 0, 0, 0, 0
6.698, 0, 0, 0, 0
6.711, 0, 0, 0, 0
6.723, 0, 0, 0, 0
6.737, 0, 0, 0, 0
6.75, 0, 0, 0, 0
6.764, 0, 0, 0, 0
6.777, 0, 0, 0, 0
6.79, 0, 0, 0, 0
6.803, 0, 0, 0, 0
6.816, 0, 0, 0, 0
6.829, 0, 0, 0, 0
6.841, 0, 0, 0, 0
6.854, 0, 0, 0, 0
6.868, 0, 0, 0, 0
6.881, 0, 0, 0, 0
6.894, 0, 0, 0, 0
6.906, 0, 0, 0, 0
6.919, 0, 0, 0, 0
6.932, 0, 0, 0, 0
6.945, 0, 0, 0, 0
6.958, 0, 0, 0, 0
6.971, 0, 0, 0, 0
6.984, 0, 0, 0, 0
6.997, 0, 0, 0, 0
7.009, 0, 0, 0, 0
7.022, 0, 0, 0, 0
7.035, 0, 0, 0, 0
7.048, 0, 0, 0, 0
7.06, 0, 0, 0, 0
7.073, 0, 0, 0, 0
7.087, 0, 0, 0, 0
7.1, 0, 0, 0, 0
7.112, 0, 0, 0, 0
7.125, 0, 0, 0, 0
7.138, 0, 0, 0, 0
7.152, 0, 0, 0, 0
7.166, 0, 0, 0, 0
7.179, 0, 0, 0, 0
7.191, 0, 0, 0, 0
7.204, 0, 0, 0, 0
7.217, 0, 0, 0, 0
7.23, 0, 0, 0, 0
7.243, 0, 0, 0, 0
7.256, 0, 0, 0, 0
7.269, 0, 0, 0, 0
7.282, 0, 0, 0, 0
7.296, 0, 0, 0, 0
7.308, 0, 0, 0, 0
7.32, 0, 0, 0, 0
7.333, 0, 0, 0, 0
7.346, 0, 0, 0, 0
7.359, 0, 0, 0, 0
7.372, 0, 0, 0, 0
7.385, 0, 0, 0, 0
7.399, 0, 0, 0, 0
7.413, 0, 0, 0, 0
7.427, 0, 0, 0, 0
7.439, 0, 0, 0, 0
7.454, 0, 0, 0, 0
7.466, 0, 0, 0, 0
7.48, 0, 0, 0, 0
7.493, 0, 0, 0, 0
7.507, 0, 0, 0, 0
7.521, 0, 0, 0, 0
7.536, 0, 0, 0, 0
7.548, 0, 0, 0, 0
7.561, 0, 0, 0, 0
7.574, 0, 0, 0, 0
7.587, 0, 0, 0, 0
7.6, 0, 0, 0, 0
7.613, 0, 0, 0, 0
7.626, 0, 0, 0, 0
7.639, 0, 0, 0, 0
7.652, 0, 0, 0, 0
7.665, 0, 0, 0, 0
7.678, 0, 0, 0, 0
7.691, 0, 0, 0, 0
7.704, 0, 0, 0, 0
7.718, 0, 0, 0, 0
7.732, 0, 0, 0, 0
7.745, 0, 0, 0, 0
7.759, 0, 0, 0, 0
7.772, 0, 0, 0, 0
7.785, 0, 0, 0, 0
7.798, 0, 0, 0, 0
7.811, 0, 0, 0, 0
7.824, 0, 0, 0, 0
7.837, 0, 0, 0, 0
7.85, 0, 0, 0, 0
7.863, 0, 0, 0, 0
7.876, 0, 0, 0, 0
7.888, 0, 0, 0, 0
7.901, 0, 0, 0, 0
7.914, 0, 0, 0, 0
7.927, 0, 0, 0, 0
7.941, 0, 0, 0, 0
7.956, 0, 0, 0, 0
7.97, 0, 0, 0, 0
7.985, 0, 0, 0, 0
7.998, 0, 0, 0, 0
8.011, 0, 0, 0, 0
8.023, 0, 0, 0, 0
8.036, 0, 0, 0, 0
8.049, 0, 0, 0, 0
8.062, 0, 0, 0, 0
8.075, 0, 0, 0, 0
8.088, 0, 0, 0, 0
8.101, 0, 0, 0, 0
8.113, 0, 0, 0, 0
8.126, 0, 0, 0, 0
8.139, 0, 0, 0, 0
8.152, 0, 0, 0, 0
8.165, 0, 0, 0, 0
8.178, 0, 0, 0, 0
8.191, 0, 0, 0, 0
8.206, 0, 0, 0, 0
8.219, 0, 0, 0, 0
8.232, 0, 0, 0, 0
8.245, 0, 0, 0, 0
8.258, 0, 0, 0, 0
8.271, 0, 0, 0, 0
8.285, 0, 0, 0, 0
8.297, 0, 0, 0, 0
8.31, 0, 0, 0, 0
8.324, 0, 0, 0, 0
8.336, 0, 0, 0, 0
8.349, 0, 0, 0, 0
8.362, 0, 0, 0, 0
8.375, 0, 0, 0, 0
8.39, 0, 0, 0, 0
8.403, 0, 0, 0, 0
8.416, 0, 0, 0, 0
8.429, 0, 0, 0, 0
8.442, 0, 0, 0, 0
8.455, 0, 0, 0, 0
8.468, 0, 0, 0, 0
8.48, 0, 0, 0, 0
8.493, 0, 0, 0, 0
8.507, 0, 0, 0, 0
8.521, 0, 0, 0, 0
8.536, 0, 0, 0, 0
8.549, 0, 0, 0, 0
8.561, 0, 0, 0, 0
8.574, 0, 0, 0, 0
8.587, 0, 0, 0, 0
8.6, 0, 0, 0, 0
8.613, 0, 0, 0, 0
8.626, 0, 0, 0, 0
8.638, 0, 0, 0, 0
8.651, 0, 0, 0, 0
8.664, 0, 0, 0, 0
8.676, 0, 0, 0, 0
8.689, 0, 0, 0, 0
8.702, 0, 0, 0, 0
8.716, 0, 0, 0, 0
8.728, 0, 0, 0, 0
8.742, 0, 0, 0, 0
8.754, 0, 0, 0, 0
8.767, 0, 0, 0, 0
8.78, 0, 0, 0, 0
8.793, 0, 0, 0, 0
8.806, 0, 0, 0, 0
8.819, 0, 0, 0, 0
8.832, 0, 0, 0, 0
8.845, 0, 0, 0, 0
8.858, 0, 0, 0, 0
8.872, 0, 0, 0, 0
8.884, 0, 0, 0, 0
8.897, 0, 0, 0, 0
8.909, 0, 0, 0, 0
8.922, 0, 0, 0, 0
8.935, 0, 0, 0, 0
8.948, 0, 0, 0, 0
8.961, 0, 0, 0, 0
8.973, 0, 0, 0, 0
8.985, 0, 0, 0, 0
8.997, 0, 0, 0, 0
9.01, 0, 0, 0, 0
9.023, 0, 0, 0, 0
9.037, 0, 0, 0, 0
9.049, 0, 0, 0, 0
9.062, 0, 0, 0, 0
9.076, 0, 0, 0, 0
9.089, 0, 0, 0, 0
9.102, 0, 0, 0, 0
9.115, 0, 0, 0, 0
9.127, 0, 0, 0, 0
9.14, 0, 0, 0, 0
9.153, 0, 0, 0, 0
9.166, 0, 0, 0, 0
9.179, 0, 0, 0, 0
9.193, 0, 0, 0, 0
9.206, 0, 0, 0, 0
9.219, 0, 0, 0, 0
9.232, 0, 0, 0, 0
9.245, 0, 0, 0, 0
9.26, 0, 0, 0, 0
9.274, 0, 0, 0, 0
9.288, 0, 0, 0, 0
9.303, 0, 0, 0, 0
9.315, 0, 0, 0, 0
9.328, 0, 0, 0, 0
9.34, 0, 0, 0, 0
9.354, 0, 0, 0, 0
9.367, 0, 0, 0, 0
9.38, 0, 0, 0, 0
9.393, 0, 0, 0, 0
9.406, 0, 0, 0, 0
9.419, 0, 0, 0, 0
9.432, 0, 0, 0, 0
9.446, 0, 0, 0, 0
9.459, 0, 0, 0, 0
9.472, 0, 0, 0, 0
9.486, 0, 0, 0, 0
9.5, 0, 0, 0, 0
9.514, 0, 0, 0, 0
9.529, 0, 0, 0, 0
9.542, 0, 0, 0, 0
9.556, 0, 0, 0, 0
9.569, 0, 0, 0, 0
9.582, 0, 0, 0, 0
9.595, 0, 0, 0, 0
9.607, 0, 0, 0, 0
9.62, 0, 0, 0, 0
9.633, 0, 0, 0, 0
9.646, 0, 0, 0, 0
9.658, 0, 0, 0, 0
9.671, 0, 0, 0, 0
9.684, 0, 0, 0, 0
9.696, 0, 0, 0, 0
9.709, 0, 0, 0, 0
9.723, 0, 0, 0, 0
9.736, 0, 0, 0, 0
9.749, 0, 0, 0, 0
9.762, 0, 0, 0, 0
9.775, 0, 0, 0, 0
9.789, 0, 0, 0, 0
9.802, 0, 0, 0, 0
9.815, 0, 0, 0, 0
9.828, 0, 0, 0, 0
9.841, 0, 0, 0, 0
9.854, 0, 0, 0, 0
9.867, 0, 0, 0, 0
9.88, 0, 0, 0, 0
9.892, 0, 0, 0, 0
9.905, 0, 0, 0, 0
9.918, 0, 0, 0, 0
9.931, 0, 0, 0, 0
9.944, 0, 0, 0, 0
9.958, 0, 0, 0, 0
9.972, 0, 0, 0, 0
9.986, 0, 0, 0, 0
9.998, 0, 0, 0, 0
10.012, 0, 0, 0, 0
10.025, 0, 0, 0, 0
10.039, 0, 0, 0, 0
10.052, 0, 0, 0, 0
10.065, 0, 0, 0, 0
10.078, 0, 0, 0, 0
10.091, 0, 0, 0, 0
10.103, 0, 0, 0, 0
10.116, 0, 0, 0, 0
10.129, 0, 0, 0, 0
10.142, 0, 0, 0, 0
10.154, 0, 0, 0, 0
10.167, 0, 0, 0, 0
10.18, 0, 0, 0, 0
10.193, 0, 0, 0, 0
10.207, 0, 0, 0, 0
10.22, 0, 0, 0, 0
10.232, 0, 0, 0, 0
10.245, 0, 0, 0, 0
10.258, 0, 0, 0, 0
10.271, 0, 0, 0, 0
10.285, 0, 0, 0, 0
10.298, 0, 0, 0, 0
10.312, 0, 0, 0, 0
10.325, 0, 0, 0, 0
10.338, 0, 0, 0, 0
10.35, 0, 0, 0, 0
10.363, 0, 0, 0, 0
10.376, 0, 0, 0, 0
10.389, 0, 0, 0, 0
10.403, 0, 0, 0, 0
10.418, 0, 0, 0, 0
10.431, 0, 0, 0, 0
10.445, 0, 0, 0, 0
10.457, 0, 0, 0, 0
10.47, 0, 0, 0, 0
10.483, 0, 0, 0, 0
10.496, 0, 0, 0, 0
10.509, 0, 0, 0, 0
10.522, 0, 0, 0, 0
10.535, 0, 0, 0, 0
10.549, 0, 0, 0, 0
10.567, 0, 0, 0, 0
10.58, 0, 0, 0, 0
10.594, 0, 0, 0, 0
10.607, 0, 0, 0, 0
10.62, 0, 0, 0, 0
10.634, 0, 0, 0, 0
10.647, 0, 0, 0, 0
10.662, 0, 0, 0, 0
10.674, 0, 0, 0, 0
10.688, 0, 0, 0, 0
10.7, 0, 0, 0, 0
10.713, 0, 0, 0, 0
10.727, 0, 0, 0, 0
10.741, 0, 0, 0, 0
10.754, 0, 0, 0, 0
10.767, 0, 0, 0, 0
10.779, 0, 0, 0, 0
10.792, 0, 0, 0, 0
10.805, 0, 0, 0, 0
10.818, 0, 0, 0, 0
10.831, 0, 0, 0, 0
10.844, 0, 0, 0, 0
10.858, 0, 0, 0, 0
10.872, 0, 0, 0, 0
10.884, 0, 0, 0, 0
10.897, 0, 0, 0, 0
10.91, 0, 0, 0, 0
10.923, 0, 0, 0, 0
10.936, 0, 0, 0, 0
10.95, 0, 0, 0, 0
10.964, 0, 0, 0, 0
10.978, 0, 0, 0, 0
10.991, 0, 0, 0, 0
11.004, 0, 0, 0, 0
11.017, 0, 0, 0, 0
11.03, 0, 0, 0, 0
11.043, 0, 0, 0, 0
11.055, 0, 0, 0, 0
11.069, 0, 0, 0, 0
11.082, 0, 0, 0, 0
11.096, 0, 0, 0, 0
11.109, 0, 0, 0, 0
11.122, 0, 0, 0, 0
11.135, 0, 0, 0, 0
11.148, 0, 0, 0, 0
11.161, 0, 0, 0, 0
11.175, 0, 0, 0, 0
11.188, 0, 0, 0, 0
11.201, 0, 0, 0, 0
11.214, 0, 0, 0, 0
11.227, 0, 0, 0, 0
11.239, 0, 0, 0, 0
11.253, 0, 0, 0, 0
11.266, 0, 0, 0, 0
11.278, 0, 0, 0, 0
11.291, 0, 0, 0, 0
11.305, 0, 0, 0, 0
11.318, 0, 0, 0, 0
11.33, 0, 0, 0, 0
11.343, 0, 0, 0, 0
11.356, 0, 0, 0, 0
11.369, 0, 0, 0, 0
11.383, 0, 0, 0, 0
11.396, 0, 0, 0, 0
11.409, 0, 0, 0, 0
11.422, 0, 0, 0, 0
11.435, 0, 0, 0, 0
11.447, 0, 0, 0, 0
11.46, 0, 0, 0, 0
11.473, 0, 0, 0, 0
11.487, 0, 0, 0, 0
11.5, 0, 0, 0, 0
11.513, 0, 0, 0, 0
11.527, 0, 0, 0, 0
11.54, 0, 0, 0, 0
11.552, 0, 0, 0, 0
11.565, 0, 0, 0, 0
11.579, 0, 0, 0, 0
11.592, 0, 0, 0, 0
11.605, 0, 0, 0, 0
11.618, 0, 0, 0, 0
11.63, 0, 0, 0, 0
11.643, 0, 0, 0, 0
11.656, 0, 0, 0, 0
11.669, 0, 0, 0, 0
11.682, 0, 0, 0, 0
11.694, 0, 0, 0, 0
11.707, 0, 0, 0, 0
11.72, 0, 0, 0, 0
11.734, 0, 0, 0, 0
11.748, 0, 0, 0, 0
11.762, 0, 0, 0, 0
11.774, 0, 0, 0, 0
11.787, 0, 0, 0, 0
11.8, 0, 0, 0, 0
11.813, 0, 0, 0, 0
11.827, 0, 0, 0, 0
11.841, 0, 0, 0, 0
11.857, 0, 0, 0, 0
11.87, 0, 0, 0, 0
11.883, 0, 0, 0, 0
11.895, 0, 0, 0, 0
11.908, 0, 0, 0, 0
11.921, 0, 0, 0, 0
11.934, 0, 0, 0, 0
11.946, 0, 0, 0, 0
11.959, 0, 0, 0, 0
11.973, 0, 0, 0, 0
11.987, 0, 0, 0, 0
11.999, 0, 0, 0, 0
12.013, 0, 0, 0, 0
12.026, 0, 0, 0, 0
12.039, 0, 0, 0, 0
12.051, 0, 0, 0, 0
12.064, 0, 0, 0, 0
12.078, 0, 0, 0, 0
12.092, 0, 0, 0, 0
12.105, 0, 0, 0, 0
12.118, 0, 0, 0, 0
12.13, 0, 0, 0, 0
12.143, 0, 0, 0, 0
12.156, 0, 0, 0, 0
12.169, 0, 0, 0, 0
12.182, 0, 0, 0, 0
12.195, 0, 0, 0, 0
12.209, 0, 0, 0, 0
12.222, 0, 0, 0, 0
12.234, 0, 0, 0, 0
12.248, 0, 0, 0, 0
12.26, 0, 0, 0, 0
12.273, 0, 0, 0, 0
12.286, 0, 0, 0, 0
12.298, 0, 0, 0, 0
12.31, 0, 0, 0, 0
12.323, 0, 0, 0, 0
12.336, 0, 0, 0, 0
12.348, 0, 0, 0, 0
12.36, 0, 0, 0, 0
12.381, 0, 0, 0, 0
12.394, 0, 0, 0, 0
12.406, 0, 0, 0, 0
12.418, 0, 0, 0, 0
12.431, 0, 0, 0, 0
12.443, 0, 0, 0, 0
12.455, 0, 0, 0, 0
12.468, 0, 0, 0, 0
12.48, 0, 0, 0, 0
12.492, 0, 0, 0, 0
12.505, 0, 0, 0, 0
12.517, 0, 0, 0, 0
12.53, 0, 0, 0, 0
12.542, 0, 0, 0, 0
12.554, 0, 0, 0, 0
12.567, 0, 0, 0, 0
12.579, 0, 0, 0, 0
12.592, 0, 0, 0, 0
12.604, 0, 0, 0, 0
12.616, 0, 0, 0, 0
12.629, 0, 0, 0, 0
12.641, 0, 0, 0, 0
12.654, 0, 0, 0, 0
12.666, 0, 0, 0, 0
12.679, 0, 0, 0, 0
12.692, 0, 0, 0, 0
12.704, 0, 0, 0, 0
12.716, 0, 0, 0, 0
12.729, 0, 0, 0, 0
12.741, 0, 0, 0, 0
12.754, 0, 0, 0, 0
12.766, 0, 0, 0, 0
12.779, 0, 0, 0, 0
12.791, 0, 0, 0, 0
12.804, 0, 0, 0, 0
12.817, 0, 0, 0, 0
12.83, 0, 0, 0, 0
12.843, 0, 0, 0, 0
12.855, 0, 0, 0, 0
12.868, 0, 0, 0, 0
12.88, 0, 0, 0, 0
12.893, 0, 0, 0, 0
12.905, 0, 0, 0, 0
12.918, 0, 0, 0, 0
12.93, 0, 0, 0, 0
12.943, 0, 0, 0, 0
12.956, 0, 0, 0, 0
12.968, 0, 0, 0, 0
12.981, 0, 0, 0, 0
12.994, 0, 0, 0, 0
13.007, 0, 0, 0, 0
13.02, 0, 0, 0, 0
13.032, 0, 0, 0, 0
13.045, 0, 0, 0, 0
13.058, 0, 0, 0, 0
13.071, 0, 0, 0, 0
13.084, 0, 0, 0, 0
13.097, 0, 0, 0, 0
13.11, 0, 0, 0, 0
13.123, 0, 0, 0, 0
13.136, 0, 0, 0, 0
13.149, 0, 0, 0, 0
13.161, 0, 0, 0, 0
13.174, 0, 0, 0, 0
13.187, 0, 0, 0, 0
13.2, 0, 0, 0, 0
13.213, 0, 0, 0, 0
13.226, 0, 0, 0, 0
13.239, 0, 0, 0, 0
13.252, 0, 0, 0, 0
13.265, 0, 0, 0, 0
13.278, 0, 0, 0, 0
13.291, 0, 0, 0, 0
13.304, 0, 0, 0, 0
13.317, 0, 0, 0, 0
13.33, 0, 0, 0, 0
13.344, 0, 0, 0, 0
13.357, 0, 0, 0, 0
13.37, 0, 0, 0, 0
13.383, 0, 0, 0, 0
13.395, 0, 0, 0, 0
13.408, 0, 0, 0, 0
13.421, 0, 0, 0, 0
13.434, 0, 0, 0, 0
13.447, 0, 0, 0, 0
13.46, 0, 0, 0, 0
13.473, 0, 0, 0, 0
13.486, 0, 0, 0, 0
13.499, 0, 0, 0, 0
13.512, 0, 0, 0, 0
13.524, 0, 0, 0, 0
13.537, 0, 0, 0, 0
13.55, 0, 0, 0, 0
13.564, 0, 0, 0, 0
13.577, 0, 0, 0, 0
13.592, 0, 0, 0, 0
13.604, 0, 0, 0, 0
13.617, 0, 0, 0, 0
13.63, 0, 0, 0, 0
13.643, 0, 0, 0, 0
13.655, 0, 0, 0, 0
13.668, 0, 0, 0, 0
13.681, 0, 0, 0, 0
13.697, 0, 0, 0, 0
13.71, 0, 0, 0, 0
13.723, 0, 0, 0, 0
13.736, 0, 0, 0, 0
13.748, 0, 0, 0, 0
13.761, 0, 0, 0, 0
13.775, 0, 0, 0, 0
13.787, 0, 0, 0, 0
13.8, 0, 0, 0, 0
13.814, 0, 0, 0, 0
13.826, 0, 0, 0, 0
13.839, 0, 0, 0, 0
13.852, 0, 0, 0, 0
13.865, 0, 0, 0, 0
13.878, 0, 0, 0, 0
13.89, 0, 0, 0, 0
13.904, 0, 0, 0, 0
13.917, 0, 0, 0, 0
13.93, 0, 0, 0, 0
13.943, 0, 0, 0, 0
13.956, 0, 0, 0, 0
13.969, 0, 0, 0, 0
13.982, 0, 0, 0, 0
13.995, 0, 0, 0, 0
14.007, 0, 0, 0, 0
14.019, 0, 0, 0, 0
14.032, 0, 0, 0, 0
14.046, 0, 0, 0, 0
14.058, 0, 0, 0, 0
14.071, 0, 0, 0, 0
14.085, 0, 0, 0, 0
14.098, 0, 0, 0, 0
14.112, 0, 0, 0, 0
14.125, 0, 0, 0, 0
14.138, 0, 0, 0, 0
14.151, 0, 0, 0, 0
14.163, 0, 0, 0, 0
14.176, 0, 0, 0, 0
14.19, 0, 0, 0, 0
14.204, 0, 0, 0, 0
14.216, 0, 0, 0, 0
14.229, 0, 0, 0, 0
14.241, 0, 0, 0, 0
14.254, 0, 0, 0, 0
14.266, 0, 0, 0, 0
14.279, 0, 0, 0, 0
14.292, 0, 0, 0, 0
14.304, 0, 0, 0, 0
14.317, 0, 0, 0, 0
14.33, 0, 0, 0, 0
14.342, 0, 0, 0, 0
14.354, 0, 0, 0, 0
14.367, 0, 0, 0, 0
14.381, 0, 0, 0, 0
14.394, 0, 0, 0, 0
14.407, 0, 0, 0, 0
14.42, 0, 0, 0, 0
14.433, 0, 0, 0, 0
14.445, 0, 0, 0, 0
14.457, 0, 0, 0, 0
14.47, 0, 0, 0, 0
14.483, 0, 0, 0, 0
14.496, 0, 0, 0, 0
14.509, 0, 0, 0, 0
14.522, 0, 0, 0, 0
14.535, 0, 0, 0, 0
14.547, 0, 0, 0, 0
14.56, 0, 0, 0, 0
14.574, 0, 0, 0, 0
14.586, 0, 0, 0, 0
14.599, 0, 0, 0, 0
14.611, 0, 0, 0, 0
14.624, 0, 0, 0, 0
14.638, 0, 0, 0, 0
14.651, 0, 0, 0, 0
14.664, 0, 0, 0, 0
14.677, 0, 0, 0, 0
14.69, 0, 0, 0, 0
14.703, 0, 0, 0, 0
14.715, 0, 0, 0, 0
14.728, 0, 0, 0, 0
14.741, 0, 0, 0, 0
14.754, 0, 0, 0, 0
14.767, 0, 0, 0, 0
14.78, 0, 0, 0, 0
14.794, 0, 0, 0, 0
14.808, 0, 0, 0, 0
14.821, 0, 0, 0, 0
14.834, 0, 0, 0, 0
14.847, 0, 0, 0, 0
14.86, 0, 0, 0, 0
14.873, 0, 0, 0, 0
14.886, 0, 0, 0, 0
14.899, 0, 0, 0, 0
14.912, 0, 0, 0, 0
14.926, 0, 0, 0, 0
14.939, 0, 0, 0, 0
14.951, 0, 0, 0, 0
14.964, 0, 0, 0, 0
14.977, 0, 0, 0, 0
14.99, 0, 0, 0, 0
15.003, 0, 0, 0, 0
15.016, 0, 0, 0, 0
15.029, 0, 0, 0, 0
15.043, 0, 0, 0, 0
15.055, 0, 0, 0, 0
15.068, 0, 0, 0, 0
15.081, 0, 0, 0, 0
15.094, 0, 0, 0, 0
15.107, 0, 0, 0, 0
15.119, 0, 0, 0, 0
15.132, 0, 0, 0, 0
15.146, 0, 0, 0, 0
15.159, 0, 0, 0, 0
15.171, 0, 0, 0, 0
15.184, 0, 0, 0, 0
15.197, 0, 0, 0, 0
15.21, 0, 0, 0, 0
15.224, 0, 0, 0, 0
15.237, 0, 0, 0, 0
15.251, 0, 0, 0, 0
15.265, 0, 0, 0, 0
15.278, 0, 0, 0, 0
15.291, 0, 0, 0, 0
15.304, 0, 0, 0, 0
15.316, 0, 0, 0, 0
15.328, 0, 0, 0, 0
15.341, 0, 0, 0, 0
15.354, 0, 0, 0, 0
15.369, 0, 0, 0, 0
15.381, 0, 0, 0, 0
15.394, 0, 0, 0, 0
15.407, 0, 0, 0, 0
15.419, 0, 0, 0, 0
15.433, 0, 0, 0, 0
15.446, 0, 0, 0, 0
15.459, 0, 0, 0, 0
15.472, 0, 0, 0, 0
15.485, 0, 0, 0, 0
15.5, 0, 0, 0, 0
15.512, 0, 0, 0, 0
15.525, 0, 0, 0, 0
15.538, 0, 0, 0, 0
15.55, 0, 0, 0, 0
15.567, 0, 0, 0, 0
15.58, 0, 0, 0, 0
15.593, 0, 0, 0, 0
15.606, 0, 0, 0, 0
15.619, 0, 0, 0, 0
15.632, 0, 0, 0, 0
15.645, 0, 0, 0, 0
15.657, 0, 0, 0, 0
15.67, 0, 0, 0, 0
15.684, 0, 0, 0, 0
15.697, 0, 0, 0, 0
15.71, 0, 0, 0, 0
15.723, 0, 0, 0, 0
15.736, 0, 0, 0, 0
15.75, 0, 0, 0, 0
15.764, 0, 0, 0, 0
15.777, 0, 0, 0, 0
15.79, 0, 0, 0, 0
15.804, 0, 0, 0, 0
15.819, 0, 0, 0, 0
15.834, 0, 0, 0, 0
15.847, 0, 0, 0, 0
15.86, 0, 0, 0, 0
15.874, 0, 0, 0, 0
15.888, 0, 0, 0, 0
15.9, 0, 0, 0, 0
15.913, 0, 0, 0, 0
15.926, 0, 0, 0, 0
15.94, 0, 0, 0, 0
15.953, 0, 0, 0, 0
15.966, 0, 0, 0, 0
15.979, 0, 0, 0, 0
15.992, 0, 0, 0, 0
16.005, 0, 0, 0, 0
16.018, 0, 0, 0, 0
16.032, 0, 0, 0, 0
16.045, 0, 0, 0, 0
16.058, 0, 0, 0, 0
16.071, 0, 0, 0, 0
16.083, 0, 0, 0, 0
16.096, 0, 0, 0, 0
16.109, 0, 0, 0, 0
16.122, 0, 0, 0, 0
16.135, 0, 0, 0, 0
16.148, 0, 0, 0, 0
16.162, 0, 0, 0, 0
16.176, 0, 0, 0, 0
16.189, 0, 0, 0, 0
16.202, 0, 0, 0, 0
16.214, 0, 0, 0, 0
16.227, 0, 0, 0, 0
16.24, 0, 0, 0, 0
16.253, 0, 0, 0, 0
16.267, 0, 0, 0, 0
16.28, 0, 0, 0, 0
16.294, 0, 0, 0, 0
16.306, 0, 0, 0, 0
16.319, 0, 0, 0, 0
16.334, 0, 0, 0, 0
16.346, 0, 0, 0, 0
16.359, 0, 0, 0, 0
16.371, 0, 0, 0, 0
16.385, 0, 0, 0, 0
16.398, 0, 0, 0, 0
16.411, 0, 0, 0, 0
16.424, 0, 0, 0, 0
16.437, 0, 0, 0, 0
16.45, 0, 0, 0, 0
16.463, 0, 0, 0, 0
16.476, 0, 0, 0, 0
16.489, 0, 0, 0, 0
16.502, 0, 0, 0, 0
16.515, 0, 0, 0, 0
16.527, 0, 0, 0, 0
16.54, 0, 0, 0, 0
16.553, 0, 0, 0, 0
16.566, 0, 0, 0, 0
16.579, 0, 0, 0, 0
16.593, 0, 0, 0, 0
16.606, 0, 0, 0, 0
16.619, 0, 0, 0, 0
16.632, 0, 0, 0, 0
16.645, 0, 0, 0, 0
16.658, 0, 0, 0, 0
16.671, 0, 0, 0, 0
16.684, 0, 0, 0, 0
16.696, 0, 0, 0, 0
16.709, 0, 0, 0, 0
16.722, 0, 0, 0, 0
16.735, 0, 0, 0, 0
16.747, 0, 0, 0, 0
16.76, 0, 0, 0, 0
16.774, 0, 0, 0, 0
16.787, 0, 0, 0, 0
16.8, 0, 0, 0, 0
16.813, 0, 0, 0, 0
16.827, 0, 0, 0, 0
16.839, 0, 0, 0, 0
16.852, 0, 0, 0, 0
16.865, 0, 0, 0, 0
16.878, 0, 0, 0, 0
16.892, 0, 0, 0, 0
16.904, 0, 0, 0, 0
16.918, 0, 0, 0, 0
16.933, 0, 0, 0, 0
16.947, 0, 0, 0, 0
16.961, 0, 0, 0, 0
16.974, 0, 0, 0, 0
16.987, 0, 0, 0, 0
17, 0, 0, 0, 0
17.013, 0, 0, 0, 0
17.027, 0, 0, 0, 0
17.041, 0, 0, 0, 0
17.055, 0, 0, 0, 0
17.068, 0, 0, 0, 0
17.081, 0, 0, 0, 0
17.094, 0, 0, 0, 0
17.107, 0, 0, 0, 0
17.12, 0, 0, 0, 0
17.132, 0, 0, 0, 0
17.145, 0, 0, 0, 0
17.158, 0, 0, 0, 0
17.171, 0, 0, 0, 0
17.184, 0, 0, 0, 0
17.196, 0, 0, 0, 0
17.209, 0, 0, 0, 0
17.222, 0, 0, 0, 0
17.235, 0, 0, 0, 0
17.248, 0, 0, 0, 0
17.262, 0, 0, 0, 0
17.275, 0, 0, 0, 0
17.288, 0, 0, 0, 0
17.302, 0, 0, 0, 0
17.315, 0, 0, 0, 0
17.327, 0, 0, 0, 0
17.34, 0, 0, 0, 0
17.352, 0, 0, 0, 0
17.367, 0, 0, 0, 0
17.382, 0, 0, 0, 0
17.394, 0, 0, 0, 0
17.407, 0, 0, 0, 0
17.42, 0, 0, 0, 0
17.433, 0, 0, 0, 0
17.446, 0, 0, 0, 0
17.459, 0, 0, 0, 0
17.472, 0, 0, 0, 0
17.485, 0, 0, 0, 0
17.499, 0, 0, 0, 0
17.511, 0, 0, 0, 0
17.524, 0, 0, 0, 0
17.537, 0, 0, 0, 0
17.549, 0, 0, 0, 0
17.562, 0, 0, 0, 0
17.574, 0, 0, 0, 0
17.587, 0, 0, 0, 0
17.6, 0, 0, 0, 0
17.613, 0, 0, 0, 0
