0, 0, 0, 0, 0
0.012, 0, 0, 0, 0
0.024, 0, 0, 0, 0
0.035, 0, 0, 0, 0
0.045, 0, 0, 0, 0
0.057, 0, 0, 0, 0
0.068, 0, 0, 0, 0
0.078, 0, 0, 0, 0
0.089, 0, 0, 0, 0
0.099, 0, 0, 0, 0
0.109, 0, 0, 0, 0
0.12, 0, 0, 0, 0
0.131, 0, 0, 0, 0
0.141, 0, 0, 0, 0
0.152, 0, 0, 0, 0
0.163, 0, 0, 0, 0
0.175, 0, 0, 0, 0
0.186, 0, 0, 0, 0
0.198, 0, 0, 0, 0
0.209, 0, 0, 0, 0
0.221, 0, 0, 0, 0
0.232, 0, 0, 0, 0
0.246, 0, 0, 0, 0
0.258, 0, 0, 0, 0
0.269, 0, 0, 0, 0
0.28, 0, 0, 0, 0
0.29, 0, 0, 0, 0
0.302, 0, 0, 0, 0
0.313, 0, 0, 0, 0
0.325, 0, 0, 0, 0
0.337, 0, 0, 0, 0
0.349, 0, 0, 0, 0
0.36, 0, 0, 0, 0
0.372, 0, 0, 0, 0
0.383, 0, 0, 0, 0
0.394, 0, 0, 0, 0
0.406, 0, 0, 0, 0
0.418, 0, 0, 0, 0
0.43, 0, 0, 0, 0
0.442, 0, 0, 0, 0
0.454, 0, 0, 0, 0
0.466, 0, 0, 0, 0
0.477, 0, 0, 0, 0
0.489, 0, 0, 0, 0
0.501, 0, 0, 0, 0
0.512, 0, 0, 0, 0
0.524, 0, 0, 0, 0
0.535, 0, 0, 0, 0
0.546, 0, 0, 0, 0
0.558, 0, 0, 0, 0
0.569, 0, 0, 0, 0
0.581, 0, 0, 0, 0
0.593, 0, 0, 0, 0
0.604, 0, 0, 0, 0
0.615, 0, 0, 0, 0
0.627, 0, 0, 0, 0
0.639, 0, 0, 0, 0
0.65, 0, 0, 0, 0
0.661, 0, 0, 0, 0
0.672, 0, 0, 0, 0
0.683, 0, 0, 0, 0
0.694, 0, 0, 0, 0
0.705, 0, 0, 0, 0
0.717, 0, 0, 0, 0
0.728, 0, 0, 0, 0
0.739, 0, 0, 0, 0
0.751, 0, 0, 0, 0
0.762, 0, 0, 0, 0
0.774, 0, 0, 0, 0
0.785, 0, 0, 0, 0
0.796, 0, 0, 0, 0
0.807, 0, 0, 0, 0
0.817, 0, 0, 0, 0
0.828, 0, 0, 0, 0
0.838, 0, 0, 0, 0
0.848, 0, 0, 0, 0
0.86, 0, 0, 0, 0
0.87, 0, 0, 0, 0
0.882, 0, 0, 0, 0
0.893, 0, 0, 0, 0
0.904, 0, 0, 0, 0
0.916, 0, 0, 0, 0
0.927, 0, 0, 0, 0
0.939, 0, 0, 0, 0
0.95, 0, 0, 0, 0
0.961, 0, 0, 0, 0
0.973, 0, 0, 0, 0
0.984, 0, 0, 0, 0
0.996, 0, 0, 0, 0
1.007, 0, 0, 0, 0
1.019, 0, 0, 0, 0
1.029, 0, 0, 0, 0
1.04, 0, 0, 0, 0
1.051, 0, 0, 0, 0
1.062, 0, 0, 0, 0
1.073, 0, 0, 0, 0
1.084, 0, 0, 0, 0
1.095, 0, 0, 0, 0
1.107, 0, 0, 0, 0
1.118, 0, 0, 0, 0
1.129, 0, 0, 0, 0
1.14, 0, 0, 0, 0
1.156, 0, 0, 0, 0
1.168, 0, 0, 0, 0
1.179, 0, 0, 0, 0
1.19, 0, 0, 0, 0
1.201, 0, 0, 0, 0
1.213, 0, 0, 0, 0
1.224, 0, 0, 0, 0
1.235, 0, 0, 0, 0
1.245, 0, 0, 0, 0
1.257, 0, 0, 0, 0
1.268, 0, 0, 0, 0
1.279, 0, 0, 0, 0
1.29, 0, 0, 0, 0
1.302, 0, 0, 0, 0
1.313, 0, 0, 0, 0
1.323, 0, 0, 0, 0
1.335, 0, 0, 0, 0
1.346, 0, 0, 0, 0
1.356, 0, 0, 0, 0
1.368, 0, 0, 0, 0
1.379, 0, 0, 0, 0
1.39, 0, 0, 0, 0
1.402, 0, 0, 0, 0
1.413, 0, 0, 0, 0
1.424, 0, 0, 0, 0
1.436, 0, 0, 0, 0
1.447, 0, 0, 0, 0
1.458, 0, 0, 0, 0
1.469, 0, 0, 0, 0
1.481, 0, 0, 0, 0
1.491, 0, 0, 0, 0
1.503, 0, 0, 0, 0
1.514, 0, 0, 0, 0
1.525, 0, 0, 0, 0
1.536, 0, 0, 0, 0
1.547, 0, 0, 0, 0
1.558, 0, 0, 0, 0
1.569, 0, 0, 0, 0
1.58, 0, 0, 0, 0
1.592, 0, 0, 0, 0
1.603, 0, 0, 0, 0
1.614, 0, 0, 0, 0
1.625, 0, 0, 0, 0
1.636, 0, 0, 0, 0
1.647, 0, 0, 0, 0
1.659, 0, 0, 0, 0
1.67, 0, 0, 0, 0
1.681, 0, 0, 0, 0
1.692, 0, 0, 0, 0
1.704, 0, 0, 0, 0
1.715, 0, 0, 0, 0
1.727, 0, 0, 0, 0
1.738, 0, 0, 0, 0
1.749, 0, 0, 0, 0
1.761, 0, 0, 0, 0
1.772, 0, 0, 0, 0
1.783, 0, 0, 0, 0
1.794, 0, 0, 0, 0
1.806, 0, 0, 0, 0
1.817, 0, 0, 0, 0
1.829, 0, 0, 0, 0
1.84, 0, 0, 0, 0
1.851, 0, 0, 0, 0
1.862, 0, 0, 0, 0
1.873, 0, 0, 0, 0
1.884, 0, 0, 0, 0
1.896, 0, 0, 0, 0
1.907, 0, 0, 0, 0
1.918, 0, 0, 0, 0
1.93, 0, 0, 0, 0
1.941, 0, 0, 0, 0
1.953, 0, 0, 0, 0
1.963, 0, 0, 0, 0
1.974, 0, 0, 0, 0
1.986, 0, 0, 0, 0
1.997, 0, 0, 0, 0
2.009, 0, 0, 0, 0
2.02, 0, 0, 0, 0
2.031, 0, 0, 0, 0
2.043, 0, 0, 0, 0
2.054, 0, 0, 0, 0
2.066, 0, 0, 0, 0
2.077, 0, 0, 0, 0
2.088, 0, 0, 0, 0
2.099, 0, 0, 0, 0
2.109, 0, 0, 0, 0
2.121, 0, 0, 0, 0
2.132, 0, 0, 0, 0
2.143, 0, 0, 0, 0
2.155, 0, 0, 0, 0
2.166, 0, 0, 0, 0
2.177, 0, 0, 0, 0
2.19, 0, 0, 0, 0
2.201, 0, 0, 0, 0
2.212, 0, 0, 0, 0
2.224, 0, 0, 0, 0
2.235, 0, 0, 0, 0
2.247, 0, 0, 0, 0
2.258, 0, 0, 0, 0
2.269, 0, 0, 0, 0
2.281, 0, 0, 0, 0
2.292, 0, 0, 0, 0
2.303, 0, 0, 0, 0
2.315, 0, 0, 0, 0
2.326, 0, 0, 0, 0
2.337, 0, 0, 0, 0
2.349, 0, 0, 0, 0
2.36, 0, 0, 0, 0
2.372, 0, 0, 0, 0
2.383, 0, 0, 0, 0
2.395, 0, 0, 0, 0
2.406, 0, 0, 0, 0
2.417, 0, 0, 0, 0
2.429, 0, 0, 0, 0
2.441, 0, 0, 0, 0
2.452, 0, 0, 0, 0
2.464, 0, 0, 0, 0
2.475, 0, 0, 0, 0
2.487, 0, 0, 0, 0
2.498, 0, 0, 0, 0
2.509, 0, 0, 0, 0
2.52, 0, 0, 0, 0
2.532, 0, 0, 0, 0
2.544, 0, 0, 0, 0
2.555, 0, 0, 0, 0
2.567, 0, 0, 0, 0
2.578, 0, 0, 0, 0
2.589, 0, 0, 0, 0
2.6, 0, 0, 0, 0
2.612, 0, 0, 0, 0
2.624, 0, 0, 0, 0
2.635, 0, 0, 0, 0
2.647, 0, 0, 0, 0
2.658, 0, 0, 0, 0
2.67, 0, 0, 0, 0
2.681, 0, 0, 0, 0
2.693, 0, 0, 0, 0
2.704, 0, 0, 0, 0
2.716, 0, 0, 0, 0
2.727, 0, 0, 0, 0
2.738, 0, 0, 0, 0
2.75, 0, 0, 0, 0
2.761, 0, 0, 0, 0
2.773, 0, 0, 0, 0
2.785, 0, 0, 0, 0
