0, 0, 0, 0, 0
0.012, 1, 1080, 0.273556, 0
0.025, 1, 1080, 0.957447, 0
0.037, 1, 1080, 2.12006, 62.1719
0.053, 1, 1080, 3.21429, 78.338
0.064, 1, 1080, 4.65046, 56990.9
0.075, 1, 1080, 5.26596, 82.4958
0.09, 1, 1080, 6.77052, 0
0.1, 1, 1080, 7.72796, 60.361
0.112, 1, 1080, 8.82219, 0
0.123, 1, 1080, 9.71125, 183.842
0.136, 1, 1080, 10.8739, 0
0.147, 1, 1080, 12.1049, 125.369
0.158, 1, 1080, 13.3359, 0
0.169, 1, 1080, 14.2249, 182.858
0.18, 1, 1080, 15.4559, 94.097
0.192, 1, 1080, 16.6185, 0
0.203, 1, 1080, 17.6444, 0
0.214, 1, 1080, 18.6018, 0
0.225, 1, 1080, 19.7644, 124.457
0.237, 1, 1080, 20.9271, 61.0617
0.248, 1, 1080, 22.0897, 0
0.259, 1, 1080, 23.1839, 59.4171
0.271, 1, 1080, 24.0729, 2011.44
0.282, 1, 1080, 25.304, 57.7123
0.293, 1, 1080, 26.193, 4176.43
0.304, 1, 1080, 27.0821, 1811.63
0.314, 1, 1080, 28.2447, 2757.62
0.325, 1, 1080, 29.1337, 10685.8
0.336, 1, 1080, 30.2964, 11893.7
0.346, 1, 1080, 31.117, 16091.5
0.356, 1, 1080, 32.2796, 16091.5
0.366, 1, 1080, 33.1687, 11893.7
0.376, 1, 1080, 34.0578, 16283.1
0.387, 1, 1080, 34.9468, 10521.4
0.397, 1, 1080, 36.1778, 15197.6
0.407, 1, 1080, 36.9985, 12434.4
0.417, 1, 1080, 38.2295, 17997.1
0.428, 1, 1080, 39.1869, 16091.5
0.438, 1, 1080, 40.076, 11893.7
0.448, 1, 1080, 41.1702, 16283.1
0.458, 1, 1080, 42.1277, 11398.2
0.468, 1, 1080, 42.9483, 14867.2
0.479, 1, 1080, 44.5897, 0
0.489, 1, 1080, 45.4787, 402.289
0.5, 1, 1080, 46.3678, 3309.15
0.51, 1, 1080, 47.5304, 0
0.521, 1, 1080, 48.4195, 1060.3
0.531, 1, 1080, 49.3769, 6838.91
0.541, 1, 1080, 50.5395, 0
0.551, 1, 1080, 51.3602, 3477.41
0.562, 1, 1080, 52.5228, 963.226
0.572, 1, 1080, 53.4802, 3256.62
0.582, 1, 1080, 54.5745, 1628.31
0.592, 1, 1080, 54.9164, 26760.9
0.603, 1, 1080, 56.5578, 0
0.613, 1, 1080, 57.3784, 11893.7
0.623, 1, 1080, 58.4726, 6513.24
0.633, 1, 1080, 59.6353, 0
0.644, 1, 1080, 60.5927, 3256.62
0.654, 1, 1080, 61.4818, 6513.24
0.664, 1, 1080, 62.6444, 0
0.674, 1, 1080, 63.5334, 3256.62
0.684, 1, 1080, 64.4909, 6217.19
0.695, 1, 1080, 65.5167, 6838.91
0.705, 1, 1080, 66.6793, 0
0.715, 1, 1080, 67.5684, 3599.42
0.725, 1, 1080, 68.6626, 0
0.736, 1, 1080, 69.5517, 4274.32
0.746, 1, 1080, 70.6459, 3108.59
0.756, 1, 1080, 71.535, 6217.19
0.766, 1, 1080, 72.6292, 3108.59
0.776, 1, 1080, 73.7234, 0
0.787, 1, 1080, 74.6125, 594.687
0.797, 1, 1080, 75.7067, 0
0.807, 1, 1080, 76.5274, 1210.43
0.818, 1, 1080, 77.69, 0
0.828, 1, 1080, 78.579, 2011.44
0.838, 1, 1080, 79.6733, 2011.44
0.849, 1, 1080, 80.5623, 5699.09
0.859, 1, 1080, 81.6565, 2849.54
0.869, 1, 1080, 82.5456, 6217.19
0.879, 1, 1080, 83.6398, 2849.54
0.889, 1, 1080, 84.5973, 3108.59
0.899, 1, 1080, 85.6231, 2973.44
0.91, 1, 1080, 86.5805, 2206.1
0.92, 1, 1080, 87.6064, 6217.19
0.93, 1, 1080, 88.6322, 0
0.94, 1, 1080, 89.5897, 633.232
0.951, 1, 1080, 90.6155, 6217.19
0.961, 1, 1080, 91.5729, 616.118
0.971, 1, 1080, 92.6672, 4274.32
0.981, 1, 1080, 93.6246, 1085.54
0.992, 1, 1080, 94.5821, 2532.93
1.002, 1, 1080, 95.6763, 1709.73
1.012, 1, 1080, 96.5653, 3108.59
1.023, 1, 1080, 97.4544, 5699.09
1.033, 1, 1080, 98.617, 1210.43
1.043, 1, 1080, 99.6429, 5260.7
1.053, 1, 1080, 100.6, 0
1.064, 1, 1080, 101.558, 0
1.074, 1, 1080, 102.584, 3907.95
1.084, 1, 1080, 103.609, 0
1.095, 1, 1080, 104.498, 11893.7
1.105, 1, 1080, 105.524, 5699.09
1.115, 1, 1080, 106.55, 11398.2
1.125, 1, 1080, 107.508, 5861.92
1.136, 1, 1080, 108.533, 963.226
1.146, 1, 1080, 109.559, 1444.84
1.156, 1, 1080, 110.517, 1815.64
1.167, 1, 1080, 111.543, 8548.63
1.177, 1, 1080, 112.5, 5946.87
1.187, 1, 1080, 113.526, 5861.92
1.197, 1, 1080, 114.483, 3799.39
1.208, 1, 1080, 115.509, 1470.73
1.218, 1, 1080, 116.535, 10057.2
1.228, 1, 1080, 117.492, 15197.6
1.238, 1, 1080, 118.518, 5545.06
1.249, 1, 1080, 119.612, 10942.2
1.259, 1, 1080, 120.57, 8289.58
1.269, 1, 1080, 121.459, 7393.41
1.279, 1, 1080, 122.485, 10258.4
1.29, 1, 1080, 123.579, 2605.3
1.3, 1, 1080, 124.536, 10942.2
1.31, 1, 1080, 125.494, 6217.19
1.321, 1, 1080, 126.588, 9498.48
1.331, 1, 1080, 127.477, 17097.3
1.341, 1, 1080, 128.708, 3696.71
1.351, 1, 1080, 129.597, 7815.89
1.362, 1, 1080, 130.691, 991.146
1.372, 1, 1080, 131.512, 3764.54
1.383, 1, 1080, 132.538, 2532.93
1.393, 1, 1080, 133.701, 12434.4
1.403, 1, 1080, 134.59, 6838.91
1.414, 1, 1080, 135.752, 11893.7
1.424, 1, 1080, 136.641, 10685.8
1.434, 1, 1080, 137.599, 11398.2
1.444, 1, 1080, 138.488, 2326.16
1.455, 1, 1080, 139.445, 8045.77
1.465, 1, 1080, 140.676, 1305.13
1.476, 1, 1080, 141.839, 100.897
1.486, 1, 1080, 142.728, 7598.78
1.496, 1, 1080, 143.549, 4928.94
1.507, 1, 1080, 144.78, 15543
1.517, 1, 1080, 145.737, 8824.39
1.529, 1, 1080, 146.558, 3676.83
1.539, 1, 1080, 147.857, 7198.85
1.549, 1, 1080, 149.02, 13677.8
1.559, 1, 1080, 149.84, 13677.8
1.57, 1, 1080, 151.003, 4684.18
1.58, 1, 1080, 151.892, 6672.1
1.59, 1, 1080, 153.055, 10942.2
1.6, 1, 1080, 153.944, 8548.63
1.611, 1, 1080, 155.038, 9769.87
1.621, 1, 1080, 155.927, 11398.2
1.631, 1, 1080, 157.158, 11398.2
1.641, 1, 1080, 157.979, 100.2
1.652, 1, 1080, 159.141, 11398.2
1.662, 1, 1080, 159.962, 10685.8
1.672, 1, 1080, 160.851, 13677.8
1.682, 1, 1080, 162.082, 9118.54
1.692, 1, 1080, 162.903, 11398.2
1.703, 1, 1080, 164.065, 10131.7
1.713, 1, 1080, 164.954, 11398.2
1.723, 1, 1080, 165.775, 17097.3
1.733, 1, 1080, 167.074, 12434.4
1.744, 1, 1080, 167.827, 14867.2
1.754, 1, 1080, 168.989, 10942.2
1.764, 1, 1080, 169.878, 1615.49
1.774, 1, 1080, 170.767, 11398.2
1.785, 1, 1080, 171.93, 12434.4
1.795, 1, 1080, 172.819, 9118.54
1.806, 1, 1080, 174.05, 14247.7
1.816, 1, 1080, 174.939, 8045.77
1.826, 1, 1080, 176.033, 13026.5
1.836, 1, 1080, 176.922, 7598.78
1.847, 1, 1080, 178.017, 8045.77
1.857, 1, 1080, 178.906, 11398.2
1.867, 1, 1080, 180.068, 12434.4
1.877, 1, 1080, 180.957, 14247.7
1.887, 1, 1080, 181.847, 12664.6
1.898, 1, 1080, 183.078, 11398.2
1.908, 1, 1080, 183.967, 12434.4
1.918, 1, 1080, 185.129, 11893.7
1.929, 1, 1080, 185.95, 11893.7
1.939, 1, 1080, 186.839, 10131.7
1.949, 1, 1080, 188.07, 7198.85
1.959, 1, 1080, 188.959, 11398.2
1.969, 1, 1080, 189.848, 7393.41
1.98, 1, 1080, 191.011, 2188.45
1.991, 1, 1080, 192.173, 11893.7
2.001, 1, 1080, 193.062, 9118.54
2.011, 1, 1080, 194.02, 12434.4
2.021, 1, 1080, 194.84, 8340.13
2.032, 1, 1080, 195.729, 282.599
2.042, 1, 1080, 197.097, 4716.49
2.052, 1, 1080, 198.26, 10942.2
2.063, 1, 1080, 199.081, 11893.7
2.073, 1, 1080, 200.243, 1511.36
2.083, 1, 1080, 201.132, 12434.4
2.093, 1, 1080, 202.226, 14867.2
2.104, 1, 1080, 203.116, 17097.3
2.114, 1, 1080, 204.073, 10521.4
2.124, 1, 1080, 205.236, 10521.4
2.134, 1, 1080, 206.125, 8289.58
2.145, 1, 1080, 207.287, 2486.87
2.155, 1, 1080, 208.176, 16413.4
2.165, 1, 1080, 209.134, 7815.89
2.175, 1, 1080, 210.228, 2326.16
2.186, 1, 1080, 211.117, 10131.7
2.196, 1, 1080, 212.28, 11893.7
2.206, 1, 1080, 213.305, 11398.2
2.216, 1, 1080, 214.126, 11398.2
2.227, 1, 1080, 215.289, 3006.11
2.237, 1, 1080, 216.178, 9769.87
2.247, 1, 1080, 217.067, 10942.2
2.257, 1, 1080, 218.229, 14867.2
2.268, 1, 1080, 219.119, 4082.93
2.278, 1, 1080, 220.35, 15197.6
2.288, 1, 1080, 221.239, 101.37
2.298, 1, 1080, 222.333, 14247.7
2.309, 1, 1080, 223.222, 11398.2
2.319, 1, 1080, 224.111, 7598.78
2.329, 1, 1080, 225.137, 12434.4
2.339, 1, 1080, 226.231, 6217.19
2.35, 1, 1080, 227.394, 11398.2
2.36, 1, 1080, 228.351, 12434.4
2.37, 1, 1080, 229.172, 7014.26
2.381, 1, 1080, 230.334, 6217.19
2.391, 1, 1080, 231.155, 14867.2
2.401, 1, 1080, 232.318, 7815.89
2.412, 1, 1080, 233.275, 12434.4
2.422, 1, 1080, 234.438, 13026.5
2.432, 1, 1080, 235.327, 11398.2
2.442, 1, 1080, 236.489, 11398.2
2.453, 1, 1080, 237.31, 8289.58
2.463, 1, 1080, 238.404, 11893.7
2.473, 1, 1080, 238.951, 11723.8
2.483, 1, 1080, 240.319, 13677.8
2.494, 1, 1080, 241.208, 9769.87
2.504, 1, 1080, 242.371, 11398.2
2.514, 1, 1080, 243.26, 7815.89
2.524, 1, 1080, 244.422, 11398.2
2.535, 1, 1080, 245.312, 10521.4
2.545, 1, 1080, 246.406, 11893.7
2.555, 1, 1080, 247.295, 7815.89
2.565, 1, 1080, 248.389, 2137.16
2.576, 1, 1080, 249.21, 4620.88
2.586, 1, 1080, 250.372, 2514.3
2.597, 1, 1080, 251.261, 3287.94
2.607, 1, 1080, 252.424, 14867.2
2.617, 1, 1080, 253.313, 12434.4
2.627, 1, 1080, 254.271, 11398.2
2.637, 1, 1080, 255.433, 8548.63
2.648, 1, 1080, 256.322, 11893.7
2.658, 1, 1080, 257.485, 5515.25
2.668, 1, 1080, 258.374, 11893.7
2.679, 1, 1080, 259.536, 11893.7
2.689, 1, 1080, 260.357, 6513.24
2.699, 1, 1080, 261.52, 11398.2
2.709, 1, 1080, 262.477, 8289.58
2.72, 1, 1080, 263.366, 8045.77
2.73, 1, 1080, 264.46, 7393.41
2.74, 1, 1080, 265.281, 9769.87
2.75, 1, 1080, 266.444, 10942.2
2.761, 1, 1080, 267.333, 11893.7
2.771, 1, 1080, 267.606, 36331.7
2.781, 1, 1080, 269.384, 7598.78
2.792, 1, 1080, 270.41, 7598.78
2.802, 1, 1080, 271.573, 10942.2
2.813, 1, 1080, 272.462, 8045.77
2.823, 1, 1080, 273.283, 18651.6
2.833, 1, 1080, 274.582, 1462.87
2.843, 1, 1080, 275.403, 2486.87
2.854, 1, 1080, 276.565, 1536.83
2.864, 1, 1080, 277.523, 8045.77
2.875, 1, 1080, 278.07, 31345
2.885, 1, 1080, 279.506, 11398.2
2.895, 1, 1080, 280.464, 11893.7
2.905, 1, 1080, 281.626, 5545.06
2.916, 1, 1080, 282.447, 11398.2
2.926, 1, 1080, 283.609, 11893.7
2.936, 1, 1080, 284.43, 7815.89
2.946, 1, 1080, 285.593, 9432.97
2.957, 1, 1080, 286.482, 11893.7
2.967, 1, 1080, 287.644, 8548.63
2.977, 1, 1080, 288.328, 21596.5
2.987, 1, 1080, 289.628, 7598.78
2.998, 1, 1080, 290.448, 9118.54
3.008, 1, 1080, 291.611, 9325.78
3.018, 1, 1080, 292.5, 10131.7
3.028, 1, 1080, 293.457, 11398.2
3.038, 1, 1080, 294.688, 7891.05
3.049, 1, 1080, 295.578, 11893.7
3.059, 1, 1080, 296.467, 7815.89
3.069, 1, 1080, 297.356, 1776.34
3.08, 1, 1080, 298.792, 4559.27
3.091, 1, 1080, 299.886, 465.232
3.101, 1, 1080, 300.502, 1347.57
3.112, 1, 1080, 301.733, 8920.31
3.122, 1, 1080, 302.964, 0
3.132, 1, 1080, 303.853, 556.009
3.143, 1, 1080, 304.742, 1882.27
3.153, 1, 1080, 305.904, 2973.44
3.163, 1, 1080, 306.793, 8548.63
3.173, 1, 1080, 307.956, 0
3.184, 1, 1080, 308.845, 5699.09
3.194, 1, 1080, 309.666, 2495.95
3.205, 1, 1080, 310.965, 574.698
3.215, 1, 1080, 311.786, 2318.27
3.225, 1, 1080, 312.812, 7393.41
3.236, 1, 1080, 313.701, 2671.45
3.246, 1, 1080, 314.863, 7327.4
3.256, 1, 1080, 316.094, 1848.35
3.267, 1, 1080, 316.983, 5699.09
3.277, 1, 1080, 317.872, 1528.25
3.287, 1, 1080, 319.103, 1953.97
3.298, 1, 1080, 319.992, 3599.42
3.308, 1, 1080, 321.155, 0
3.319, 1, 1080, 322.044, 5946.87
3.329, 1, 1080, 323.138, 2735.56
3.339, 1, 1080, 324.164, 0
3.349, 1, 1080, 325.122, 0
3.36, 1, 1080, 326.011, 854.863
3.37, 1, 1080, 327.105, 2031.36
3.38, 1, 1080, 328.131, 2973.44
3.391, 1, 1080, 329.088, 2011.44
3.401, 1, 1080, 330.114, 0
3.411, 1, 1080, 331.14, 1799.71
3.422, 1, 1080, 332.097, 2735.56
3.432, 1, 1080, 333.123, 0
3.442, 1, 1080, 334.012, 3907.95
3.452, 1, 1080, 335.175, 5260.7
3.463, 1, 1080, 336.201, 0
3.473, 1, 1080, 337.226, 5260.7
3.483, 1, 1080, 338.184, 3907.95
3.493, 1, 1080, 339.141, 1848.35
3.503, 1, 1080, 340.236, 2011.44
3.514, 1, 1080, 341.261, 0
3.524, 1, 1080, 342.219, 8920.31
3.534, 1, 1080, 342.698, 14314
3.545, 1, 1080, 344.202, 3336.05
3.555, 1, 1080, 345.296, 917.974
3.565, 1, 1080, 346.254, 0
3.576, 1, 1080, 347.348, 6217.19
3.586, 1, 1080, 348.374, 565.199
3.596, 1, 1080, 349.331, 9325.78
3.606, 1, 1080, 350.357, 594.687
3.617, 1, 1080, 351.315, 328.399
3.628, 1, 1080, 352.34, 1799.71
3.638, 1, 1080, 353.366, 1899.7
3.649, 1, 1080, 354.392, 9325.78
3.659, 1, 1080, 355.35, 4144.79
3.669, 1, 1080, 356.375, 7598.78
3.679, 1, 1080, 357.401, 8920.31
3.69, 1, 1080, 358.427, 2849.54
3.7, 1, 1080, 359.384, 8045.77
3.71, 1, 1080, 360.41, 5946.87
3.72, 1, 1080, 361.368, 13677.8
3.731, 1, 1080, 362.394, 8206.69
3.741, 1, 1080, 362.599, -1.4504e+07
3.751, 1, 1080, 0, 0
3.761, 1, 1080, 0, 0
3.771, 1, 1080, 0, 0
3.782, 1, 1080, 0, 0
3.792, 1, 1080, 0, 0
3.802, 1, 1080, 0, 0
3.813, 1, 1080, 0, 0
3.823, 1, 1080, 0, 0
3.833, 1, 1080, 0, 0
3.843, 1, 1080, 0, 0
3.854, 1, 1080, 0, 0
3.864, 1, 1080, 0, 0
3.874, 1, 1080, 0, 0
3.885, 1, 1080, 0, 0
3.895, 1, 1080, 0, 0
3.906, 1, 1080, 0, 0
3.916, 1, 1080, 0, 0
3.926, 1, 1080, 0, 0
3.937, 1, 1080, 0, 0
3.947, 1, 1080, 0, 0
3.957, 1, 1080, 0, 0
3.968, 1, 1080, 0, 0
3.978, 1, 1080, 0, 0
3.988, 1, 1080, 0, 0
3.999, 1, 1080, 0, 0
4.01, 1, 1080, 0, 0
4.02, 1, 1080, 0, 0
4.031, 1, 1080, 0, 0
4.041, 1, 1080, 0, 0
4.051, 1, 1080, 0, 0
4.062, 1, 1080, 0, 0
4.072, 1, 1080, 0, 0
4.083, 1, 1080, 0, 0
4.093, 1, 1080, 0, 0
4.103, 1, 1080, 0, 0
4.114, 1, 1080, 0, 0
4.124, 1, 1080, 0, 0
4.134, 1, 1080, 0, 0
4.144, 1, 1080, 0, 0
4.154, 1, 1080, 0, 0
4.165, 1, 1080, 0, 0
4.175, 1, 1080, 0, 0
4.185, 1, 1080, 0, 0
4.195, 1, 1080, 0, 0
4.206, 1, 1080, 0, 0
4.216, 1, 1080, 0, 0
4.226, 1, 1080, 0, 0
4.236, 1, 1080, 0, 0
4.247, 1, 1080, 0, 0
4.257, 1, 1080, 0, 0
4.267, 1, 1080, 0, 0
4.278, 1, 1080, 0, 0
4.288, 1, 1080, 0, 0
4.298, 1, 1080, 0, 0
4.308, 1, 1080, 0, 0
4.318, 1, 1080, 0, 0
4.329, 1, 1080, 0, 0
4.339, 1, 1080, 0, 0
4.349, 1, 1080, 0, 0
4.36, 1, 1080, 0, 0
4.37, 1, 1080, 0, 0
4.38, 1, 1080, 0, 0
4.391, 1, 1080, 0, 0
4.401, 1, 1080, 0, 0
4.412, 1, 1080, 0, 0
4.422, 1, 1080, 0, 0
4.432, 1, 1080, 0, 0
4.443, 1, 1080, 0, 0
4.453, 1, 1080, 0, 0
4.463, 1, 1080, 0, 0
4.474, 1, 1080, 0, 0
4.484, 1, 1080, 0, 0
4.494, 1, 1080, 0, 0
4.504, 1, 1080, 0, 0
4.515, 1, 1080, 0, 0
4.525, 1, 1080, 0, 0
4.535, 1, 1080, 0, 0
4.546, 1, 1080, 0, 0
4.556, 1, 1080, 0, 0
4.567, 1, 1080, 0, 0
4.577, 1, 1080, 0, 0
4.587, 1, 1080, 0, 0
4.597, 1, 1080, 0, 0
4.608, 1, 1080, 0, 0
4.618, 1, 1080, 0, 0
4.628, 1, 1080, 0, 0
4.638, 1, 1080, 0, 0
4.649, 1, 1080, 0, 0
4.659, 1, 1080, 0, 0
4.67, 1, 1080, 0, 0
4.68, 1, 1080, 0, 0
4.69, 1, 1080, 0, 0
4.701, 1, 1080, 0, 0
4.711, 1, 1080, 0, 0
4.721, 1, 1080, 0, 0
4.731, 1, 1080, 0, 0
4.741, 1, 1080, 0, 0
4.752, 1, 1080, 0, 0
4.762, 1, 1080, 0, 0
4.772, 1, 1080, 0, 0
4.782, 1, 1080, 0, 0
4.793, 1, 1080, 0, 0
4.803, 1, 1080, 0, 0
4.813, 1, 1080, 0, 0
4.824, 1, 1080, 0, 0
4.834, 1, 1080, 0, 0
4.844, 1, 1080, 0, 0
4.854, 1, 1080, 0, 0
4.865, 1, 1080, 0, 0
4.875, 1, 1080, 0, 0
4.885, 1, 1080, 0, 0
4.895, 1, 1080, 0, 0
4.906, 1, 1080, 0, 0
4.916, 1, 1080, 0.410334, 1.64841e+07
4.926, 1, 1080, 479.476, 0
4.936, 1, 1080, 480.365, 3696.71
4.947, 1, 1080, 481.459, 0
4.957, 1, 1080, 482.416, 538.497
4.967, 1, 1080, 483.511, 0
4.978, 1, 1080, 484.4, 984.015
4.988, 1, 1080, 485.494, 0
4.998, 1, 1080, 486.52, 0
5.009, 1, 1080, 487.546, 0
5.019, 1, 1080, 488.503, 1799.71
5.029, 1, 1080, 489.392, 8548.63
5.039, 1, 1080, 489.939, 1709.73
5.05, 1, 1080, 491.512, 677.119
5.06, 1, 1080, 492.606, 0
5.07, 1, 1080, 493.495, 3907.95
5.081, 1, 1080, 494.384, 12434.4
5.091, 1, 1080, 495.547, 2072.4
5.102, 1, 1080, 496.641, 0
5.112, 1, 1080, 497.53, 0
5.122, 1, 1080, 498.351, 1738.7
5.133, 1, 1080, 499.582, 0
5.143, 1, 1080, 500.471, 2973.44
5.153, 1, 1080, 501.565, 2532.93
5.163, 1, 1080, 502.454, 4022.89
5.174, 1, 1080, 503.617, 0
5.184, 1, 1080, 504.506, 605.213
5.194, 1, 1080, 505.6, 0
5.205, 1, 1080, 506.558, 2072.4
5.215, 1, 1080, 507.515, 5946.87
5.225, 1, 1080, 508.609, 97.8033
5.235, 1, 1080, 509.567, 2735.56
5.245, 1, 1080, 510.661, 0
5.256, 1, 1080, 511.55, 1799.71
5.266, 1, 1080, 512.644, 0
5.276, 1, 1080, 513.602, 3108.59
5.286, 1, 1080, 514.559, 1753.57
5.297, 1, 1080, 515.653, 0
5.307, 1, 1080, 516.611, 2011.44
5.317, 1, 1080, 517.705, 0
5.328, 1, 1080, 518.594, 5260.7
5.338, 1, 1080, 519.688, 2973.44
5.348, 1, 1080, 520.714, 2735.56
5.358, 1, 1080, 521.603, 3799.39
5.368, 1, 1080, 522.766, 0
5.379, 1, 1080, 523.587, 8548.63
5.389, 1, 1080, 524.749, 2072.4
5.399, 1, 1080, 525.638, 5699.09
5.409, 1, 1080, 526.801, 0
5.42, 1, 1080, 527.622, 4144.79
5.43, 1, 1080, 528.784, 0
5.44, 1, 1080, 529.742, 2735.56
5.451, 1, 1080, 530.699, 1367.78
5.461, 1, 1080, 531.793, 0
5.471, 1, 1080, 532.751, 1709.73
5.481, 1, 1080, 533.845, 0
5.492, 1, 1080, 534.734, 5471.12
5.502, 1, 1080, 535.828, 0
5.512, 1, 1080, 536.854, 2849.54
5.522, 1, 1080, 537.743, 3507.13
5.533, 1, 1080, 538.906, 0
5.543, 1, 1080, 539.863, 3108.59
5.553, 1, 1080, 540.821, 488.493
5.563, 1, 1080, 541.915, 0
5.574, 1, 1080, 542.872, 3108.59
5.584, 1, 1080, 543.83, 5699.09
5.594, 1, 1080, 544.65, 13026.5
5.605, 1, 1080, 545.881, 0
5.615, 1, 1080, 546.839, 690.799
5.626, 1, 1080, 547.933, 0
5.636, 1, 1080, 548.891, 424.777
5.646, 1, 1080, 549.985, 0
5.657, 1, 1080, 550.942, 0
5.667, 1, 1080, 551.831, 4274.32
5.677, 1, 1080, 552.994, 0
5.687, 1, 1080, 553.883, 2735.56
5.698, 1, 1080, 554.977, 0
5.708, 1, 1080, 555.866, 4144.79
5.718, 1, 1080, 556.96, 0
5.729, 1, 1080, 557.986, 0
5.739, 1, 1080, 559.012, 0
5.749, 1, 1080, 559.97, 0
5.759, 1, 1080, 560.859, 6217.19
5.769, 1, 1080, 562.021, 0
5.78, 1, 1080, 562.979, 3599.42
5.79, 1, 1080, 563.047, 6838.91
5.8, 1, 1080, 564.825, 6034.33
5.81, 1, 1080, 565.851, 8045.77
5.821, 1, 1080, 566.877, 3599.42
5.831, 1, 1080, 567.834, 3419.45
5.841, 1, 1080, 568.86, 0
5.851, 1, 1080, 569.818, 7598.78
5.862, 1, 1080, 0, 2.03897e+07
5.872, 1, 1080, 571.801, 2011.44
5.882, 1, 1080, 572.827, 3108.59
5.892, 1, 1080, 573.784, 2973.44
5.903, 1, 1080, 574.878, 2735.56
5.913, 1, 1080, 575.767, 2973.44
5.923, 1, 1080, 576.998, 0
5.933, 1, 1080, 577.819, 6513.24
5.944, 1, 1080, 578.982, 0
5.954, 1, 1080, 579.802, 5260.7
5.965, 1, 1080, 580.965, 0
5.975, 1, 1080, 581.854, 5260.7
5.985, 1, 1080, 582.812, 0
5.995, 1, 1080, 583.701, 10942.2
6.006, 1, 1080, 584.521, 10521.4
6.016, 1, 1080, 585.684, 13026.5
6.026, 1, 1080, 586.641, 2509.69
6.036, 1, 1080, 587.804, 7891.05
6.047, 1, 1080, 588.625, 7598.78
6.057, 1, 1080, 589.719, 11893.7
6.067, 1, 1080, 590.608, 13026.5
6.077, 1, 1080, 591.565, 7014.26
6.088, 1, 1080, 592.728, 7393.41
6.098, 1, 1080, 593.549, 11398.2
6.108, 1, 1080, 594.711, 2318.27
6.118, 1, 1080, 595.6, 2153.99
6.129, 1, 1080, 596.763, 8548.63
6.139, 1, 1080, 597.652, 10362
6.149, 1, 1080, 598.541, 18651.6
6.16, 1, 1080, 599.84, 8920.31
6.17, 1, 1080, 600.661, 10521.4
6.18, 1, 1080, 601.824, 8920.31
6.19, 1, 1080, 602.644, 7598.78
6.2, 1, 1080, 603.807, 10258.4
6.211, 1, 1080, 604.696, 10942.2
6.221, 1, 1080, 605.79, 5260.7
6.231, 1, 1080, 606.679, 12434.4
6.244, 1, 1080, 608.047, 0
6.254, 1, 1080, 608.936, 3507.13
6.264, 1, 1080, 610.03, 3108.59
6.274, 1, 1080, 610.988, 759.878
6.285, 1, 1080, 612.082, 556.009
6.295, 1, 1080, 612.971, 1103.05
6.306, 1, 1080, 614.065, 0
6.316, 1, 1080, 614.954, 2735.56
6.326, 1, 1080, 615.843, 1681.7
6.337, 1, 1080, 617.006, 2630.35
6.347, 1, 1080, 618.032, 8920.31
6.357, 1, 1080, 619.058, 2973.44
6.368, 1, 1080, 620.084, 12068.7
6.378, 1, 1080, 621.041, 1953.97
6.388, 1, 1080, 621.998, 8289.58
6.398, 1, 1080, 623.024, 3256.62
6.408, 1, 1080, 624.05, 6034.33
6.419, 1, 1080, 625.008, 1848.35
6.429, 1, 1080, 626.102, 5946.87
6.439, 1, 1080, 627.128, 0
6.449, 1, 1080, 628.017, 3419.45
6.459, 1, 1080, 628.974, 5946.87
6.47, 1, 1080, 630.137, 0
6.48, 1, 1080, 631.026, 2973.44
6.49, 1, 1080, 632.12, 2630.35
6.5, 1, 1080, 633.078, 98.4126
6.511, 1, 1080, 634.103, 4022.89
6.521, 1, 1080, 635.129, 0
6.531, 1, 1080, 636.155, 8920.31
6.542, 1, 1080, 637.112, 4412.2
6.552, 1, 1080, 638.07, 2849.54
6.562, 1, 1080, 639.164, 2072.4
6.572, 1, 1080, 640.122, 2279.64
6.582, 1, 1080, 641.079, 2206.1
6.593, 1, 1080, 642.036, 2532.93
6.603, 1, 1080, 642.857, 411.157
6.614, 1, 1080, 644.157, 2849.54
6.624, 1, 1080, 645.114, 6217.19
6.634, 1, 1080, 646.14, 11398.2
6.644, 1, 1080, 647.166, 1076.99
6.655, 1, 1080, 648.123, 2442.47
6.665, 1, 1080, 649.149, 6411.47
6.675, 1, 1080, 650.175, 2849.54
6.686, 1, 1080, 651.201, 0
6.696, 1, 1080, 652.158, 9325.78
6.706, 1, 1080, 653.184, 2735.56
6.716, 1, 1080, 654.21, 13677.8
6.727, 1, 1080, 655.167, 3599.42
6.737, 1, 1080, 656.193, 2973.44
6.747, 1, 1080, 657.219, 0
6.757, 1, 1080, 658.176, 2224.03
6.768, 1, 1080, 659.202, 2279.64
6.778, 1, 1080, 660.228, 0
6.788, 1, 1080, 661.254, 10521.4
6.798, 1, 1080, 662.28, 5946.87
6.809, 1, 1080, 663.305, 0
6.819, 1, 1080, 664.331, 7014.26
6.829, 1, 1080, 665.289, 5699.09
6.839, 1, 1080, 666.315, 14867.2
6.85, 1, 1080, 667.34, 5946.87
6.86, 1, 1080, 668.366, 14397.7
6.87, 1, 1080, 669.324, 7598.78
6.88, 1, 1080, 670.418, 6838.91
6.891, 1, 1080, 671.307, 8548.63
6.901, 1, 1080, 672.401, 9769.87
6.911, 1, 1080, 673.359, 11893.7
6.921, 1, 1080, 674.316, 1554.3
6.932, 1, 1080, 675.342, 1764.88
6.942, 1, 1080, 676.299, 1917.45
6.952, 1, 1080, 677.394, 15543
6.963, 1, 1080, 131.17, -3.45185e+06
6.973, 1, 1080, 0, 0
6.983, 1, 1080, 0, 0
6.993, 1, 1080, 0, 0
7.004, 1, 1080, 0, 0
7.014, 1, 1080, 0, 0
7.025, 1, 1080, 0, 0
7.035, 1, 1080, 0, 0
7.045, 1, 1080, 0, 0
7.056, 1, 1080, 0, 0
7.066, 1, 1080, 0, 0
7.077, 1, 1080, 0, 0
7.087, 1, 1080, 0, 0
7.097, 1, 1080, 0, 0
7.107, 1, 1080, 0, 0
7.118, 1, 1080, 0, 0
7.128, 1, 1080, 0, 0
7.138, 1, 1080, 0, 0
7.148, 1, 1080, 0, 0
7.159, 1, 1080, 0, 0
7.169, 1, 1080, 0, 0
7.179, 1, 1080, 0, 0
7.19, 1, 1080, 0, 0
7.2, 1, 1080, 0, 0
7.21, 1, 1080, 0, 0
7.22, 1, 1080, 0, 0
7.231, 1, 1080, 0, 0
7.241, 1, 1080, 0, 0
7.251, 1, 1080, 0, 0
7.261, 1, 1080, 0, 0
7.272, 1, 1080, 0, 0
7.282, 1, 1080, 0, 0
7.292, 1, 1080, 0, 0
7.302, 1, 1080, 0, 0
7.313, 1, 1080, 0, 0
7.323, 1, 1080, 0, 0
7.333, 1, 1080, 0, 0
7.343, 1, 1080, 0, 0
7.353, 1, 1080, 0, 0
7.364, 1, 1080, 0, 0
7.374, 1, 1080, 0, 0
7.384, 1, 1080, 0, 0
7.395, 1, 1080, 0, 0
7.405, 1, 1080, 0, 0
7.415, 1, 1080, 0, 0
7.425, 1, 1080, 0, 0
7.436, 1, 1080, 0, 0
7.446, 1, 1080, 0, 0
7.456, 1, 1080, 0, 0
7.466, 1, 1080, 0, 0
7.477, 1, 1080, 0, 0
7.487, 1, 1080, 0, 0
7.497, 1, 1080, 0, 0
7.508, 1, 1080, 0, 0
7.518, 1, 1080, 0, 0
7.528, 1, 1080, 0, 0
7.538, 1, 1080, 0, 0
7.549, 1, 1080, 0, 0
7.559, 1, 1080, 0, 0
7.569, 1, 1080, 0, 0
7.579, 1, 1080, 0, 0
7.59, 1, 1080, 0, 0
7.6, 1, 1080, 0, 0
7.61, 1, 1080, 0, 0
7.621, 1, 1080, 0, 0
7.631, 1, 1080, 0, 0
7.641, 1, 1080, 0, 0
7.652, 1, 1080, 0, 0
7.662, 1, 1080, 0, 0
7.672, 1, 1080, 0, 0
7.682, 1, 1080, 0, 0
7.693, 1, 1080, 0, 0
7.703, 1, 1080, 0, 0
7.714, 1, 1080, 0, 0
7.725, 1, 1080, 0, 0
7.735, 1, 1080, 0, 0
7.745, 1, 1080, 0, 0
7.755, 1, 1080, 0, 0
7.765, 1, 1080, 0, 0
7.776, 1, 1080, 5.81307, 2.5076e+07
7.786, 1, 1080, 758.982, 1799.71
7.796, 1, 1080, 759.939, 0
7.806, 1, 1080, 760.828, 2011.44
7.817, 1, 1080, 761.786, 0
7.827, 1, 1080, 762.675, 0
7.837, 1, 1080, 763.564, 0
7.848, 1, 1080, 764.453, 514.203
7.858, 1, 1080, 765.41, 0
7.868, 1, 1080, 766.299, 1848.35
7.879, 1, 1080, 767.257, 0
7.889, 1, 1080, 768.146, 0
7.899, 1, 1080, 769.035, 0
7.909, 1, 1080, 769.924, 0
7.92, 1, 1080, 770.813, 0
7.93, 1, 1080, 771.702, 0
7.94, 1, 1080, 772.591, 0
7.95, 1, 1080, 773.48, 87.4338
7.961, 1, 1080, 774.369, 0
7.971, 1, 1080, 775.19, 2206.1
7.981, 1, 1080, 776.079, 3108.59
7.991, 1, 1080, 777.036, 0
8.002, 1, 1080, 777.857, 0
8.012, 1, 1080, 778.746, 0
8.022, 1, 1080, 779.635, 0
8.033, 1, 1080, 780.524, 0
8.043, 1, 1080, 781.413, 0
8.053, 1, 1080, 782.302, 0
8.064, 1, 1080, 783.191, 0
8.074, 1, 1080, 784.081, 0
8.084, 1, 1080, 784.97, 0
8.095, 1, 1080, 785.859, 0
8.105, 1, 1080, 786.679, 1668.03
8.115, 1, 1080, 787.568, 0
8.125, 1, 1080, 788.457, 0
8.136, 1, 1080, 789.347, 0
8.146, 1, 1080, 790.236, 0
8.156, 1, 1080, 791.125, 0
8.166, 1, 1080, 791.945, 0
8.176, 1, 1080, 792.834, 0
8.187, 1, 1080, 0, 0
8.197, 1, 1080, 794.612, 0
8.207, 1, 1080, 795.433, 0
8.217, 1, 1080, 796.322, 0
8.227, 1, 1080, 797.211, 0
8.238, 1, 1080, 798.032, 352.521
8.248, 1, 1080, 798.784, 4559.27
8.259, 1, 1080, 799.878, 0
8.269, 1, 1080, 800.836, 0
8.28, 1, 1080, 801.725, 0
8.29, 1, 1080, 802.614, 0
8.3, 1, 1080, 803.435, 0
8.31, 1, 1080, 804.392, 0
8.321, 1, 1080, 805.213, 0
8.331, 1, 1080, 806.102, 0
8.341, 1, 1080, 806.922, 0
8.351, 1, 1080, 807.812, 0
8.361, 1, 1080, 808.701, 0
8.372, 1, 1080, 809.59, 0
8.382, 1, 1080, 810.479, 0
8.393, 1, 1080, 811.299, 0
8.403, 1, 1080, 812.188, 0
8.413, 1, 1080, 813.078, 2011.44
8.423, 1, 1080, 813.967, 0
8.433, 1, 1080, 814.856, 0
8.444, 1, 1080, 815.745, 0
8.454, 1, 1080, 816.565, 0
8.464, 1, 1080, 817.454, 0
8.474, 1, 1080, 818.343, 0
8.485, 1, 1080, 819.233, 0
8.495, 1, 1080, 820.122, 0
8.505, 1, 1080, 820.942, 0
8.515, 1, 1080, 821.9, 0
8.526, 1, 1080, 822.72, 0
8.536, 1, 1080, 823.609, 0
8.546, 1, 1080, 824.498, 0
8.556, 1, 1080, 825.388, 0
8.566, 1, 1080, 826.277, 0
8.577, 1, 1080, 827.097, 2735.56
8.587, 1, 1080, 827.986, 0
8.597, 1, 1080, 828.807, 0
8.607, 1, 1080, 829.628, 1953.97
8.618, 1, 1080, 830.448, 6513.24
8.628, 1, 1080, 831.474, 0
8.638, 1, 1080, 832.363, 0
8.648, 1, 1080, 833.252, 0
8.659, 1, 1080, 834.073, 0
8.67, 1, 1080, 835.03, 2532.93
8.68, 1, 1080, 835.919, 0
8.69, 1, 1080, 836.809, 0
8.7, 1, 1080, 837.766, 0
8.711, 1, 1080, 838.587, 0
8.721, 1, 1080, 839.407, 1799.71
8.731, 1, 1080, 840.296, 0
8.741, 1, 1080, 841.185, 0
8.752, 1, 1080, 842.006, 85.5883
8.762, 1, 1080, 842.964, 0
8.772, 1, 1080, 843.853, 0
8.782, 1, 1080, 844.742, 0
8.793, 1, 1080, 845.562, 0
8.803, 1, 1080, 846.383, 2358.24
8.813, 1, 1080, 847.34, 0
8.823, 1, 1080, 848.229, 0
8.834, 1, 1080, 849.05, 2011.44
8.844, 1, 1080, 850.008, 0
8.854, 1, 1080, 850.897, 0
8.864, 1, 1080, 851.786, 0
8.875, 1, 1080, 852.606, 0
8.885, 1, 1080, 853.495, 0
8.895, 1, 1080, 854.384, 0
8.905, 1, 1080, 855.274, 0
8.915, 1, 1080, 856.163, 0
8.926, 1, 1080, 856.983, 0
8.936, 1, 1080, 857.804, 1709.73
8.946, 1, 1080, 858.761, 0
8.957, 1, 1080, 859.65, 0
8.967, 1, 1080, 860.54, 0
8.977, 1, 1080, 861.36, 2849.54
8.987, 1, 1080, 862.249, 0
8.998, 1, 1080, 863.207, 0
9.008, 1, 1080, 864.027, 0
9.018, 1, 1080, 864.916, 0
9.029, 1, 1080, 865.805, 0
9.039, 1, 1080, 866.695, 0
9.049, 1, 1080, 867.584, 0
9.059, 1, 1080, 868.473, 0
9.07, 1, 1080, 869.293, 85.0851
9.081, 1, 1080, 870.182, 0
9.091, 1, 1080, 871.071, 2630.35
9.101, 1, 1080, 872.029, 0
9.111, 1, 1080, 872.85, 0
9.122, 1, 1080, 873.739, 0
9.132, 1, 1080, 874.628, 0
9.142, 1, 1080, 875.517, 0
9.152, 1, 1080, 876.406, 0
9.163, 1, 1080, 877.295, 0
9.173, 1, 1080, 878.116, 0
9.183, 1, 1080, 879.073, 0
9.193, 1, 1080, 879.552, 2242.26
9.204, 1, 1080, 880.714, 2630.35
9.214, 1, 1080, 881.672, 0
9.224, 1, 1080, 882.629, 0
9.235, 1, 1080, 883.45, 0
9.245, 1, 1080, 884.339, 0
9.255, 1, 1080, 885.091, 5065.86
9.265, 1, 1080, 886.117, 0
9.275, 1, 1080, 887.006, 0
9.286, 1, 1080, 887.895, 0
9.296, 1, 1080, 888.716, 0
9.306, 1, 1080, 889.536, 1709.73
9.316, 1, 1080, 890.494, 0
9.327, 1, 1080, 891.315, 2011.44
9.337, 1, 1080, 892.204, 492.008
9.347, 1, 1080, 892.888, 1668.03
9.358, 1, 1080, 893.435, 8289.58
9.368, 1, 1080, 894.529, 11398.2
9.378, 1, 1080, 895.555, 8045.77
9.389, 1, 1080, 896.307, 7815.89
9.399, 1, 1080, 897.128, 8548.63
9.409, 1, 1080, 898.29, 5471.12
9.419, 1, 1080, 899.111, 5399.14
9.43, 1, 1080, 900.137, 2011.44
9.44, 1, 1080, 900.889, 5260.7
9.45, 1, 1080, 901.915, 0
9.46, 1, 1080, 902.667, 8548.63
9.471, 1, 1080, 903.419, 7598.78
9.481, 1, 1080, 904.514, 2735.56
9.491, 1, 1080, 905.334, 3907.95
9.501, 1, 1080, 906.018, 1321.53
9.512, 1, 1080, 906.771, 5260.7
9.522, 1, 1080, 907.591, 7198.85
9.532, 1, 1080, 908.754, 5861.92
9.543, 1, 1080, 909.233, 10521.4
9.553, 1, 1080, 910.122, 9432.97
9.563, 1, 1080, 911.147, 8548.63
9.573, 1, 1080, 912.173, 6034.33
9.583, 1, 1080, 913.062, 6034.33
9.594, 1, 1080, 913.815, 11398.2
9.605, 1, 1080, 914.84, 1228.55
9.615, 1, 1080, 915.935, 0
9.626, 1, 1080, 916.687, 3477.41
9.636, 1, 1080, 917.713, 1799.71
9.646, 1, 1080, 918.465, 6217.19
9.657, 1, 1080, 919.491, 2137.16
9.667, 1, 1080, 920.243, 8206.69
9.677, 1, 1080, 921.269, 2072.4
9.687, 1, 1080, 922.021, 4022.89
9.698, 1, 1080, 923.047, 0
9.708, 1, 1080, 923.799, 3907.95
9.718, 1, 1080, 924.552, 2041.46
9.728, 1, 1080, 925.372, 560.566
9.739, 1, 1080, 926.398, 4559.27
9.749, 1, 1080, 927.219, 7393.41
9.759, 1, 1080, 928.176, 5699.09
9.77, 1, 1080, 928.997, 5861.92
9.78, 1, 1080, 930.023, 1179.12
9.79, 1, 1080, 930.98, 0
9.801, 1, 1080, 930.98, -3.72392e+07
9.811, 1, 1080, 0, 0
9.821, 1, 1080, 0, 581307
9.831, 1, 1080, 934.4, 2973.44
9.841, 1, 1080, 935.152, 8206.69
9.852, 1, 1080, 936.109, 5260.7
9.862, 1, 1080, 936.862, 8548.63
9.873, 1, 1080, 937.888, 1953.97
9.883, 1, 1080, 938.708, 3799.39
9.893, 1, 1080, 939.46, 7074.73
9.903, 1, 1080, 940.623, 0
9.914, 1, 1080, 941.307, 5471.12
9.924, 1, 1080, 942.059, 3599.42
9.934, 1, 1080, 943.153, 2735.56
9.944, 1, 1080, 943.974, 5699.09
9.955, 1, 1080, 944.726, 6838.91
9.965, 1, 1080, 945.821, 2973.44
9.975, 1, 1080, 946.641, 1953.97
9.985, 1, 1080, 947.462, 3696.71
9.996, 1, 1080, 948.419, 2735.56
10.006, 1, 1080, 949.172, 5545.06
10.016, 1, 1080, 949.992, 11893.7
10.026, 1, 1080, 951.087, 2735.56
10.037, 1, 1080, 951.634, 7598.78
10.047, 1, 1080, 952.66, 5946.87
10.057, 1, 1080, 953.412, 13151.7
10.068, 1, 1080, 954.574, 2735.56
10.078, 1, 1080, 955.464, 0
10.088, 1, 1080, 956.216, 3507.13
10.098, 1, 1080, 957.173, 2849.54
10.108, 1, 1080, 957.994, 1848.35
10.119, 1, 1080, 958.746, 7327.4
10.129, 1, 1080, 959.088, 5260.7
10.14, 1, 1080, 959.977, 1799.71
10.15, 1, 1080, 961.55, 8206.69
10.16, 1, 1080, 962.439, 605.213
10.17, 1, 1080, 963.328, 0
10.181, 1, 1080, 964.217, 2630.35
10.191, 1, 1080, 965.038, 1899.7
10.201, 1, 1080, 965.927, 5861.92
10.212, 1, 1080, 966.816, 1899.7
10.222, 1, 1080, 967.705, 5699.09
10.232, 1, 1080, 968.594, 2735.56
10.242, 1, 1080, 969.415, 1753.57
10.253, 1, 1080, 970.372, 5471.12
10.263, 1, 1080, 971.261, 0
10.273, 1, 1080, 972.014, 3799.39
10.283, 1, 1080, 972.971, 6618.3
10.294, 1, 1080, 973.86, 2735.56
10.304, 1, 1080, 974.749, 5260.7
10.314, 1, 1080, 975.707, 10258.4
10.325, 1, 1080, 976.527, 3799.39
10.335, 1, 1080, 977.416, 1668.03
10.345, 1, 1080, 978.237, 1991.91
10.355, 1, 1080, 979.126, 1402.85
10.366, 1, 1080, 980.015, 6513.24
10.376, 1, 1080, 980.904, 11398.2
10.386, 1, 1080, 981.725, 7598.78
10.397, 1, 1080, 982.614, 2630.35
10.407, 1, 1080, 983.435, 6034.33
10.417, 1, 1080, 984.324, 9325.78
10.427, 1, 1080, 985.281, 6034.33
10.437, 1, 1080, 986.239, 5399.14
10.448, 1, 1080, 986.991, 3062.2
10.458, 1, 1080, 987.812, 5471.12
10.468, 1, 1080, 988.769, 7393.41
10.479, 1, 1080, 989.59, 6513.24
10.489, 1, 1080, 990.547, 8548.63
10.499, 1, 1080, 991.368, 6838.91
10.509, 1, 1080, 992.188, 7074.73
10.52, 1, 1080, 993.146, 5399.14
10.53, 1, 1080, 993.967, 5861.92
10.54, 1, 1080, 994.856, 1899.7
10.55, 1, 1080, 995.745, 9118.54
10.561, 1, 1080, 996.565, 9432.97
10.571, 1, 1080, 997.591, 6838.91
10.581, 1, 1080, 998.343, 12434.4
10.591, 1, 1080, 999.369, 11893.7
10.602, 1, 1080, 1000.12, 8289.58
10.612, 1, 1080, 1000.94, 6411.47
10.622, 1, 1080, 1001.97, 6034.33
10.632, 1, 1080, 1002.72, 8548.63
10.643, 1, 1080, 1003.75, 8548.63
10.653, 1, 1080, 1004.5, 9118.54
10.663, 1, 1080, 1005.52, 8920.31
10.673, 1, 1080, 1006.28, 5545.06
10.684, 1, 1080, 1007.23, 8045.77
10.694, 1, 1080, 1008.05, 11398.2
10.704, 1, 1080, 1009.08, 7891.05
10.714, 1, 1080, 1009.83, 6618.3
10.724, 1, 1080, 1010.65, 3507.13
10.735, 1, 1080, 1011.54, 7815.89
10.745, 1, 1080, 1012.57, 11893.7
10.755, 1, 1080, 1013.32, 3309.15
10.765, 1, 1080, 1014.28, 13026.5
10.776, 1, 1080, 1015.03, 994.75
10.786, 1, 1080, 1015.99, 1536.83
10.797, 1, 1080, 1016.74, 2532.93
10.807, 1, 1080, 1017.77, 9769.87
10.817, 1, 1080, 1018.59, 9325.78
10.827, 1, 1080, 1019.54, 10521.4
10.838, 1, 1080, 1020.3, 12434.4
10.848, 1, 1080, 1021.05, 9325.78
10.858, 1, 1080, 1022.01, 5699.09
10.869, 1, 1080, 1023.03, 13026.5
10.879, 1, 1080, 1023.78, 11398.2
10.889, 1, 1080, 1024.54, 8206.69
10.9, 1, 1080, 1025.49, 8045.77
10.91, 1, 1080, 1026.25, 7198.85
10.92, 1, 1080, 1027.27, 6034.33
10.93, 1, 1080, 1027.96, 13677.8
10.941, 1, 1080, 1028.71, 7014.26
10.951, 1, 1080, 1029.8, 5699.09
10.961, 1, 1080, 1030.49, 2713.85
10.971, 1, 1080, 1031.51, 8289.58
10.982, 1, 1080, 1032.33, 8206.69
10.992, 1, 1080, 1033.22, 13677.8
11.002, 1, 1080, 1033.97, 7815.89
11.012, 1, 1080, 1034.73, 10942.2
11.023, 1, 1080, 1035.48, 5699.09
11.033, 1, 1080, 1036.57, 8548.63
11.043, 1, 1080, 1037.26, 10942.2
11.053, 1, 1080, 1038.35, 8045.77
11.063, 1, 1080, 1039.03, 10521.4
11.074, 1, 1080, 1039.79, 9769.87
11.084, 1, 1080, 1040.81, 9325.78
11.094, 1, 1080, 1041.5, 6034.33
11.105, 1, 1080, 1042.45, 2153.99
11.115, 1, 1080, 1043.21, 12434.4
11.125, 1, 1080, 1044.16, 7598.78
11.135, 1, 1080, 1044.92, 7014.26
11.146, 1, 1080, 1045.87, 11398.2
11.156, 1, 1080, 1046.63, 12434.4
11.166, 1, 1080, 1047.65, 5545.06
11.176, 1, 1080, 1048.34, 5699.09
11.187, 1, 1080, 1049.29, 7198.85
11.197, 1, 1080, 1050.05, 10942.2
11.207, 1, 1080, 1050.73, 10131.7
11.217, 1, 1080, 1051.82, 9325.78
11.228, 1, 1080, 1052.51, 7815.89
11.238, 1, 1080, 1053.47, 10258.4
11.248, 1, 1080, 1054.15, 13026.5
11.258, 1, 1080, 1055.11, 10521.4
11.268, 1, 1080, 1055.86, 5129.18
11.279, 1, 1080, 1056.82, 8920.31
11.289, 1, 1080, 1057.5, 3377.24
11.299, 1, 1080, 1058.46, 7598.78
11.309, 1, 1080, 1059.21, 13026.5
11.32, 1, 1080, 1060.17, 6672.1
11.33, 1, 1080, 1060.92, 5861.92
11.34, 1, 1080, 1061.88, 5699.09
11.35, 1, 1080, 1062.83, 8548.63
11.361, 1, 1080, 1063.52, 7815.89
11.371, 1, 1080, 1064.27, 5004.08
11.381, 1, 1080, 1065.16, 14867.2
11.391, 1, 1080, 1065.98, 2260.8
11.402, 1, 1080, 1066.94, 7393.41
11.412, 1, 1080, 1067.69, 6034.33
11.422, 1, 1080, 1068.65, 8289.58
11.432, 1, 1080, 1069.33, 7598.78
11.443, 1, 1080, 1070.36, 5861.92
11.453, 1, 1080, 1071.11, 5699.09
11.463, 1, 1080, 1072, 10521.4
11.473, 1, 1080, 1072.75, 7598.78
11.483, 1, 1080, 1073.71, 10258.4
11.494, 1, 1080, 1074.46, 8289.58
11.504, 1, 1080, 1075.21, 6838.91
11.514, 1, 1080, 1076.24, 11893.7
11.524, 1, 1080, 1076.99, 11398.2
11.535, 1, 1080, 1078.02, 8920.31
11.545, 0.791474, 1080, 1078.63, 10942.2
11.555, 0.433457, 1080, 1079.38, 7393.41
11.565, 0.0394529, 1080, 1080.41, 8206.69
11.576, 0.366353, 1080, 1080.96, 3907.95
11.586, 0.654696, 1080, 1081.37, 1899.7
11.596, 0.75728, 1080, 1081.44, 0
11.606, 0.791474, 1080, 1081.57, 0
11.617, 0.791474, 1080, 1081.57, -2973.44
11.627, 0.75728, 1080, 1081.44, 0
11.638, 0.688891, 1080, 1081.3, 0
11.648, 0.620502, 1080, 1081.16, -3256.62
11.658, 0.517918, 1080, 1081.03, 0
11.668, 0.467652, 1080, 1080.82, 0
11.679, 0.423199, 1080, 1080.75, 0
11.689, 0.410547, 1080, 1080.62, 0
11.7, 0.366778, 1080, 1080.55, 0
11.71, 0.385927, 1080, 1080.55, 0
11.721, 0.367462, 1080, 1080.48, 0
11.731, 0.384217, 1080, 1080.48, 0
11.741, 0.398579, 1080, 1080.48, 0
11.751, 0.415334, 1080, 1080.48, 0
11.762, 0.429696, 1080, 1080.48, 0
11.772, 0.446451, 1080, 1080.48, 0
11.782, 0.425593, 1080, 1080.41, 0
11.792, 0.439954, 1080, 1080.41, 0
11.803, 0.452264, 1080, 1080.41, 0
11.813, 0.466626, 1080, 1080.41, 0
11.824, 0.478936, 1080, 1080.41, 0
11.834, 0.493298, 1080, 1080.41, 0
11.844, 0.505608, 1080, 1080.41, 0
11.854, 0.51997, 1080, 1080.41, -1753.57
11.865, 0.496375, 1080, 1080.34, 0
11.875, 0.508343, 1080, 1080.34, 0
11.885, 0.518602, 1080, 1080.27, 0
11.895, 0.494324, 1080, 1080.27, 0
11.906, 0.46731, 1080, 1080.21, 0
11.916, 0.474491, 1080, 1080.21, 0
11.926, 0.445426, 1080, 1080.14, 0
11.936, 0.450213, 1080, 1080.07, 0
11.946, 0.41807, 1080, 1080.07, -3108.59
11.957, 0.384217, 1080, 1080, 0
11.967, 0.348655, 1080, 1079.93, 0
11.977, 0.346603, 1080, 1079.93, 3.59977e+08
11.987, 0.0409043, 1080, 1079.93, 0
11.998, 0.0432979, 1080, 1079.93, 0
12.008, 0.0453495, 1080, 1079.93, 0
12.018, 0.0477432, 1080, 1079.93, 0
12.028, 0.0497948, 1080, 1079.93, 0
12.039, 0.0521884, 1080, 1079.93, 0
12.049, 0.0542401, 1080, 1079.93, 0
12.059, 0.0562918, 1080, 1079.93, 0
12.069, 0.0586854, 1080, 1079.93, 0
12.08, 0.061079, 1080, 1079.93, 0
12.09, 0.0631307, 1080, 1079.93, 0
12.1, 0.0651824, 1080, 1079.93, 0
12.11, 0.067234, 1080, 1079.93, 0
12.121, 0.0696277, 1080, 1079.93, 0
12.131, 0.0716793, 1080, 1079.93, 0
12.141, 0.0740729, 1080, 1079.93, 0
12.151, 0.0761246, 1080, 1079.93, 0
12.162, 0.0785182, 1080, 1079.93, 0
12.172, 0.0805699, 1080, 1079.93, 0
12.182, 0.0829635, 1080, 1079.93, 0
12.192, 0.0850152, 1080, 1079.93, 0
12.203, 0.0874088, 1080, 1079.93, 0
12.213, 0.0894605, 1080, 1079.93, 0
12.223, 0.0918541, 1080, 1079.93, 0
12.233, 0.0939058, 1080, 1079.93, 0
12.244, 0.0962994, 1080, 1079.93, 0
12.254, 0.0983511, 1080, 1079.93, 0
12.264, 0.100745, 1080, 1079.93, 0
12.274, 0.102796, 1080, 1079.93, 0
12.285, 0.10519, 1080, 1079.93, 0
12.295, 0.107242, 1080, 1079.93, 0
12.305, 0.109635, 1080, 1079.93, 0
12.315, 0.111687, 1080, 1079.93, 0
12.326, 0.114081, 1080, 1079.93, 0
12.336, 0.116132, 1080, 1079.93, 0
12.347, 0.118526, 1080, 1079.93, 0
12.357, 0.120919, 1080, 1079.93, 0
12.367, 0.122971, 1080, 1079.93, 0
12.378, 0.125365, 1080, 1079.93, 0
12.388, 0.127416, 1080, 1079.93, 0
12.398, 0.12981, 1080, 1079.93, 0
12.408, 0.131862, 1080, 1079.93, 0
12.419, 0.133913, 1080, 1079.93, 0
12.429, 0.136307, 1080, 1079.93, 0
12.439, 0.138701, 1080, 1079.93, 0
12.449, 0.140752, 1080, 1079.93, 0
12.46, 0.142804, 1080, 1079.93, 0
12.47, 0.145198, 1080, 1079.93, 0
12.48, 0.147249, 1080, 1079.93, 0
12.49, 0.149643, 1080, 1079.93, 0
12.501, 0.151695, 1080, 1079.93, 0
12.511, 0.154088, 1080, 1079.93, 0
12.521, 0.15614, 1080, 1079.93, 0
12.531, 0.158533, 1080, 1079.93, 0
12.542, 0.160585, 1080, 1079.93, 0
12.552, 0.162979, 1080, 1079.93, 0
12.562, 0.16503, 1080, 1079.93, 0
12.572, 0.167424, 1080, 1079.93, 0
12.583, 0.169476, 1080, 1079.93, 0
12.593, 0.171869, 1080, 1079.93, 0
12.603, 0.173921, 1080, 1079.93, 0
12.614, 0.176315, 1080, 1079.93, 0
12.624, 0.178366, 1080, 1079.93, 0
12.634, 0.18076, 1080, 1079.93, 0
12.645, 0.182812, 1080, 1079.93, 0
12.655, 0.185205, 1080, 1079.93, 0
12.665, 0.187257, 1080, 1079.93, 0
12.675, 0.18965, 1080, 1079.93, 0
12.685, 0.191702, 1080, 1079.93, 0
12.696, 0.194096, 1080, 1079.93, 0
12.706, 0.196147, 1080, 1079.93, 0
12.717, 0.198541, 1080, 1079.93, 0
12.727, 0.200593, 1080, 1079.93, 0
12.737, 0.202644, 1080, 1079.93, 0
12.747, 0.205038, 1080, 1079.93, 0
12.758, 0.20709, 1080, 1079.93, 0
12.768, 0.209483, 1080, 1079.93, 0
12.778, 0.211535, 1080, 1079.93, 0
12.789, 0.214271, 1080, 1079.93, 0
12.799, 0.21598, 1080, 1079.93, 0
12.809, 0.218716, 1080, 1079.93, 0
12.819, 0.220426, 1080, 1079.93, 0
12.83, 0.223161, 1080, 1079.93, 0
12.84, 0.224871, 1080, 1079.93, 0
12.85, 0.227606, 1080, 1079.93, 0
12.861, 0.229316, 1080, 1079.93, 0
12.871, 0.231368, 1080, 1079.93, 0
12.881, 0.233761, 1080, 1079.93, 0
12.891, 0.235813, 1080, 1079.93, 0
12.902, 0.238207, 1080, 1079.93, 0
12.912, 0.240258, 1080, 1079.93, 0
12.922, 0.242994, 1080, 1079.93, 0
12.933, 0.244704, 1080, 1079.93, 0
12.943, 0.247439, 1080, 1079.93, 0
12.953, 0.249149, 1080, 1079.93, 0
12.964, 0.251884, 1080, 1079.93, 0
12.974, 0.253594, 1080, 1079.93, 0
12.984, 0.25633, 1080, 1079.93, 0
12.994, 0.258381, 1080, 1079.93, 0
13.005, 0.260775, 1080, 1079.93, 0
13.015, 0.262827, 1080, 1079.93, 0
13.025, 0.26522, 1080, 1079.93, 0
13.035, 0.267272, 1080, 1079.93, 0
13.046, 0.268982, 1080, 1079.93, 0
13.056, 0.271717, 1080, 1079.93, 0
13.066, 0.274111, 1080, 1079.93, 0
13.076, 0.276163, 1080, 1079.93, 0
13.086, 0.278556, 1080, 1079.93, 0
13.097, 0.280608, 1080, 1079.93, 0
13.107, 0.282318, 1080, 1079.93, 0
13.118, 0.285053, 1080, 1079.93, 0
13.128, 0.287105, 1080, 1079.93, 0
13.138, 0.289498, 1080, 1079.93, 0
13.148, 0.29155, 1080, 1079.93, 0
13.159, 0.293944, 1080, 1079.93, 0
13.169, 0.295995, 1080, 1079.93, 0
13.179, 0.298389, 1080, 1079.93, 0
13.189, 0.300441, 1080, 1079.93, 0
13.199, 0.302834, 1080, 1079.93, 0
13.21, 0.304886, 1080, 1079.93, 0
13.22, 0.306938, 1080, 1079.93, 0
13.23, 0.309331, 1080, 1079.93, 0
13.241, 0.311383, 1080, 1079.93, 0
13.251, 0.313777, 1080, 1079.93, 0
13.261, 0.315828, 1080, 0.0683891, 4.31945e+07
13.272, 0.0305623, 1080, 1079.93, 0
13.282, 0.032614, 1080, 1079.93, 0
13.292, 0.0346657, 1080, 1079.93, 0
13.302, 0.0370593, 1080, 1079.86, 0
13.313, 0.109894, 1080, 1079.79, 0
13.323, 0.117074, 1080, 1079.79, 0
13.333, 0.123229, 1080, 1079.79, 0
13.344, 0.13041, 1080, 1079.79, 0
13.354, 0.136565, 1080, 1079.79, 0
13.364, 0.143746, 1080, 1079.79, 0
13.375, 0.149901, 1080, 1079.79, 0
13.385, 0.157082, 1080, 1079.79, 0
13.396, 0.163237, 1080, 1079.79, 0
13.406, 0.169392, 1080, 1079.79, 0
13.416, 0.176573, 1080, 1079.79, 0
13.426, 0.182728, 1080, 1079.79, 0
13.437, 0.189909, 1080, 1079.79, 0
13.447, 0.196064, 1080, 1079.79, 0
13.458, 0.203245, 1080, 1079.79, 0
13.468, 0.2094, 1080, 1079.79, 0
13.478, 0.216581, 1080, 1079.79, 0
13.488, 0.222736, 1080, 1079.79, 0
13.499, 0.229916, 1080, 1079.79, 0
13.509, 0.236071, 1080, 1079.79, 0
13.519, 0.243252, 1080, 1079.79, 0
13.529, 0.249407, 1080, 1079.79, 0
13.54, 0.255562, 1080, 1079.79, 0
13.55, 0.262743, 1080, 1079.79, 0
13.56, 0.268898, 1080, 1079.79, 0
13.571, 0.276079, 1080, 1079.79, 0
13.581, 0.28326, 1080, 1079.79, 0
13.592, 0.289415, 1080, 1079.79, 0
13.602, 0.29557, 1080, 1079.79, 0
13.612, 0.302751, 1080, 1079.79, 0
13.622, 0.308906, 1080, 1079.79, 0
13.633, 0.280866, 1080, 1079.86, 0
13.643, 0.28497, 1080, 1079.86, 0
13.653, 0.289757, 1080, 1079.86, 0
13.663, 0.29386, 1080, 1079.86, 0
13.674, 0.297964, 1080, 1079.86, 0
13.684, 0.302751, 1080, 1079.86, 0
13.694, 0.306854, 1080, 1079.86, 0
13.705, 0.311641, 1080, 1079.86, 0
13.715, 0.315745, 1080, 1079.86, 0
13.725, 0.320532, 1080, 1079.86, 0
13.735, 0.324635, 1080, 1079.86, 0
13.746, 0.329422, 1080, 1079.86, 0
13.756, 0.333526, 1080, 1079.86, 0
13.766, 0.338313, 1080, 1079.86, 0
13.776, 0.342416, 1080, 1079.86, 0
13.787, 0.347204, 1080, 0, 0
13.797, 1, 1080, 0, 0
13.807, 1, 1080, 0, 0
13.818, 1, 1080, 0, 0
13.828, 0.0768085, 1080, 1079.86, 0
13.838, 0.0460334, 1080, 1079.93, 5946.87
13.848, 0.199825, 1080, 1080.48, 7598.78
13.858, 0.517918, 1080, 1081.03, 11893.7
13.869, 0.791474, 1080, 1081.64, 1799.71
13.879, 0.928252, 1080, 1081.85, 0
13.889, 0.962447, 1080, 1081.91, 0
13.9, 0.962447, 1080, 1081.91, 0
13.91, 0.928252, 1080, 1081.85, 0
13.92, 0.894058, 1080, 1081.78, -190.499
13.931, 0.791474, 1080, 1081.57, -1899.7
13.941, 0.654696, 1080, 1081.3, -2442.47
13.951, 0.552112, 1080, 1081.03, 0
13.962, 0.436193, 1080, 1080.75, -3419.45
13.972, 0.315486, 1080, 1080.55, -3108.59
13.982, 0.230684, 1080, 1080.34, -1455.09
13.992, 0.168792, 1080, 1080.21, 0
14.003, 0.141094, 1080, 1080.14, 0
14.013, 0.109635, 1080, 1080.07, 0
14.023, 0.0764666, 1080, 1080, 0
14.033, 0.0764666, 1080, 1080, 0
14.044, 0.0764666, 1080, 1080, 0
14.054, 0.0764666, 1080, 1080, 0
14.064, 0.0764666, 1080, 1080, 0
14.075, 0.0764666, 1080, 1080, 0
14.085, 0.0764666, 1080, 1080, 0
14.095, 0.0764666, 1080, 1080, 0
14.105, 0.0764666, 1080, 1080, 0
14.116, 0.0764666, 1080, 1080, 0
14.126, 0.0764666, 1080, 1080, 0
14.137, 0.0764666, 1080, 1080, 0
14.147, 0.0764666, 1080, 1080, 0
14.158, 0.0764666, 1080, 1080, 0
14.168, 0.0764666, 1080, 1080, 0
14.18, 0.0764666, 1080, 1080, 0
14.191, 0.0764666, 1080, 1080, 0
14.201, 0.0764666, 1080, 1080, 0
14.211, 0.0764666, 1080, 1080, 0
14.221, 0.0764666, 1080, 1080, 0
14.232, 0.0764666, 1080, 1080, 0
14.242, 0.0764666, 1080, 1080, 0
14.252, 0.0764666, 1080, 1080, 0
14.262, 0.0764666, 1080, 1080, 0
14.273, 0.0764666, 1080, 1080, 0
14.283, 0.0764666, 1080, 1080, 0
14.293, 0.0764666, 1080, 1080, 0
14.303, 0.0764666, 1080, 1080, 0
14.313, 0.0764666, 1080, 1080, 0
14.324, 0.0764666, 1080, 1080, 0
14.334, 0.0764666, 1080, 1080, 0
14.344, 0.0764666, 1080, 1080, 0
14.354, 0.0764666, 1080, 1080, 0
14.365, 0.0764666, 1080, 1080, 0
14.375, 0.0764666, 1080, 1080, 0
14.385, 0.0764666, 1080, 1080, 0
14.395, 0.0764666, 1080, 1080, 0
14.406, 0.0764666, 1080, 1080, 0
14.416, 0.0764666, 1080, 1080, 0
14.426, 0.0764666, 1080, 1080, 0
14.437, 0.0764666, 1080, 1080, 0
14.447, 0.0764666, 1080, 1080, 0
14.457, 0.0764666, 1080, 1080, 0
14.467, 0.0764666, 1080, 1080, 0
14.477, 0.0764666, 1080, 1080, 0
14.488, 0.0764666, 1080, 1080, 0
14.498, 0.0764666, 1080, 1080, 0
14.508, 0.0764666, 1080, 1080, 0
14.518, 0.0764666, 1080, 1080, 0
14.529, 0.0764666, 1080, 1080, 0
14.539, 0.0764666, 1080, 1080, 0
14.55, 0.0764666, 1080, 1080, 0
14.56, 0.0764666, 1080, 1080, 0
14.571, 0.0764666, 1080, 1080, 0
14.581, 0.0764666, 1080, 1080, 0
14.591, 0.0764666, 1080, 1080, 0
14.602, 0.0764666, 1080, 1080, 0
14.612, 0.0764666, 1080, 1080, 0
14.622, 0.0764666, 1080, 1080, 0
14.632, 0.0764666, 1080, 1080, 0
14.643, 0.0764666, 1080, 1080, 0
14.653, 0.0764666, 1080, 1080, 0
14.663, 0.0764666, 1080, 1080, 0
14.674, 0.0764666, 1080, 1080, 0
14.684, 0.0764666, 1080, 1080, 0
14.694, 0.0764666, 1080, 1080, 0
14.704, 0.0764666, 1080, 1080, 0
14.714, 0.0764666, 1080, 1080, 0
14.725, 0.0764666, 1080, 1080, 0
14.735, 0.0764666, 1080, 1080, 0
14.746, 0.0764666, 1080, 1080, 0
14.756, 0.0764666, 1080, 1080, 0
14.766, 0.0764666, 1080, 1080, 0
14.776, 0.0764666, 1080, 1080, 0
14.787, 0.0764666, 1080, 1080, 0
14.797, 0.0764666, 1080, 1080, 0
14.808, 0.0764666, 1080, 1080, 0
14.818, 0.0764666, 1080, 1080, 0
14.828, 0.0764666, 1080, 1080, 0
14.839, 0.0764666, 1080, 1080, 0
14.849, 0.0764666, 1080, 1080, 0
14.859, 0.0764666, 1080, 1080, 0
14.875, 0.0764666, 1080, 1080, 0
14.885, 0.0764666, 1080, 1080, 0
14.895, 0.0764666, 1080, 1080, 0
14.905, 0.0764666, 1080, 1080, 0
14.916, 0.0764666, 1080, 1080, 0
14.926, 0.0764666, 1080, 1080, 0
14.936, 0.0764666, 1080, 1080, 0
14.946, 0.0764666, 1080, 1080, 0
14.957, 0.0764666, 1080, 1080, 0
14.967, 0.0764666, 1080, 1080, 0
14.977, 0.0764666, 1080, 1080, 0
14.988, 0.0764666, 1080, 1080, 0
14.998, 0.0764666, 1080, 1080, 0
15.008, 0.0764666, 1080, 1080, 0
15.018, 0.0764666, 1080, 1080, 0
15.028, 0.0764666, 1080, 1080, 0
15.039, 0.0764666, 1080, 1080, 0
15.049, 0.0764666, 1080, 1080, 0
15.059, 0.0764666, 1080, 1080, 0
15.069, 0.0764666, 1080, 1080, 0
15.08, 0.0764666, 1080, 1080, 0
15.09, 0.0764666, 1080, 1080, 0
15.1, 0.0764666, 1080, 1080, 0
15.11, 0.0764666, 1080, 1080, 0
15.121, 0.0764666, 1080, 1080, 0
15.131, 0.0764666, 1080, 1080, 2.07692e+07
15.141, 0.005, 1080, 1080, 0
15.151, 0.005, 1080, 1080, 0
15.162, 0.005, 1080, 1080, 0
15.172, 0.005, 1080, 1080, 0
15.182, 0.005, 1080, 1080.07, 0
15.193, 0.0661246, 1080, 1080.14, 0
15.203, 0.0709119, 1080, 1080.14, 0
15.213, 0.0750152, 1080, 1080.14, 0
15.223, 0.0798024, 1080, 1080.14, 0
15.234, 0.0839058, 1080, 1080.14, 0
15.244, 0.088693, 1080, 1080.14, 0
15.254, 0.0934802, 1080, 1080.14, 0
15.265, 0.0975836, 1080, 1080.14, 0
15.275, 0.102371, 1080, 1080.14, 0
15.285, 0.106474, 1080, 1080.14, 0
15.295, 0.111261, 1080, 1080.14, 0
15.306, 0.115365, 1080, 1080.14, 0
15.316, 0.120152, 1080, 1080.14, 0
15.326, 0.124255, 1080, 1080.14, 0
15.336, 0.129043, 1080, 1080.14, 0
15.347, 0.133146, 1080, 1080.14, 0
15.357, 0.137933, 1080, 1080.14, 0
15.367, 0.142036, 1080, 1080.14, 0
15.377, 0.146824, 1080, 1080.14, 0
15.387, 0.150927, 1080, 1080.14, 0
15.398, 0.15503, 1080, 1080.14, 0
15.408, 0.159818, 1080, 1080.14, 0
15.418, 0.164605, 1080, 1080.14, 0
15.429, 0.168708, 1080, 1080.14, 0
15.439, 0.173495, 1080, 1080.14, 0
15.449, 0.177599, 1080, 1080.14, 0
15.46, 0.182386, 1080, 1080.14, 0
15.47, 0.186489, 1080, 1080.14, 0
15.48, 0.191277, 1080, 1080.14, 0
15.491, 0.19538, 1080, 1080.14, 0
15.501, 0.200167, 1080, 1080.14, 0
15.511, 0.204271, 1080, 1080.14, 0
15.521, 0.209058, 1080, 1080.14, 0
15.531, 0.213161, 1080, 1080.14, 0
15.542, 0.217264, 1080, 1080.14, 0
15.552, 0.222052, 1080, 1080.14, 0
15.562, 0.226155, 1080, 1080.14, 0
15.573, 0.230942, 1080, 1080.14, 0
15.583, 0.235046, 1080, 1080.14, 0
15.593, 0.239833, 1080, 1080.14, 0
15.603, 0.243936, 1080, 1080.14, 0
15.613, 0.248723, 1080, 1080.14, 0
15.624, 0.252827, 1080, 1080.14, 0
15.634, 0.257614, 1080, 1080.14, 0
15.644, 0.261717, 1080, 1080.14, 0
15.655, 0.266505, 1080, 1080.14, 0
15.665, 0.270608, 1080, 1080.14, 0
15.675, 0.275395, 1080, 1080.14, 0
15.685, 0.279498, 1080, 1080.14, 0
15.696, 0.284286, 1080, 1080.14, 0
15.706, 0.288389, 1080, 1080.14, 0
15.716, 0.293176, 1080, 1080.14, 0
15.726, 0.29728, 1080, 1080.14, 0
15.737, 0.266847, 1080, 1080.07, 0
15.747, 0.268898, 1080, 1080.07, 0
15.758, 0.271292, 1080, 1080.07, 0
15.768, 0.273343, 1080, 1080.07, 0
15.778, 0.275737, 1080, 1080, 0
15.789, 0.241543, 1080, 1080, 0
15.799, 0.241543, 1080, 1080, 0
15.809, 0.241543, 1080, 1080, 0
15.819, 0.241543, 1080, 1080, 0
15.83, 0.241543, 1080, 1080, 0
15.84, 0.241543, 1080, 1080, 0
15.85, 0.241543, 1080, 1080, 0
15.86, 0.241543, 1080, 1080, 0
15.871, 0.241543, 1080, 1080, 0
15.881, 0.241543, 1080, 1080, 0
15.891, 0.241543, 1080, 1080, 0
15.902, 0.241543, 1080, 1080, 0
15.912, 0.241543, 1080, 1080, 0
15.922, 0.241543, 1080, 1080, 0
15.932, 0.241543, 1080, 1080, 0
15.943, 0.241543, 1080, 1080, 0
15.953, 0.241543, 1080, 1080, 0
16.649, 0.241543, 1080, 1080, 0
16.659, 0.241543, 1080, 1080, 0
16.669, 0.241543, 1080, 1080, 0
16.679, 0.241543, 1080, 1080, 0
16.69, 0.241543, 1080, 1080, 0
16.7, 0.241543, 1080, 1080, 0
16.71, 0.241543, 1080, 1080, 0
16.72, 0.241543, 1080, 1080, 0
16.73, 0.241543, 1080, 1080, 0
16.741, 0.241543, 1080, 1080, 0
16.751, 1, 1080, 0, 0
16.761, 1, 1080, 0, 0
16.771, 1, 1080, 0, -8023.77
16.782, 1, 1080, 0, 0
16.792, 1, 1080, 0, 0
16.802, 1, 1080, 0, 0
16.813, 1, 1080, 0, 0
16.823, 1, 1080, 0, 0
16.833, 1, 1080, 0, 0
16.843, 1, 1080, 0, 0
16.853, 1, 1080, 0, 0
16.864, 1, 1080, 0, 0
16.874, 1, 1080, 0, 0
16.884, 1, 1080, 0, 0
16.894, 1, 1080, 0, 0
16.905, 1, 1080, 0, 0
16.915, 1, 1080, 0, 0
16.925, 1, 1080, 0, 0
16.935, 1, 1080, 0, 0
16.946, 1, 1080, 0, 0
16.956, 1, 1080, 0, 0
16.966, 1, 1080, 0, 0
16.976, 1, 1080, 0, 0
16.987, 1, 1080, 0, 0
16.997, 1, 1080, 0, 0
17.007, 1, 1080, 0, 0
17.017, 1, 1080, 0, 0
17.027, 1, 1080, 0, 0
17.038, 1, 1080, 0, 0
17.048, 1, 1080, 0, 0
17.058, 1, 1080, 0, 0
17.069, 1, 1080, 0, 0
17.079, 1, 1080, 0, 0
17.089, 1, 1080, 0, 0
17.099, 1, 1080, 0, 0
17.11, 1, 1080, 0, 0
17.12, 1, 1080, 0, 0
17.13, 1, 1080, 0, 0
17.141, 1, 1080, 0, 0
17.151, 1, 1080, 0, 0
17.161, 1, 1080, 0, 0
17.171, 1, 1080, 0, 0
17.181, 1, 1080, 0, 0
17.192, 1, 1080, 0, 0
17.202, 1, 1080, 0, 0
17.212, 1, 1080, 0, 0
17.222, 1, 1080, 0, 0
17.233, 1, 1080, 0, 0
17.244, 1, 1080, 0, 0
17.254, 1, 1080, 0, 0
17.264, 1, 1080, 0, 0
17.274, 1, 1080, 0, 0
17.285, 1, 1080, 0, 0
17.295, 1, 1080, 0, 0
17.305, 1, 1080, 0, 0
17.316, 1, 1080, 0, 0
17.326, 1, 1080, 0, 0
17.336, 1, 1080, 0, 0
17.346, 1, 1080, 0, 0
17.356, 1, 1080, 0, 0
17.367, 1, 1080, 0, 0
17.377, 1, 1080, 0, 0
17.387, 1, 1080, 0, 0
17.397, 1, 1080, 0, 0
17.407, 1, 1080, 0, 0
17.418, 1, 1080, 0, 0
17.428, 1, 1080, 0, 0
17.438, 1, 1080, 0, 0
17.448, 1, 1080, 0, 0
17.459, 1, 1080, 0, 0
17.469, 1, 1080, 0, 0
17.479, 1, 1080, 0, 0
17.489, 1, 1080, 0, 0
17.5, 1, 1080, 0, 0
17.51, 1, 1080, 0, 0
17.52, 1, 1080, 0, 0
17.531, 1, 1080, 0, 0
17.541, 1, 1080, 0, 0
17.551, 1, 1080, 0, 0
17.561, 1, 1080, 0, 0
17.571, 1, 1080, 0, 0
17.582, 1, 1080, 0, 0
17.592, 1, 1080, 0, 0
17.602, 1, 1080, 0, 0
17.612, 1, 1080, 0, 0
17.622, 1, 1080, 0, 0
17.633, 1, 1080, 0, 0
17.643, 1, 1080, 0, 0
17.653, 1, 1080, 0, 0
17.663, 1, 1080, 0, 0
17.674, 1, 1080, 0, 0
17.684, 1, 1080, 0, 0
17.694, 1, 1080, 0, 0
17.705, 1, 1080, 0, 0
17.715, 1, 1080, 0, 0
17.725, 1, 1080, 0, 0
17.735, 1, 1080, 0, 0
17.746, 1, 1080, 0, 0
17.756, 1, 1080, 0, 0
17.766, 1, 1080, 0, 0
17.776, 1, 1080, 0, 0
17.787, 1, 1080, 0, 0
17.797, 1, 1080, 0, 0
17.807, 1, 1080, 0, 0
17.817, 1, 1080, 0, 0
17.828, 1, 1080, 0, 0
17.838, 1, 1080, 0, 0
17.848, 1, 1080, 0, 0
17.859, 1, 1080, 0, 0
17.869, 1, 1080, 0, 0
17.879, 1, 1080, 0, 0
17.889, 1, 1080, 0, 0
17.9, 1, 1080, 0, 0
17.91, 1, 1080, 0, 0
17.92, 1, 1080, 0, 0
17.93, 1, 1080, 0, 0
17.94, 1, 1080, 0, 0
17.951, 1, 1080, 0, 0
17.961, 1, 1080, 0, 0
17.971, 1, 1080, 0, 0
17.981, 1, 1080, 0, 0
17.992, 1, 1080, 0, 0
18.002, 1, 1080, 0, 0
18.012, 1, 1080, 0, 0
18.022, 1, 1080, 0, 0
18.033, 1, 1080, 0, 0
18.043, 1, 1080, 0, 0
18.053, 1, 1080, 0, 0
18.063, 1, 1080, 0, 0
18.074, 1, 1080, 0, 0
18.084, 1, 1080, 0, 0
18.094, 1, 1080, 0, 0
18.104, 1, 1080, 0, 0
18.115, 1, 1080, 0, 0
18.125, 1, 1080, 0, 0
18.135, 1, 1080, 0, 0
18.145, 1, 1080, 0, 0
18.156, 1, 1080, 0, 0
18.167, 1, 1080, 0, 0
18.177, 1, 1080, 0, 0
18.187, 1, 1080, 0, 0
18.197, 1, 1080, 0, 0
18.207, 1, 1080, 0, 0
18.218, 1, 1080, 0, 0
18.228, 1, 1080, 0, 0
18.238, 1, 1080, 0, 0
18.248, 1, 1080, 0, 0
18.259, 1, 1080, 0, 0
18.269, 1, 1080, 0, 0
18.279, 1, 1080, 0, 0
18.289, 1, 1080, 0, 0
18.299, 1, 1080, 0, 0
18.31, 1, 1080, 0, 0
18.32, 1, 1080, 0, 0
18.33, 1, 1080, 0, 0
18.34, 1, 1080, 0, 0
18.351, 1, 1080, 0, 0
18.361, 1, 1080, 0, 0
18.371, 1, 1080, 0, 0
18.381, 1, 1080, 0, 0
18.392, 1, 1080, 0, 0
18.402, 1, 1080, 0, 0
18.412, 1, 1080, 0, 0
18.423, 1, 1080, 0, 0
18.433, 1, 1080, 0, 0
18.443, 1, 1080, 0, 0
18.454, 1, 1080, 0, 0
18.464, 1, 1080, 0, 0
18.474, 1, 1080, 0, 0
18.484, 1, 1080, 0, 0
18.495, 1, 1080, 0, 0
18.505, 1, 1080, 0, 0
18.515, 1, 1080, 0, 0
18.526, 1, 1080, 0, 0
18.536, 1, 1080, 0, 0
18.546, 1, 1080, 0, 0
18.556, 1, 1080, 0, 0
18.567, 1, 1080, 0, 0
18.577, 1, 1080, 0, 0
18.588, 1, 1080, 0, 0
18.598, 1, 1080, 0, 0
18.608, 1, 1080, 0, 0
18.618, 1, 1080, 0, 0
18.628, 1, 1080, 0, 0
18.639, 1, 1080, 0, 0
18.649, 1, 1080, 0, 0
18.659, 1, 1080, 0, 0
18.669, 1, 1080, 1232.51, 0
18.68, 1, 1080, 1233.19, 8548.63
18.69, 1, 1080, 1233.94, 10942.2
18.7, 1, 1080, 1234.7, 7327.4
18.711, 1, 1080, 1235.65, 9769.87
18.721, 1, 1080, 1236.41, 2532.93
18.731, 1, 1080, 1236.54, -3419.45
18.741, 1, 1080, 1236.13, -202.334
18.752, 1, 1080, 1235.38, 0
18.763, 1, 1080, 1234.76, -1232.24
18.773, 1, 1080, 1234.01, -5699.09
18.783, 1, 1080, 1233.12, 0
18.793, 1, 1080, 1232.44, -5946.87
18.804, 1, 1080, 1231.48, -2358.24
18.814, 1, 1080, 1230.66, 0
18.824, 1, 1080, 1229.91, -1899.7
18.834, 1, 1080, 1229.02, 0
18.844, 1, 1080, 1228.2, 0
18.855, 1, 1080, 1227.31, -402.289
18.865, 1, 1080, 1226.49, -3477.41
18.876, 1, 1080, 1225.67, -2735.56
18.886, 1, 1080, 1224.85, -5699.09
18.896, 1, 1080, 1224.03, -2973.44
18.906, 1, 1080, 1223.21, -2137.16
18.917, 1, 1080, 1222.39, -6513.24
18.928, 1, 1080, 1221.5, -2735.56
18.938, 1, 1080, 1220.68, -5065.86
18.948, 1, 1080, 1219.79, -4022.89
18.958, 1, 1080, 1218.97, -2973.44
18.969, 1, 1080, 1218.15, -2810.51
18.979, 1, 1080, 1217.26, 0
18.989, 1, 1080, 1216.5, -1668.03
19, 1, 1080, 1215.62, 0
19.01, 1, 1080, 1214.79, 0
19.02, 1, 1080, 1213.97, -895.927
19.031, 1, 1080, 1213.09, -15197.6
19.041, 1, 1080, 1212.26, -9325.78
19.051, 1, 1080, 1211.31, -8920.31
19.061, 1, 1080, 1210.55, -5946.87
19.071, 1, 1080, 1209.67, -8548.63
19.082, 1, 1080, 1208.91, -1486.72
19.092, 1, 1080, 1208.09, -1848.35
19.102, 1, 1080, 1207.2, -1848.35
19.112, 1, 1080, 1206.38, 0
19.123, 1, 1080, 1205.56, -7891.05
19.133, 1, 1080, 1204.74, -1753.57
19.143, 1, 1080, 1203.85, -9325.78
19.153, 1, 1080, 1203.1, -5545.06
19.164, 1, 1080, 1202.21, -1886.59
19.174, 1, 1080, 1201.39, -5471.12
19.184, 1, 1080, 1200.57, -8045.77
19.195, 1, 1080, 1199.75, -5946.87
19.205, 1, 1080, 1198.93, -10942.2
19.215, 1, 1080, 1198.11, -9769.87
19.225, 1, 1080, 1197.9, -4.79161e+07
19.235, 1, 1080, 0, 0
19.246, 1, 1080, 0, 0
19.256, 1, 1080, 0, 0
19.266, 1, 1080, 0, 0
19.276, 1, 1080, 0, 3.97682e+07
19.287, 1, 1080, 1192.64, 0
19.297, 1, 1080, 1192.71, 0
19.307, 1, 1080, 1193.18, 0
19.318, 1, 1080, 1193.87, -49.7343
19.328, 1, 1080, 1194.55, 0
19.338, 1, 1080, 1195.44, 0
19.348, 1, 1080, 1195.44, 0
19.359, 1, 1080, 1195.1, -1848.35
19.369, 1, 1080, 1194.48, -5699.09
19.379, 1, 1080, 1193.73, 0
19.389, 1, 1080, 1192.98, -5065.86
19.4, 1, 1080, 1192.16, -438.391
19.41, 1, 1080, 1191.41, -9769.87
19.421, 1, 1080, 1190.45, -8548.63
19.431, 1, 1080, 1189.7, -7598.78
19.441, 1, 1080, 1188.81, -8548.63
19.451, 1, 1080, 1188.05, -4716.49
19.461, 1, 1080, 1187.17, -11398.2
19.472, 1, 1080, 1186.34, -1243.44
19.482, 1, 1080, 0, 0
19.492, 1, 1080, 0, 0
19.503, 1, 1080, 0, 0
19.513, 1, 1080, 0, 0
19.523, 1, 1080, 0, 0
19.534, 1, 1080, 0, 6.53495e+07
19.544, 1, 1080, 1181.97, 2137.16
19.554, 1, 1080, 1182.45, 3108.59
19.564, 1, 1080, 1183.13, 10258.4
19.574, 1, 1080, 1184.02, 5861.92
19.585, 1, 1080, 1184.64, 851.316
19.596, 1, 1080, 1185.05, -949.848
19.606, 1, 1080, 1184.84, -5699.09
19.616, 1, 1080, 1184.22, -10798.3
19.626, 1, 1080, 1183.61, -8548.63
19.637, 1, 1080, 1182.79, 0
19.647, 1, 1080, 1182.04, -4144.79
19.657, 1, 1080, 1181.22, -1799.71
19.667, 1, 1080, 1180.4, -5699.09
19.678, 1, 1080, 1179.57, -1354.24
19.688, 1, 1080, 1178.75, -409.515
19.698, 1, 1080, 1177.86, -3907.95
19.708, 1, 1080, 1177.04, 0
19.719, 1, 1080, 1176.22, -1139.82
19.729, 1, 1080, 1175.4, 0
19.739, 1, 1080, 1174.58, -2011.44
19.75, 1, 1080, 1173.76, -5161.44
19.76, 1, 1080, 1172.87, -2072.4
19.77, 1, 1080, 1172.05, -7598.78
19.78, 1, 1080, 1855.67, -8.43486e+07
19.791, 1, 1080, 0, -8835.81
19.801, 1, 1080, 0, 0
19.811, 1, 1080, 0, 0
19.821, 1, 1080, 0, 0
19.832, 1, 1080, 0, 0
19.842, 1, 1080, 0, 0
19.852, 1, 1080, 0, 0
19.863, 1, 1080, 0, 0
19.873, 1, 1080, 0, 0
19.883, 1, 1080, 0, 0
19.893, 1, 1080, 0, 0
19.903, 1, 1080, 0, 0
19.914, 1, 1080, 0, 0
19.924, 1, 1080, 0, 0
19.935, 1, 1080, 0, 0
19.945, 1, 1080, 0, 0
19.955, 1, 1080, 0, 0
19.966, 1, 1080, 0, 0
19.976, 1, 1080, 0, 0
19.986, 1, 1080, 0, 0
19.997, 1, 1080, 0, 0
20.007, 1, 1080, 0, 0
20.017, 1, 1080, 0, 0
20.027, 1, 1080, 0, 0
20.038, 1, 1080, 0, 0
20.048, 1, 1080, 0, 0
20.058, 1, 1080, 0, 0
20.068, 1, 1080, 0, 0
20.079, 1, 1080, 0, 0
20.089, 1, 1080, 0, 0
20.099, 1, 1080, 0, 0
20.109, 1, 1080, 0, 0
20.12, 1, 1080, 0, 0
20.13, 1, 1080, 0, 0
20.14, 1, 1080, 0, 0
20.15, 1, 1080, 0, 0
20.161, 1, 1080, 0, 0
20.171, 1, 1080, 0, 0
20.181, 1, 1080, 0, 0
20.192, 1, 1080, 0, 0
20.202, 1, 1080, 0, 0
20.212, 1, 1080, 0, 0
20.222, 1, 1080, 0, 0
20.233, 1, 1080, 0, 0
20.243, 1, 1080, 0, 0
20.253, 1, 1080, 0, 0
20.263, 1, 1080, 0, 0
20.274, 1, 1080, 0, 0
20.284, 1, 1080, 0, 0
20.294, 1, 1080, 0, 0
20.304, 1, 1080, 0, 0
20.315, 1, 1080, 0, 0
20.325, 1, 1080, 0, 0
20.335, 1, 1080, 0, 0
20.345, 1, 1080, 0, 0
20.355, 1, 1080, 0, 0
20.366, 1, 1080, 0, 0
20.376, 1, 1080, 0, 0
20.386, 1, 1080, 0, 0
20.397, 1, 1080, 0, 0
20.407, 1, 1080, 0, 0
20.417, 1, 1080, 0, 0
20.427, 1, 1080, 0, 0
20.438, 1, 1080, 0, 0
20.448, 1, 1080, 0, 0
20.458, 1, 1080, 0, 0
20.468, 1, 1080, 0, 0
20.479, 1, 1080, 0, 0
20.489, 1, 1080, 0, 0
20.499, 1, 1080, 0, 0
20.509, 1, 1080, 0, 0
20.52, 1, 1080, 0, 0
20.53, 1, 1080, 0, 0
20.541, 1, 1080, 0, 0
20.551, 1, 1080, 0, 0
20.562, 1, 1080, 0, 0
20.572, 1, 1080, 0, 0
20.582, 1, 1080, 0, 0
20.593, 1, 1080, 0, 0
20.603, 1, 1080, 0, 0
20.613, 1, 1080, 0, 0
20.624, 1, 1080, 0, 0
20.634, 1, 1080, 0, 0
20.644, 1, 1080, 0, 0
20.655, 1, 1080, 0, 0
20.665, 1, 1080, 0, 0
20.675, 1, 1080, 0, 0
20.686, 1, 1080, 0, 0
20.696, 1, 1080, 0, 0
20.706, 1, 1080, 0, 0
20.717, 1, 1080, 0, 0
20.727, 1, 1080, 0, 0
20.737, 1, 1080, 0, 0
20.748, 1, 1080, 0, 0
20.758, 1, 1080, 0, 0
20.768, 1, 1080, 0, 0
20.778, 1, 1080, 0, 0
20.788, 1, 1080, 0, 0
20.799, 1, 1080, 0, 0
20.809, 1, 1080, 0, 0
20.819, 1, 1080, 0, 0
20.83, 1, 1080, 0, 0
20.84, 1, 1080, 0, 0
20.85, 1, 1080, 0, 0
20.86, 1, 1080, 0, 0
20.87, 1, 1080, 0, 0
20.881, 1, 1080, 0, 0
20.891, 1, 1080, 0, 0
20.901, 1, 1080, 0, 0
20.911, 1, 1080, 0, 0
20.922, 1, 1080, 0, 0
20.932, 1, 1080, 0, 0
20.942, 1, 1080, 0, 0
20.952, 1, 1080, 0, 0
20.97, 1, 1080, 0, 0
20.98, 1, 1080, 0, 0
20.99, 1, 1080, 0, 0
21, 1, 1080, 0, 0
21.011, 1, 1080, 0, 0
21.021, 1, 1080, 0, 0
21.031, 1, 1080, 0, 0
21.041, 1, 1080, 0, 0
21.052, 1, 1080, 0, 0
21.062, 1, 1080, 0, 0
21.072, 1, 1080, 0, 0
21.082, 1, 1080, 0, 0
21.093, 1, 1080, 0, 0
21.103, 1, 1080, 0, 0
21.113, 1, 1080, 0, 0
21.123, 1, 1080, 0, 0
21.134, 1, 1080, 0, 0
21.144, 1, 1080, 0, 0
21.154, 1, 1080, 0, 0
21.165, 1, 1080, 0, 0
21.175, 1, 1080, 0, 0
21.185, 1, 1080, 0, 0
21.195, 1, 1080, 0, 0
21.206, 1, 1080, 0, 0
21.216, 1, 1080, 0, 0
21.226, 1, 1080, 0, 0
21.237, 1, 1080, 0, 0
21.247, 1, 1080, 0, 0
21.258, 1, 1080, 0, 0
21.268, 1, 1080, 0, 0
21.278, 1, 1080, 0, 0
21.289, 1, 1080, 0, 0
21.299, 1, 1080, 0, 0
21.309, 1, 1080, 0, 0
21.319, 1, 1080, 0, 0
21.329, 1, 1080, 0, 0
21.34, 1, 1080, 0, 0
21.35, 1, 1080, 0, 0
21.36, 1, 1080, 0, 0
21.37, 1, 1080, 0, 0
21.381, 1, 1080, 0, 0
21.391, 1, 1080, 0, 0
21.401, 1, 1080, 0, 0
21.411, 1, 1080, 0, 0
21.421, 1, 1080, 0, 0
21.432, 1, 1080, 0, 182371
21.442, 1, 1080, 1295.56, 8206.69
21.452, 1, 1080, 1296.38, 5399.14
21.463, 1, 1080, 1297.27, 11398.2
21.473, 1, 1080, 1298.09, 3696.71
21.483, 1, 1080, 1299.05, 11398.2
21.493, 1, 1080, 1299.8, 7815.89
21.503, 1, 1080, 1300.21, 0
21.514, 1, 1080, 1299.87, -5699.09
21.524, 1, 1080, 1299.6, -5699.09
21.534, 1, 1080, 1298.84, -8206.69
21.544, 1, 1080, 1298.16, -5946.87
21.555, 1, 1080, 1297.34, -6217.19
21.565, 1, 1080, 1296.59, -5699.09
21.575, 1, 1080, 1295.77, -2378.75
21.585, 1, 1080, 1294.88, -8548.63
21.595, 1, 1080, 1293.85, -13026.5
21.606, 1, 1080, 1293.17, -2088.22
21.616, 1, 1080, 1292.42, -5861.92
21.626, 1, 1080, 1291.46, -8920.31
21.637, 1, 1080, 1290.78, -10942.2
21.647, 1, 1080, 1289.95, -10258.4
21.657, 1, 1080, 1289.07, -5399.14
21.667, 1, 1080, 1288.04, -2399.62
21.678, 1, 1080, 1287.29, -4022.89
21.688, 1, 1080, 1286.47, -531.521
21.699, 1, 1080, 1285.51, -6217.19
21.709, 1, 1080, 1284.83, -2655.89
21.719, 1, 1080, 1283.87, -11398.2
21.73, 1, 1080, 1282.98, -9769.87
21.74, 1, 1080, 1282.02, -8548.63
21.75, 1, 1080, 1281.27, -6034.33
21.76, 1, 1080, 1280.38, -11398.2
21.771, 1, 1080, 1279.63, -1668.03
21.781, 1, 1080, 1278.74, -14867.2
21.791, 1, 1080, 1277.99, -11398.2
21.801, 1, 1080, 1276.96, -7327.4
21.812, 1, 1080, 1276.28, -8548.63
21.822, 1, 1080, 1275.32, -10131.7
21.832, 1, 1080, 1274.57, -11893.7
21.842, 1, 1080, 1273.61, -11398.2
21.852, 1, 1080, 1272.86, -1654.57
21.863, 1, 1080, 1272.17, -8920.31
21.873, 1, 1080, 1271.22, -10131.7
21.883, 1, 1080, 1270.53, -13677.8
21.893, 1, 1080, 1269.57, -10942.2
21.904, 1, 1080, 1268.82, -1566.16
21.914, 1, 1080, 1268.14, -8548.63
21.924, 1, 1080, 1267.25, -7891.05
21.934, 1, 1080, 1266.29, -7815.89
21.945, 1, 1080, 1265.33, -12434.4
21.955, 1, 1080, 1264.31, -2464.47
21.965, 1, 1080, 0, 0
21.976, 1, 1080, 0, 0
21.986, 1, 1080, 0, 0
21.997, 1, 1080, 0, 0
22.008, 1, 1080, 0, 0
22.018, 1, 1080, 0, 0
22.028, 1, 1080, 0, 0
22.038, 1, 1080, 0, 0
22.049, 1, 1080, 0, 0
22.059, 1, 1080, 0, 0
22.069, 1, 1080, 0, 0
22.079, 1, 1080, 0, 0
22.089, 1, 1080, 0, 0
22.1, 1, 1080, 0, 0
22.11, 1, 1080, 0, 0
22.12, 1, 1080, 0, 0
22.13, 1, 1080, 0, 0
22.14, 1, 1080, 0, 0
22.151, 1, 1080, 0, 0
22.161, 1, 1080, 0, 0
22.171, 1, 1080, 0, 0
22.181, 1, 1080, 0, 0
22.192, 1, 1080, 0, 0
22.202, 1, 1080, 0, 0
22.212, 1, 1080, 0, 0
22.222, 1, 1080, 0, 0
22.233, 1, 1080, 0, 0
22.243, 1, 1080, 0, 0
22.253, 1, 1080, 0, 0
22.263, 1, 1080, 0, 0
22.273, 1, 1080, 0, 0
22.284, 1, 1080, 0, 0
22.294, 1, 1080, 0, 0
22.304, 1, 1080, 0, 0
22.314, 1, 1080, 0, 0
22.325, 1, 1080, 0, 0
22.335, 1, 1080, 0, 0
22.345, 1, 1080, 0, 0
22.356, 1, 1080, 0, 0
22.366, 1, 1080, 0, 0
22.376, 1, 1080, 0, 0
22.386, 1, 1080, 0, 0
22.397, 1, 1080, 0, 0
22.407, 1, 1080, 0, 0
22.417, 1, 1080, 0, 0
22.427, 1, 1080, 0, 0
22.438, 1, 1080, 0, 0
22.448, 1, 1080, 0, 0
22.458, 1, 1080, 0, 0
22.468, 1, 1080, 0, 0
22.479, 1, 1080, 0, 0
22.489, 1, 1080, 0, 0
22.499, 1, 1080, 0, 0
22.51, 1, 1080, 0, 0
22.52, 1, 1080, 0, 0
22.53, 1, 1080, 0, 0
22.54, 1, 1080, 0, 0
22.551, 1, 1080, 0, 0
22.561, 1, 1080, 0, 0
22.571, 1, 1080, 0, 0
22.582, 1, 1080, 0, 0
22.592, 1, 1080, 0, 0
22.602, 1, 1080, 0, 0
22.612, 1, 1080, 0, 0
22.623, 1, 1080, 0, 0
22.633, 1, 1080, 0, 0
22.643, 1, 1080, 0, 0
22.653, 1, 1080, 0, 0
22.663, 1, 1080, 0, 0
22.674, 1, 1080, 0, 0
22.684, 1, 1080, 0, 0
22.695, 1, 1080, 0, 0
22.705, 1, 1080, 0, 0
22.715, 1, 1080, 0, 0
22.725, 1, 1080, 0, 0
22.735, 1, 1080, 0, 0
22.746, 1, 1080, 0, 0
22.756, 1, 1080, 0, 0
22.766, 1, 1080, 0, 0
22.776, 1, 1080, 0, 0
22.787, 1, 1080, 0, 0
22.797, 1, 1080, 0, 0
22.807, 1, 1080, 0, 0
22.818, 1, 1080, 0, 0
22.828, 1, 1080, 0, 0
22.839, 1, 1080, 0, 0
22.849, 1, 1080, 0, 0
22.859, 1, 1080, 0, 0
22.87, 1, 1080, 0, 0
22.88, 1, 1080, 0, 0
22.89, 1, 1080, 0, 0
22.9, 1, 1080, 0, 0
22.911, 1, 1080, 0, 0
22.921, 1, 1080, 0, 0
22.931, 1, 1080, 0, 0
22.941, 1, 1080, 0, 0
22.952, 1, 1080, 0, 0
22.962, 1, 1080, 0, 0
22.973, 1, 1080, 0, 0
22.983, 1, 1080, 0, 0
22.993, 1, 1080, 0, 0
23.004, 1, 1080, 0, 0
23.014, 1, 1080, 0, 0
23.024, 1, 1080, 0, 0
23.034, 1, 1080, 0, 0
23.045, 1, 1080, 0, 0
23.055, 1, 1080, 0, 0
23.065, 1, 1080, 0, 0
23.075, 1, 1080, 0, 0
23.085, 1, 1080, 0, 0
23.096, 1, 1080, 0, 0
23.106, 1, 1080, 0, 0
23.116, 1, 1080, 0, 0
23.126, 1, 1080, 0, 0
23.137, 1, 1080, 0, 0
23.147, 1, 1080, 0, 0
23.157, 1, 1080, 0, 0
23.167, 1, 1080, 0, 0
23.178, 1, 1080, 0, 0
23.188, 1, 1080, 0, 0
23.198, 1, 1080, 0, 0
23.208, 1, 1080, 0, 0
23.218, 1, 1080, 0, 0
23.229, 1, 1080, 0, 0
23.239, 1, 1080, 0, 0
23.249, 1, 1080, 0, 0
23.26, 1, 1080, 0, 0
23.27, 1, 1080, 0, 0
23.28, 1, 1080, 0, 0
23.29, 1, 1080, 0, 0
23.301, 1, 1080, 0, 0
23.311, 1, 1080, 0, 0
23.321, 1, 1080, 0, 0
23.331, 1, 1080, 0, 0
23.342, 1, 1080, 0, 0
23.352, 1, 1080, 0, 0
23.362, 1, 1080, 0, 0
23.373, 1, 1080, 0, 0
23.383, 1, 1080, 0, 0
23.393, 1, 1080, 0, 0
23.404, 1, 1080, 0, 0
23.414, 1, 1080, 0, 0
23.424, 1, 1080, 0, 0
23.434, 1, 1080, 0, 0
23.445, 1, 1080, 0, 0
23.455, 1, 1080, 0, 0
23.465, 1, 1080, 0, 0
23.475, 1, 1080, 0, 0
23.485, 1, 1080, 0, 0
23.496, 1, 1080, 0, 0
23.506, 1, 1080, 0, 0
23.516, 1, 1080, 0, 0
23.526, 1, 1080, 0, 0
23.536, 1, 1080, 0, 0
23.547, 1, 1080, 0, 0
23.557, 1, 1080, 0, 0
23.567, 1, 1080, 0, 0
23.578, 1, 1080, 0, 0
23.588, 1, 1080, 0, 0
23.598, 1, 1080, 0, 0
23.608, 1, 1080, 0, 0
23.619, 1, 1080, 0, 0
23.629, 1, 1080, 0, 0
23.639, 1, 1080, 0, 0
23.649, 1, 1080, 0, 0
23.66, 1, 1080, 0, 0
23.67, 1, 1080, 0, 0
23.68, 1, 1080, 0, 0
23.69, 1, 1080, 0, 0
23.701, 1, 1080, 0, 0
23.711, 1, 1080, 0, 0
23.721, 1, 1080, 0, 0
23.731, 1, 1080, 0, 0
23.741, 1, 1080, 0, 0
23.752, 1, 1080, 0, 0
23.762, 1, 1080, 0, 0
23.772, 1, 1080, 0, 0
23.782, 1, 1080, 0, 0
23.793, 1, 1080, 0, 0
23.803, 1, 1080, 0, 0
23.813, 1, 1080, 0, 0
23.823, 1, 1080, 0, 0
23.834, 1, 1080, 0, 0
23.844, 1, 1080, 0, 0
23.854, 1, 1080, 0, 0
23.864, 1, 1080, 0, 0
23.875, 1, 1080, 0, 0
23.885, 1, 1080, 0, 0
23.895, 1, 1080, 0, 0
23.906, 1, 1080, 0, 0
23.916, 1, 1080, 0, 0
23.926, 1, 1080, 0, 0
23.936, 1, 1080, 0, 0
23.947, 1, 1080, 0, 0
23.957, 1, 1080, 0, 0
23.967, 1, 1080, 0, 0
23.977, 1, 1080, 0, 0
23.988, 1, 1080, 0, 0
23.998, 1, 1080, 0, 0
24.008, 1, 1080, 0, 0
24.018, 1, 1080, 0, 0
24.029, 1, 1080, 0, 0
24.039, 1, 1080, 0, 0
24.049, 1, 1080, 0, 0
24.06, 1, 1080, 0, 0
24.07, 1, 1080, 0, 0
24.08, 1, 1080, 0, 0
24.09, 1, 1080, 0, 0
24.101, 1, 1080, 0, 0
24.111, 1, 1080, 0, 0
24.121, 1, 1080, 0, 0
24.131, 1, 1080, 0, 0
24.142, 1, 1080, 0, 0
24.152, 1, 1080, 0, 0
24.162, 1, 1080, 0, 0
24.172, 1, 1080, 0, 0
24.183, 1, 1080, 0, 0
24.193, 1, 1080, 0, 0
24.203, 1, 1080, 0, 0
24.214, 1, 1080, 0, 0
24.224, 1, 1080, 0, 0
24.234, 1, 1080, 0, 0
24.244, 1, 1080, 0, 0
24.254, 1, 1080, 0, 0
24.265, 1, 1080, 0, 0
24.275, 1, 1080, 0, 0
24.285, 1, 1080, 0, 0
24.295, 1, 1080, 0, 0
24.305, 1, 1080, 0, 0
24.316, 1, 1080, 0, 0
24.326, 1, 1080, 0, 0
24.336, 1, 1080, 0, 0
24.347, 1, 1080, 0, 0
24.357, 1, 1080, 0, 0
24.367, 1, 1080, 0, 0
24.377, 1, 1080, 0, 0
24.388, 1, 1080, 0, 0
24.398, 1, 1080, 0, 0
24.408, 1, 1080, 0, 0
24.418, 1, 1080, 0, 0
24.429, 1, 1080, 0, 0
24.439, 1, 1080, 0, 0
24.449, 1, 1080, 0, 0
24.459, 1, 1080, 0, 0
24.47, 1, 1080, 0, 0
24.48, 1, 1080, 0, 0
24.49, 1, 1080, 0, 0
24.501, 1, 1080, 0, 0
24.511, 1, 1080, 0, 0
24.521, 1, 1080, 0, 0
24.531, 1, 1080, 0, 0
24.541, 1, 1080, 0, 0
24.552, 1, 1080, 0, 0
24.562, 1, 1080, 0, 0
24.572, 1, 1080, 0, 0
24.583, 1, 1080, 0, 0
24.593, 1, 1080, 0, 0
24.603, 1, 1080, 0, 0
24.613, 1, 1080, 0, 0
24.624, 1, 1080, 0, 0
24.634, 1, 1080, 0, 0
24.644, 1, 1080, 0, 0
24.655, 1, 1080, 0, 0
24.665, 1, 1080, 0, 0
24.675, 1, 1080, 0, 0
24.685, 1, 1080, 0, 0
24.696, 1, 1080, 0, 0
24.706, 1, 1080, 0, 0
24.717, 1, 1080, 0, 0
24.727, 1, 1080, 0, 0
24.737, 1, 1080, 0, 0
24.748, 1, 1080, 0, 0
24.758, 1, 1080, 0, 0
24.768, 1, 1080, 0, 0
24.778, 1, 1080, 0, 0
24.789, 1, 1080, 0, 0
24.799, 1, 1080, 0, 0
24.809, 1, 1080, 0, 0
24.819, 1, 1080, 0, 0
24.83, 1, 1080, 50.5395, 7.18119e+07
24.84, 1, 1080, 0, 0
24.85, 1, 1080, 0, 0
24.86, 1, 1080, 0, 0
24.871, 1, 1080, 0, 0
24.881, 1, 1080, 0, 0
24.891, 1, 1080, 0, 0
24.902, 1, 1080, 0, 0
24.912, 1, 1080, 0, 0
24.922, 1, 1080, 0, 0
24.932, 1, 1080, 0, 0
24.943, 1, 1080, 0, 0
24.953, 1, 1080, 0, 0
24.963, 1, 1080, 0, 0
24.973, 1, 1080, 0, 0
24.984, 1, 1080, 0, 0
24.994, 1, 1080, 0, 0
25.004, 1, 1080, 0, 0
25.015, 1, 1080, 0, 0
25.025, 1, 1080, 0, 0
25.035, 1, 1080, 0, 0
25.046, 1, 1080, 0, 0
25.056, 1, 1080, 0, 0
25.066, 1, 1080, 0, 0
25.077, 1, 1080, 0, 0
25.087, 1, 1080, 0, 0
25.097, 1, 1080, 0, 0
25.107, 1, 1080, 0, 0
25.118, 1, 1080, 0, 0
25.128, 1, 1080, 0, 0
25.138, 1, 1080, 0, 0
25.148, 1, 1080, 0, 0
25.158, 1, 1080, 0, 0
25.169, 1, 1080, 0, 0
25.179, 1, 1080, 0, 0
25.189, 1, 1080, 1515.78, 5471.12
25.2, 1, 1080, 1516.66, 4460.16
25.21, 1, 1080, 1517.48, 2011.44
25.22, 1, 1080, 1518.31, 559.039
25.231, 1, 1080, 1519.19, 1367.78
25.241, 1, 1080, 1520.02, 1139.82
25.252, 1, 1080, 1520.77, 282.599
25.262, 1, 1080, 1520.9, -2206.1
25.272, 1, 1080, 1520.49, -2735.56
25.283, 1, 1080, 1519.81, -4022.89
25.293, 1, 1080, 1519.13, -3599.42
25.303, 1, 1080, 1518.31, -3256.62
25.313, 1, 1080, 1517.48, -542.77
25.324, 1, 1080, 1516.66, -1278.3
25.334, 1, 1080, 1515.78, -3419.45
25.344, 1, 1080, 1515.02, -4274.32
25.354, 1, 1080, 1514.2, -77.1015
25.366, 1, 1080, 1513.24, 0
25.376, 1, 1080, 1512.42, -5699.09
25.386, 1, 1080, 1511.6, -4082.93
25.397, 1, 1080, 1510.78, -5471.12
25.407, 1, 1080, 1509.96, -7198.85
25.418, 1, 1080, 1509.14, -4144.79
25.428, 1, 1080, 1508.32, -14397.7
25.438, 1, 1080, 1507.5, -5065.86
25.448, 1, 1080, 1506.68, -7198.85
25.459, 1, 1080, 1505.79, -565.199
25.469, 1, 1080, 1504.9, -3907.95
25.479, 1, 1080, 1504.08, -3419.45
25.49, 1, 1080, 1503.26, -1376.96
25.5, 1, 1080, 1502.37, -12434.4
25.51, 1, 1080, 1501.55, -3696.71
25.52, 1, 1080, 1500.66, -6618.3
25.531, 1, 1080, 1499.84, -2137.16
25.541, 1, 1080, 1499.02, -13026.5
25.551, 1, 1080, 1498.2, -3599.42
25.561, 1, 1080, 1497.38, -10942.2
25.572, 1, 1080, 1496.56, -5129.18
25.582, 1, 1080, 1495.67, -5861.92
25.592, 1, 1080, 1494.85, -5471.12
25.602, 1, 1080, 1494.03, -6034.33
25.613, 1, 1080, 1493.14, -2849.54
25.623, 1, 1080, 1492.32, 0
25.633, 1, 1080, 1491.5, -2206.1
25.643, 1, 1080, 1490.68, 0
25.654, 1, 1080, 1489.86, -998.38
25.664, 1, 1080, 1488.97, 0
25.674, 1, 1080, 1488.15, -6513.24
25.684, 1, 1080, 1487.33, -1848.35
25.695, 1, 1080, 1486.5, -2137.16
25.705, 1, 1080, 1485.62, 0
25.715, 1, 1080, 1484.86, -3108.59
25.726, 1, 1080, 1483.97, 0
25.736, 1, 1080, 1483.15, -1848.35
25.746, 1, 1080, 1482.26, 0
25.756, 1, 1080, 1481.38, -3108.59
25.767, 1, 1080, 1480.55, -6838.91
25.777, 1, 1080, 1479.67, -3108.59
25.787, 1, 1080, 1478.84, -9769.87
25.797, 1, 1080, 1477.96, 0
25.807, 1, 1080, 1477.14, 0
25.818, 1, 1080, 1476.31, -5260.7
25.828, 1, 1080, 1475.49, 0
25.838, 1, 1080, 1474.67, -4884.93
25.848, 1, 1080, 1473.78, -9769.87
25.859, 1, 1080, 1472.96, -3907.95
25.869, 1, 1080, 1472.14, -453.659
25.88, 1, 1080, 1471.25, -1848.35
25.89, 1, 1080, 1470.43, 0
25.9, 1, 1080, 1469.61, -2137.16
25.911, 1, 1080, 1468.79, -670.481
25.921, 1, 1080, 1467.9, -1052.14
25.932, 1, 1080, 1467.77, -22796.4
25.942, 1, 1080, 1466.19, 0
25.952, 1, 1080, 1465.37, 0
25.969, 1, 1080, 1464.07, -4274.32
25.98, 1, 1080, 1463.12, 0
25.99, 1, 1080, 1462.23, -899.856
26, 1, 1080, 1461.47, -2206.1
26.011, 1, 1080, 1460.59, -5699.09
26.021, 1, 1080, 1459.76, -1899.7
26.031, 1, 1080, 1458.81, 0
26.041, 1, 1080, 1457.99, 0
26.052, 1, 1080, 1457.17, 0
26.062, 1, 1080, 1456.28, 0
26.072, 1, 1080, 1455.52, -2973.44
26.082, 1, 1080, 1454.57, 0
26.093, 1, 1080, 1453.75, 0
26.103, 1, 1080, 1452.86, 0
26.113, 1, 1080, 1452.04, 0
26.123, 1, 1080, 1451.15, 0
26.134, 1, 1080, 1450.33, 0
26.144, 1, 1080, 1449.51, 0
26.154, 1, 1080, 1448.69, 0
26.164, 1, 1080, 1447.86, 0
26.175, 1, 1080, 1447.04, 0
26.185, 1, 1080, 1446.16, 0
26.196, 1, 1080, 1445.33, -3419.45
26.206, 1, 1080, 1444.51, 0
26.216, 1, 1080, 1443.69, -3419.45
26.226, 1, 1080, 1442.87, 0
26.237, 1, 1080, 1441.98, -2011.44
26.247, 1, 1080, 1441.09, 0
26.257, 1, 1080, 1440.27, -3256.62
26.267, 1, 1080, 1439.38, 0
26.278, 1, 1080, 1438.63, -1953.97
26.288, 1, 1080, 1437.74, 0
26.298, 1, 1080, 1436.92, 0
26.308, 1, 1080, 1436.1, -81.8583
26.318, 1, 1080, 1435.21, 0
26.329, 1, 1080, 1434.39, 0
26.339, 1, 1080, 1433.57, -2735.56
26.35, 1, 1080, 1432.68, 0
26.36, 1, 1080, 1431.86, 0
26.37, 1, 1080, 1431.04, 0
26.38, 1, 1080, 1430.15, 0
26.391, 1, 1080, 1429.26, 0
26.401, 1, 1080, 1428.44, 0
26.412, 1, 1080, 1427.62, 0
26.422, 1, 1080, 1426.8, 0
26.432, 1, 1080, 1425.98, 0
26.442, 1, 1080, 1425.16, 0
26.452, 1, 1080, 1424.27, 0
26.463, 1, 1080, 1423.38, 0
26.473, 1, 1080, 1422.63, 0
26.484, 1, 1080, 1421.74, -2973.44
26.494, 1, 1080, 1420.92, -2011.44
26.504, 1, 1080, 1420.03, 0
26.514, 1, 1080, 1419.28, -3419.45
26.525, 1, 1080, 1418.32, 0
26.535, 1, 1080, 1417.5, 0
26.545, 1, 1080, 1416.68, 0
26.555, 1, 1080, 1415.79, 0
26.566, 1, 1080, 1414.97, 0
26.576, 1, 1080, 1414.08, 0
26.586, 1, 1080, 1413.26, 0
26.596, 1, 1080, 1412.37, 0
26.607, 1, 1080, 1411.55, 0
26.617, 1, 1080, 1410.66, 0
26.627, 1, 1080, 1409.91, -2072.4
26.637, 1, 1080, 1409.02, 0
26.647, 1, 1080, 1408.2, 0
26.658, 1, 1080, 1407.45, -1199.81
26.668, 1, 1080, 1406.56, -1799.71
26.678, 1, 1080, 1405.74, -3108.59
26.688, 1, 1080, 1405.26, -7014.26
26.699, 1, 1080, 1404.51, -5946.87
26.709, 1, 1080, 1403.62, -14397.7
26.719, 1, 1080, 1402.8, -11676.2
26.73, 1, 1080, 1401.77, -6217.19
26.74, 1, 1080, 1400.81, -5946.87
26.75, 1, 1080, 1399.79, 0
26.761, 1, 1080, 1398.97, 0
26.771, 1, 1080, 1398.08, 0
26.781, 1, 1080, 1397.26, 0
26.791, 1, 1080, 1396.5, -2849.54
26.802, 1, 1080, 1395.62, -2279.64
26.812, 1, 1080, 1394.86, -6411.47
26.822, 1, 1080, 1393.91, -911.854
26.833, 1, 1080, 1393.15, 0
26.844, 1, 1080, 1392.2, -2137.16
26.854, 1, 1080, 1391.31, 0
26.864, 1, 1080, 1390.55, -936.836
26.874, 1, 1080, 1389.6, 0
26.885, 1, 1080, 1388.91, -1179.12
26.895, 1, 1080, 1387.96, 0
26.906, 1, 1080, 1387.2, -6513.24
26.916, 1, 1080, 1386.25, 0
26.926, 1, 1080, 1385.49, -5471.12
26.936, 1, 1080, 1384.6, -1899.7
26.947, 1, 1080, 1383.85, -9769.87
26.957, 1, 1080, 1382.96, -5699.09
26.967, 1, 1080, 1382.01, 0
26.978, 1, 1080, 1381.25, -5946.87
26.988, 1, 1080, 1380.3, 0
26.998, 1, 1080, 1379.61, -5946.87
27.008, 1, 1080, 1378.86, -8206.69
27.019, 1, 1080, 1377.9, -3180.89
27.029, 1, 1080, 1377.22, -8920.31
27.039, 1, 1080, 1376.26, -8920.31
27.049, 1, 1080, 1375.51, -6034.33
27.06, 1, 1080, 1374.55, -2486.87
27.07, 1, 1080, 1373.73, -6217.19
27.08, 1, 1080, 1372.84, -7198.85
27.09, 1, 1080, 1372.09, -8289.58
27.101, 1, 1080, 1371.06, -2849.54
27.111, 1, 1080, 1370.38, -8548.63
27.121, 1, 1080, 1369.63, -5545.06
27.131, 1, 1080, 1368.67, -6513.24
27.141, 1, 1080, 1367.99, -7815.89
27.152, 1, 1080, 1367.03, -1768.68
27.162, 1, 1080, 1366.28, -9769.87
27.172, 1, 1080, 1365.25, -2735.56
27.183, 1, 1080, 1364.5, -1882.27
27.193, 1, 1080, 1363.54, -2973.44
27.203, 1, 1080, 1362.79, -5129.18
27.213, 1, 1080, 1361.9, -6838.91
27.224, 1, 1080, 1361.15, -2159.65
27.234, 1, 1080, 1360.19, -1266.46
27.244, 1, 1080, 1359.51, -15197.6
27.255, 1, 1080, 1358.48, -1103.05
27.265, 1, 1080, 1357.8, -1953.97
27.275, 1, 1080, 1356.77, 0
27.286, 1, 1080, 1356.09, -5545.06
27.296, 1, 1080, 1355.13, -936.836
27.306, 1, 1080, 1354.38, -5861.92
27.316, 1, 1080, 1353.35, -2442.47
27.327, 1, 1080, 1352.67, -5699.09
27.337, 1, 1080, 1351.64, 0
27.347, 1, 1080, 1350.96, -1424.77
27.357, 1, 1080, 1350, -2735.56
27.368, 1, 1080, 1349.25, -4716.49
27.378, 1, 1080, 1348.29, 0
27.388, 1, 1080, 1347.54, -1899.7
27.398, 1, 1080, 1346.65, 0
27.409, 1, 1080, 1345.9, -371.68
27.419, 1, 1080, 1345.01, -1799.71
27.429, 1, 1080, 1344.26, -5946.87
27.44, 1, 1080, 1343.3, 0
27.45, 1, 1080, 1342.48, -3256.62
27.46, 1, 1080, 1341.66, -395.312
27.47, 1, 1080, 1340.84, -4144.79
27.481, 1, 1080, 1339.95, 0
27.491, 1, 1080, 1339.13, -3507.13
27.501, 1, 1080, 1338.31, -1753.57
27.512, 1, 1080, 1337.42, -2849.54
27.522, 1, 1080, 1336.6, 0
27.532, 1, 1080, 1335.78, -1005.72
27.542, 1, 1080, 1334.95, 0
27.553, 1, 1080, 1334.07, -402.289
27.563, 1, 1080, 1333.24, 0
27.574, 1, 1080, 1332.42, -1306.8
27.584, 1, 1080, 1331.6, -2011.44
27.594, 1, 1080, 1330.78, -6411.47
27.604, 1, 1080, 1329.96, -5699.09
27.615, 1, 1080, 1329.14, -5545.06
27.625, 1, 1080, 1328.32, -8548.63
27.635, 1, 1080, 1327.43, -13026.5
27.645, 1, 1080, 1326.61, -7891.05
27.656, 1, 1080, 1325.79, -10942.2
27.666, 1, 1080, 1324.9, -7198.85
27.676, 1, 1080, 1324.01, 0
27.686, 1, 1080, 1323.19, -2442.47
27.696, 1, 1080, 1322.37, -2735.56
27.707, 1, 1080, 1321.62, -5471.12
