0.001, 0, 0, 0, 0
0.013, -0, 0, 0, 0
0.028, -0, 0, 0, 0
0.04, -0, 0, 0, 0
0.053, -0, 0, 0, 0
0.065, -0, 0, 0, 0
0.078, -0, 0, 0, 0
0.09, -0, 0, 0, 0
0.102, -0, 0, 0, 0
0.115, -0, 0, 0, 0
0.127, -0, 0, 0, 0
0.139, -0, 0, 0, 0
0.152, -0, 0, 0, 0
0.164, -0, 0, 0, 0
0.177, -0, 0, 0, 0
0.189, -0, 0, 0, 0
0.201, -0, 0, 0, 0
0.214, -0, 0, 0, 0
0.226, -0, 0, 0, 0
0.238, -0, 0, 0, 0
0.251, -0, 0, 0, 0
0.263, -0, 0, 0, 0
0.275, -0, 0, 0, 0
0.288, -0, 0, 0, 0
0.3, -0, 0, 0, 0
0.313, -0, 0, 0, 0
0.325, -0, 0, 0, 0
0.337, -0, 0, 0, 0
0.35, -0, 0, 0, 0
0.362, -0, 0, 0, 0
0.374, -0, 0, 0, 0
0.387, -0, 0, 0, 0
0.399, -0, 0, 0, 0
0.411, -0, 0, 0, 0
0.424, -0, 0, 0, 0
0.436, -0, 0, 0, 0
0.449, -0, 0, 0, 0
0.461, -0, 0, 0, 0
0.473, -0, 0, 0, 0
0.486, -0, 0, 0, 0
0.498, -0, 0, 0, 0
0.51, -0, 0, 0, 0
0.523, -0, 0, 0, 0
0.535, -0, 0, 0, 0
0.547, -0, 0, 0, 0
0.56, -0, 0, 0, 0
0.572, -0, 0, 0, 0
0.585, -0, 0, 0, 0
0.597, -0, 0, 0, 0
0.609, -0, 0, 0, 0
0.622, -0, 0, 0, 0
0.634, -0, 0, 0, 0
0.646, -0, 0, 0, 0
0.659, -0, 0, 0, 0
0.671, -0, 0, 0, 0
0.683, -0, 0, 0, 0
0.696, -0, 0, 0, 0
0.708, -0, 0, 0, 0
0.72, -0, 0, 0, 0
0.733, -0, 0, 0, 0
0.745, -0, 0, 0, 0
0.758, -0, 0, 0, 0
0.77, -0, 0, 0, 0
0.782, -0, 0, 0, 0
0.794, -0, 0, 0, 0
0.807, -0, 0, 0, 0
0.819, -0, 0, 0, 0
0.831, -0, 0, 0, 0
0.844, -0, 0, 0, 0
0.856, -0, 0, 0, 0
0.869, -0, 0, 0, 0
0.881, -0, 0, 0, 0
0.893, -0, 0, 0, 0
0.906, -0, 0, 0, 0
0.918, -0, 0, 0, 0
0.93, -0, 0, 0, 0
0.943, -0, 0, 0, 0
0.955, -0, 0, 0, 0
0.967, -0, 0, 0, 0
0.98, -0, 0, 0, 0
0.992, -0, 0, 0, 0
1.004, -0, 0, 0, 0
1.017, -0, 0, 0, 0
1.029, -0, 0, 0, 0
1.041, -0, 0, 0, 0
1.054, -0, 0, 0, 0
1.067, -0, 0, 0, 0
1.08, -0, 0, 0, 0
1.092, -0, 0, 0, 0
1.105, -0, 0, 0, 0
1.117, -0, 0, 0, 0
1.13, -0, 0, 0, 0
1.142, -0, 0, 0, 0
1.155, -0, 0, 0, 0
1.167, -0, 0, 0, 0
1.18, -0, 0, 0, 0
1.192, -0, 0, 0, 0
1.205, -0, 0, 0, 0
1.217, -0, 0, 0, 0
1.229, -0, 0, 0, 0
1.242, -0, 0, 0, 0
1.254, -0, 0, 0, 0
1.267, -0, 0, 0, 0
1.279, -0, 0, 0, 0
1.292, -0, 0, 0, 0
1.304, -0, 0, 0, 0
1.317, -0, 0, 0, 0
1.329, -0, 0, 0, 0
1.341, -0, 0, 0, 0
1.354, -0, 0, 0, 0
1.366, -0, 0, 0, 0
1.378, -0, 0, 0, 0
1.391, -0, 0, 0, 0
1.403, -0, 0, 0, 0
1.415, -0, 0, 0, 0
1.428, -0, 0, 0, 0
1.44, -0, 0, 0, 0
1.452, -0, 0, 0, 0
1.465, -0, 0, 0, 0
1.477, -0, 0, 0, 0
1.49, -0, 0, 0, 0
1.502, -0, 0, 0, 0
1.514, -0, 0, 0, 0
1.527, -0, 0, 0, 0
1.539, -0, 0, 0, 0
1.551, -0, 0, 0, 0
1.564, -0, 0, 0, 0
1.576, -0, 0, 0, 0
1.589, -0, 0, 0, 0
1.601, -0, 0, 0, 0
1.613, -0, 0, 0, 0
1.626, -0, 0, 0, 0
1.638, -0, 0, 0, 0
1.65, -0, 0, 0, 0
1.663, -0, 0, 0, 0
1.675, -0, 0, 0, 0
1.688, -0, 0, 0, 0
1.7, -0, 0, 0, 0
1.712, -0, 0, 0, 0
1.724, -0, 0, 0, 0
1.737, -0, 0, 0, 0
1.749, -0, 0, 0, 0
1.761, -0, 0, 0, 0
1.774, -0, 0, 0, 0
1.786, -0, 0, 0, 0
1.798, -0, 0, 0, 0
1.811, -0, 0, 0, 0
1.823, -0, 0, 0, 0
1.835, -0, 0, 0, 0
1.848, -0, 0, 0, 0
1.86, -0, 0, 0, 0
1.873, -0, 0, 0, 0
1.885, -0, 0, 0, 0
1.897, -0, 0, 0, 0
1.91, -0, 0, 0, 0
1.922, -0, 0, 0, 0
1.934, -0, 0, 0, 0
1.947, -0, 0, 0, 0
1.959, -0, 0, 0, 0
1.971, -0, 0, 0, 0
1.984, -0, 0, 0, 0
1.996, -0, 0, 0, 0
2.008, -0, 0, 0, 0
2.021, -0, 0, 0, 0
2.033, -0, 0, 0, 0
2.045, -0, 0, 0, 0
2.058, -0, 0, 0, 0
2.07, -0, 0, 0, 0
2.082, -0, 0, 0, 0
2.095, -0, 0, 0, 0
2.107, -0, 0, 0, 0
2.119, -0, 0, 0, 0
2.132, -0, 0, 0, 0
2.144, -0, 0, 0, 0
2.156, -0, 0, 0, 0
2.169, -0, 0, 0, 0
2.181, -0, 0, 0, 0
2.193, -0, 0, 0, 0
2.206, -0, 0, 0, 0
2.218, -0, 0, 0, 0
2.23, -0, 0, 0, 0
2.243, -0, 0, 0, 0
2.255, -0, 0, 0, 0
2.267, -0, 0, 0, 0
2.28, -0, 0, 0, 0
2.292, -0, 0, 0, 0
2.304, -0, 0, 0, 0
2.317, -0, 0, 0, 0
2.329, -0, 0, 0, 0
2.342, -0, 0, 0, 0
2.354, -0, 0, 0, 0
2.366, -0, 0, 0, 0
2.379, -0, 0, 0, 0
2.391, -0, 0, 0, 0
2.403, -0, 0, 0, 0
2.416, -0, 0, 0, 0
2.428, -0, 0, 0, 0
2.44, -0, 0, 0, 0
2.453, -0, 0, 0, 0
2.465, -0, 0, 0, 0
2.477, -0, 0, 0, 0
2.49, -0, 0, 0, 0
2.502, -0, 0, 0, 0
2.514, -0, 0, 0, 0
2.527, -0, 0, 0, 0
2.539, -0, 0, 0, 0
2.551, -0, 0, 0, 0
2.564, -0, 0, 0, 0
2.576, -0, 0, 0, 0
2.589, -0, 0, 0, 0
2.601, -0, 0, 0, 0
2.613, -0, 0, 0, 0
2.626, -0, 0, 0, 0
2.638, -0, 0, 0, 0
2.65, -0, 0, 0, 0
2.663, -0, 0, 0, 0
2.675, -0, 0, 0, 0
2.687, -0, 0, 0, 0
2.7, -0, 0, 0, 0
2.712, -0, 0, 0, 0
2.725, -0, 0, 0, 0
2.737, -0, 0, 0, 0
2.749, -0, 0, 0, 0
2.762, -0, 0, 0, 0
2.774, -0, 0, 0, 0
2.786, -0, 0, 0, 0
2.799, -0, 0, 0, 0
2.811, -0, 0, 0, 0
2.823, -0, 0, 0, 0
2.836, -0, 0, 0, 0
2.848, -0, 0, 0, 0
2.86, -0, 0, 0, 0
2.873, -0, 0, 0, 0
2.885, -0, 0, 0, 0
2.897, -0, 0, 0, 0
2.91, -0, 0, 0, 0
2.922, -0, 0, 0, 0
2.934, -0, 0, 0, 0
2.947, -0, 0, 0, 0
2.959, -0, 0, 0, 0
2.971, -0, 0, 0, 0
2.984, -0, 0, 0, 0
2.996, -0, 0, 0, 0
3.009, -0, 0, 0, 0
3.021, -0, 0, 0, 0
3.033, -0, 0, 0, 0
3.046, -0, 0, 0, 0
3.058, -0, 0, 0, 0
3.07, -0, 0, 0, 0
3.083, -0, 0, 0, 0
3.095, -0, 0, 0, 0
3.107, -0, 0, 0, 0
3.12, -0, 0, 0, 0
3.132, -0, 0, 0, 0
3.145, -0, 0, 0, 0
3.157, -0, 0, 0, 0
3.169, -0, 0, 0, 0
3.182, -0, 0, 0, 0
3.194, -0, 0, 0, 0
3.207, -0, 0, 0, 0
3.219, -0, 0, 0, 0
3.231, -0, 0, 0, 0
3.244, -0, 0, 0, 0
3.256, -0, 0, 0, 0
3.268, -0, 0, 0, 0
3.281, -0, 0, 0, 0
3.293, -0, 0, 0, 0
3.306, -0, 0, 0, 0
3.318, -0, 0, 0, 0
3.33, -0, 0, 0, 0
3.343, -0, 0, 0, 0
3.355, -0, 0, 0, 0
3.368, -0, 0, 0, 0
3.38, -0, 0, 0, 0
3.392, -0, 0, 0, 0
3.405, -0, 0, 0, 0
3.417, -0, 0, 0, 0
3.43, -0, 0, 0, 0
3.442, -0, 0, 0, 0
3.454, -0, 0, 0, 0
3.467, -0, 0, 0, 0
3.479, -0, 0, 0, 0
3.491, -0, 0, 0, 0
3.504, -0, 0, 0, 0
3.516, -0, 0, 0, 0
3.528, -0, 0, 0, 0
3.541, -0, 0, 0, 0
3.553, -0, 0, 0, 0
3.566, -0, 0, 0, 0
3.578, -0, 0, 0, 0
3.59, -0, 0, 0, 0
3.603, -0, 0, 0, 0
3.615, -0, 0, 0, 0
3.627, -0, 0, 0, 0
3.64, -0, 0, 0, 0
3.652, -0, 0, 0, 0
3.665, -0, 0, 0, 0
3.677, -0, 0, 0, 0
3.689, -0, 0, 0, 0
3.702, -0, 0, 0, 0
3.714, -0, 0, 0, 0
3.726, -0, 0, 0, 0
3.739, -0, 0, 0, 0
3.751, -0, 0, 0, 0
3.764, -0, 0, 0, 0
3.776, -0, 0, 0, 0
3.788, -0, 0, 0, 0
3.801, -0, 0, 0, 0
3.813, -0, 0, 0, 0
3.826, -0, 0, 0, 0
3.838, -0, 0, 0, 0
3.851, -0, 0, 0, 0
3.863, -0, 0, 0, 0
3.875, -0, 0, 0, 0
3.888, -0, 0, 0, 0
3.9, -0, 0, 0, 0
3.913, -0, 0, 0, 0
3.925, -0, 0, 0, 0
3.939, -0, 0, 0, 0
3.951, -0, 0, 0, 0
3.964, -0, 0, 0, 0
3.976, -0, 0, 0, 0
3.989, -0, 0, 0, 0
4.001, -0, 0, 0, 0
4.013, -0, 0, 0, 0
4.026, -0, 0, 0, 0
4.038, -0, 0, 0, 0
4.051, -0, 0, 0, 0
4.063, -0, 0, 0, 0
4.075, -0, 0, 0, 0
4.088, -0, 0, 0, 0
4.1, -0, 0, 0, 0
4.112, -0, 0, 0, 0
4.125, -0, 0, 0, 0
4.137, -0, 0, 0, 0
4.149, -0, 0, 0, 0
4.162, -0, 0, 0, 0
4.174, -0, 0, 0, 0
4.186, -0, 0, 0, 0
4.203, -0, 0, 0, 0
4.215, -0, 0, 0, 0
4.228, -0, 0, 0, 0
4.24, -0, 0, 0, 0
4.252, -0, 0, 0, 0
4.265, -0, 0, 0, 0
4.277, -0, 0, 0, 0
4.29, -0, 0, 0, 0
4.302, -0, 0, 0, 0
4.315, -0, 0, 0, 0
4.327, -0, 0, 0, 0
4.339, -0, 0, 0, 0
4.352, -0, 0, 0, 0
4.366, -0, 0, 0, 0
4.379, -0, 0, 0, 0
4.392, -0, 0, 0, 0
4.404, -0, 0, 0, 0
4.417, -0, 0, 0, 0
4.429, -0, 0, 0, 0
4.442, -0, 0, 0, 0
4.454, -0, 0, 0, 0
4.466, -0, 0, 0, 0
4.479, -0, 0, 0, 0
4.491, -0, 0, 0, 0
4.503, -0, 0, 0, 0
4.516, -0, 0, 0, 0
4.528, -0, 0, 0, 0
4.541, -0, 0, 0, 0
4.553, -0, 0, 0, 0
4.566, -0, 0, 0, 0
4.578, -0, 0, 0, 0
4.59, -0, 0, 0, 0
4.603, -0, 0, 0, 0
4.615, -0, 0, 0, 0
4.627, -0, 0, 0, 0
4.64, -0, 0, 0, 0
4.652, -0, 0, 0, 0
4.664, -0, 0, 0, 0
4.677, -0, 0, 0, 0
4.689, -0, 0, 0, 0
4.701, -0, 0, 0, 0
4.714, -0, 0, 0, 0
4.726, -0, 0, 0, 0
4.738, -0, 0, 0, 0
4.751, -0, 0, 0, 0
4.763, -0, 0, 0, 0
4.775, -0, 0, 0, 0
4.788, -0, 0, 0, 0
4.8, -0, 0, 0, 0
4.812, -0, 0, 0, 0
4.825, -0, 0, 0, 0
4.837, -0, 0, 0, 0
4.85, -0, 0, 0, 0
4.862, -0, 0, 0, 0
4.874, -0, 0, 0, 0
4.887, -0, 0, 0, 0
4.899, -0, 0, 0, 0
4.912, -0, 0, 0, 0
4.924, -0, 0, 0, 0
4.936, -0, 0, 0, 0
4.949, -0, 0, 0, 0
4.961, -0, 0, 0, 0
4.973, -0, 0, 0, 0
4.986, -0, 0, 0, 0
4.998, -0, 0, 0, 0
5.01, -0, 0, 0, 0
5.023, -0, 0, 0, 0
5.035, -0, 0, 0, 0
5.047, -0, 0, 0, 0
5.06, -0, 0, 0, 0
5.072, -0, 0, 0, 0
5.085, -0, 0, 0, 0
5.097, -0, 0, 0, 0
5.109, -0, 0, 0, 0
5.122, -0, 0, 0, 0
5.134, -0, 0, 0, 0
5.147, -0, 0, 0, 0
5.159, -0, 0, 0, 0
5.172, -0, 0, 0, 0
5.184, -0, 0, 0, 0
5.196, -0, 0, 0, 0
5.209, -0, 0, 0, 0
5.221, -0, 0, 0, 0
5.234, -0, 0, 0, 0
5.246, -0, 0, 0, 0
5.259, -0, 0, 0, 0
5.271, -0, 0, 0, 0
5.283, -0, 0, 0, 0
5.296, -0, 0, 0, 0
5.308, -0, 0, 0, 0
5.32, -0, 0, 0, 0
5.333, -0, 0, 0, 0
5.345, -0, 0, 0, 0
5.357, -0, 0, 0, 0
5.37, -0, 0, 0, 0
5.382, -0, 0, 0, 0
5.395, -0, 0, 0, 0
5.407, -0, 0, 0, 0
5.419, -0, 0, 0, 0
5.432, -0, 0, 0, 0
5.444, -0, 0, 0, 0
5.456, -0, 0, 0, 0
5.469, -0, 0, 0, 0
5.481, -0, 0, 0, 0
5.493, -0, 0, 0, 0
5.506, -0, 0, 0, 0
5.518, -0, 0, 0, 0
5.53, -0, 0, 0, 0
5.543, -0, 0, 0, 0
5.555, -0, 0, 0, 0
5.567, -0, 0, 0, 0
5.58, -0, 0, 0, 0
5.592, -0, 0, 0, 0
5.604, -0, 0, 0, 0
5.617, -0, 0, 0, 0
5.629, -0, 0, 0, 0
5.641, -0, 0, 0, 0
5.654, -0, 0, 0, 0
5.666, -0, 0, 0, 0
5.678, -0, 0, 0, 0
5.691, -0, 0, 0, 0
5.703, -0, 0, 0, 0
5.715, -0, 0, 0, 0
5.728, -0, 0, 0, 0
5.74, -0, 0, 0, 0
5.752, -0, 0, 0, 0
5.765, -0, 0, 0, 0
5.777, -0, 0, 0, 0
5.79, -0, 0, 0, 0
5.802, -0, 0, 0, 0
5.814, -0, 0, 0, 0
5.827, -0, 0, 0, 0
5.839, -0, 0, 0, 0
5.851, -0, 0, 0, 0
5.864, -0, 0, 0, 0
5.876, -0, 0, 0, 0
5.889, -0, 0, 0, 0
5.901, -0, 0, 0, 0
5.913, -0, 0, 0, 0
5.926, -0, 0, 0, 0
5.938, -0, 0, 0, 0
5.951, -0, 0, 0, 0
5.963, -0, 0, 0, 0
5.975, -0, 0, 0, 0
5.988, -0, 0, 0, 0
6, -0, 0, 0, 0
6.013, -0, 0, 0, 0
6.025, -0, 0, 0, 0
6.038, -0, 0, 0, 0
6.05, -0, 0, 0, 0
6.062, -0, 0, 0, 0
6.075, -0, 0, 0, 0
6.087, -0, 0, 0, 0
6.099, -0, 0, 0, 0
6.112, -0, 0, 0, 0
6.124, -0, 0, 0, 0
6.137, -0, 0, 0, 0
6.149, -0, 0, 0, 0
6.161, -0, 0, 0, 0
6.174, -0, 0, 0, 0
6.186, -0, 0, 0, 0
6.198, -0, 0, 0, 0
6.21, -0, 0, 0, 0
6.223, -0, 0, 0, 0
6.235, -0, 0, 0, 0
6.247, -0, 0, 0, 0
6.26, -0, 0, 0, 0
6.272, -0, 0, 0, 0
6.284, -0, 0, 0, 0
6.297, -0, 0, 0, 0
6.309, -0, 0, 0, 0
6.322, -0, 0, 0, 0
6.334, -0, 0, 0, 0
6.346, -0, 0, 0, 0
6.358, -0, 0, 0, 0
6.371, -0, 0, 0, 0
6.383, -0, 0, 0, 0
6.395, -0, 0, 0, 0
6.408, -0, 0, 0, 0
6.42, -0, 0, 0, 0
6.433, -0, 0, 0, 0
6.445, -0, 0, 0, 0
6.457, -0, 0, 0, 0
6.47, -0, 0, 0, 0
6.482, -0, 0, 0, 0
6.494, -0, 0, 0, 0
6.507, -0, 0, 0, 0
6.519, -0, 0, 0, 0
6.531, -0, 0, 0, 0
6.544, -0, 0, 0, 0
6.556, -0, 0, 0, 0
6.568, -0, 0, 0, 0
6.581, -0, 0, 0, 0
6.593, -0, 0, 0, 0
6.605, -0, 0, 0, 0
6.618, -0, 0, 0, 0
6.63, -0, 0, 0, 0
6.643, -0, 0, 0, 0
6.655, -0, 0, 0, 0
6.667, -0, 0, 0, 0
6.68, -0, 0, 0, 0
6.692, -0, 0, 0, 0
6.704, -0, 0, 0, 0
6.717, -0, 0, 0, 0
6.729, -0, 0, 0, 0
6.742, -0, 0, 0, 0
6.754, -0, 0, 0, 0
6.766, -0, 0, 0, 0
6.779, -0, 0, 0, 0
6.791, -0, 0, 0, 0
6.803, -0, 0, 0, 0
6.815, -0, 0, 0, 0
6.828, -0, 0, 0, 0
6.84, -0, 0, 0, 0
6.852, -0, 0, 0, 0
6.865, -0, 0, 0, 0
6.877, -0, 0, 0, 0
6.89, -0, 0, 0, 0
6.902, -0, 0, 0, 0
6.914, -0, 0, 0, 0
6.926, -0, 0, 0, 0
6.939, -0, 0, 0, 0
6.951, -0, 0, 0, 0
6.963, -0, 0, 0, 0
6.976, -0, 0, 0, 0
6.988, -0, 0, 0, 0
7.001, -0, 0, 0, 0
7.013, -0, 0, 0, 0
7.025, -0, 0, 0, 0
7.038, -0, 0, 0, 0
7.05, -0, 0, 0, 0
7.062, -0, 0, 0, 0
7.075, -0, 0, 0, 0
7.087, -0, 0, 0, 0
7.099, -0, 0, 0, 0
7.112, -0, 0, 0, 0
7.124, -0, 0, 0, 0
7.136, -0, 0, 0, 0
7.149, -0, 0, 0, 0
7.161, -0, 0, 0, 0
7.173, -0, 0, 0, 0
7.186, -0, 0, 0, 0
7.198, -0, 0, 0, 0
7.21, -0, 0, 0, 0
7.223, -0, 0, 0, 0
7.235, -0, 0, 0, 0
7.247, -0, 0, 0, 0
7.26, -0, 0, 0, 0
7.272, -0, 0, 0, 0
7.284, -0, 0, 0, 0
7.297, -0, 0, 0, 0
7.309, -0, 0, 0, 0
7.321, -0, 0, 0, 0
7.334, -0, 0, 0, 0
7.346, -0, 0, 0, 0
7.358, -0, 0, 0, 0
7.37, -0, 0, 0, 0
7.383, -0, 0, 0, 0
7.395, -0, 0, 0, 0
7.407, -0, 0, 0, 0
7.42, -0, 0, 0, 0
7.432, -0, 0, 0, 0
7.444, -0, 0, 0, 0
7.457, -0, 0, 0, 0
7.469, -0, 0, 0, 0
7.482, -0, 0, 0, 0
7.494, -0, 0, 0, 0
7.506, -0, 0, 0, 0
7.519, -0, 0, 0, 0
7.531, -0, 0, 0, 0
7.543, -0, 0, 0, 0
7.556, -0, 0, 0, 0
7.568, -0, 0, 0, 0
7.58, -0, 0, 0, 0
7.593, -0, 0, 0, 0
7.605, -0, 0, 0, 0
7.617, -0, 0, 0, 0
7.63, -0, 0, 0, 0
7.642, -0, 0, 0, 0
7.654, -0, 0, 0, 0
7.667, -0, 0, 0, 0
7.679, -0, 0, 0, 0
7.691, -0, 0, 0, 0
7.704, -0, 0, 0, 0
7.716, -0, 0, 0, 0
7.728, -0, 0, 0, 0
7.741, -0, 0, 0, 0
7.753, -0, 0, 0, 0
7.766, -0, 0, 0, 0
7.778, -0, 0, 0, 0
7.79, -0, 0, 0, 0
7.803, -0, 0, 0, 0
7.815, -0, 0, 0, 0
7.827, -0, 0, 0, 0
7.84, -0, 0, 0, 0
