0, 0, 0, 0, 0
0.01, 0, 0, 0, 0
0.126, 1, 0, 0, 0
0.344, 1, 0, 0, 0
0.563, 1, 0, 0, 0
0.682, 1, 0, 0, 0
0.696, 1, 0, 0, 0
0.711, 1, 0, 0, 0
0.726, 1, 0, 0, 0
0.738, 1, 0, 0, 0
0.751, 1, 0, 0, 0
0.764, 1, 0, 0, 0
0.776, 1, 0, 0, 0
0.79, 1, 0, 0, 0
0.803, 1, 0, 0, 0
0.816, 1, 0, 0, 0
0.828, 1, 0, 0, 0
0.841, 1, 0, 0, 0
0.854, 1, 0, 0, 0
0.866, 1, 0, 0, 0
0.879, 1, 0, 0, 0
0.892, 1, 0, 0, 0
0.905, 1, 0, 0, 0
0.918, 1, 0, 0, 0
0.931, 1, 0, 0, 0
0.943, 1, 0, 0, 0
0.956, 1, 0, 0, 0
0.969, 1, 0, 0, 0
0.982, 1, 0, 0, 0
0.994, 1, 0, 0, 0
1.007, 1, 0, 0, 0
1.02, 1, 0, 0, 0
1.033, 1, 0, 0, 0
1.046, 1, 0, 0, 0
1.058, 1, 0, 0, 0
1.071, 1, 0, 0, 0
1.084, 1, 0, 0, 0
1.097, 1, 0, 0, 0
1.11, 1, 0, 0, 0
1.122, 1, 0, 0, 0
1.135, 1, 0, 0, 0
1.148, 1, 0, 0, 0
1.161, 1, 0, 0, 0
1.174, 1, 0, 0, 0
1.186, 1, 0, 0, 0
1.2, 1, 0, 0, 0
1.212, 1, 0, 0, 0
1.225, 1, 0, 0, 0
1.237, 1, 0, 0, 0
1.25, 1, 0, 0, 0
1.262, 1, 0, 0, 0
1.276, 1, 0, 0, 0
1.289, 1, 0, 0, 0
1.302, 1, 0, 0, 0
1.314, 1, 0, 0, 0
1.327, 1, 0, 0, 0
1.339, 1, 0, 0, 0
1.352, 1, 0, 0, 0
1.365, 1, 0, 0, 0
1.377, 1, 0, 0, 0
1.39, 1, 0, 0, 0
1.403, 1, 0, 0, 0
1.415, 1, 0, 0, 0
1.428, 1, 0, 0, 0
1.44, 1, 0, 0, 0
1.453, 1, 0, 0, 0
1.465, 1, 0, 0, 0
1.478, 1, 0, 0, 0
1.491, 1, 0, 0, 0
1.504, 1, 0, 0, 0
1.517, 1, 0, 0, 0
1.529, 1, 0, 0, 0
1.542, 1, 0, 0, 0
1.554, 1, 0, 0, 0
1.567, 1, 0, 0, 0
1.58, 1, 0, 0, 0
1.592, 1, 0, 0, 0
1.605, 1, 0, 0, 0
1.618, 1, 0, 0, 0
1.631, 1, 0, 0, 0
1.644, 1, 0, 0, 0
1.656, 1, 0, 0, 0
1.669, 1, 0, 0, 0
1.682, 1, 0, 0, 0
1.694, 1, 0, 0, 0
1.707, 1, 0, 0, 0
1.72, 1, 0, 0, 0
1.733, 1, 0, 0, 0
1.745, 1, 0, 0, 0
1.758, 1, 0, 0, 0
1.77, 1, 0, 0, 0
1.783, 1, 0, 0, 0
1.796, 1, 0, 0, 0
1.809, 1, 0, 0, 0
1.821, 1, 0, 0, 0
1.834, 1, 0, 0, 0
1.846, 1, 0, 0, 0
1.859, 1, 0, 0, 0
1.872, 1, 0, 0, 0
1.885, 1, 0, 0, 0
1.898, 1, 0, 0, 0
1.911, 1, 0, 0, 0
1.924, 1, 0, 0, 0
1.936, 1, 0, 0, 0
1.949, 1, 0, 0, 0
1.962, 1, 0, 0, 0
1.974, 1, 0, 0, 0
1.987, 1, 0, 0, 0
1.999, 1, 0, 0, 0
2.012, 1, 0, 0, 0
2.025, 1, 0, 0, 0
2.037, 1, 0, 0, 0
2.05, 1, 0, 0, 0
2.063, 1, 0, 0, 0
2.075, 1, 0, 0, 0
2.088, 1, 0, 0, 0
2.101, 1, 0, 0, 0
2.114, 1, 0, 0, 0
2.127, 1, 0, 0, 0
2.14, 1, 0, 0, 0
2.152, 1, 0, 0, 0
2.165, 1, 0, 0, 0
2.178, 1, 0, 0, 0
2.19, 1, 0, 0, 0
2.203, 1, 0, 0, 0
2.216, 1, 0, 0, 0
2.228, 1, 0, 0, 0
2.241, 1, 0, 0, 0
2.255, 1, 0, 0, 0
2.267, 1, 0, 0, 0
2.28, 1, 0, 0, 0
2.293, 1, 0, 0, 0
2.305, 1, 0, 0, 0
2.318, 1, 0, 0, 0
2.331, 1, 0, 0, 0
2.344, 1, 0, 0, 0
2.356, 1, 0, 0, 0
2.369, 1, 0, 0, 0
2.381, 1, 0, 0, 0
2.394, 1, 0, 0, 0
2.407, 1, 0, 0, 0
2.42, 1, 0, 0, 0
2.432, 1, 0, 0, 0
2.445, 1, 0, 0, 0
2.457, 1, 0, 0, 0
2.47, 1, 0, 0, 0
2.483, 1, 0, 0, 0
2.495, 1, 0, 0, 0
2.509, 1, 0, 0, 0
2.519, 1, 0, 0, 0
2.532, 1, 0, 0, 0
2.545, 1, 0, 0, 0
2.558, 1, 0, 0, 0
2.57, 1, 0, 0, 0
2.583, 1, 0, 0, 0
2.596, 1, 0, 0, 0
2.608, 1, 0, 0, 0
2.621, 1, 0, 0, 0
2.634, 1, 0, 0, 0
2.646, 1, 0, 0, 0
2.659, 1, 0, 0, 0
2.671, 1, 0, 0, 0
2.684, 1, 0, 0, 0
2.697, 1, 0, 0, 0
2.709, 1, 0, 0, 0
2.722, 1, 0, 0, 0
2.735, 1, 0, 0, 0
2.748, 1, 0, 0, 0
2.76, 1, 0, 0, 0
2.773, 1, 0, 0, 0
2.786, 1, 0, 0, 0
2.798, 1, 0, 0, 0
2.811, 1, 0, 0, 0
2.824, 1, 0, 0, 0
2.836, 1, 0, 0, 0
2.849, 1, 0, 0, 0
2.861, 1, 0, 0, 0
2.874, 1, 0, 0, 0
2.887, 1, 0, 0, 0
2.899, 1, 0, 0, 0
2.912, 1, 0, 0, 0
2.925, 1, 0, 0, 0
2.938, 1, 0, 0, 0
2.95, 1, 0, 0, 0
2.963, 1, 0, 0, 0
2.975, 1, 0, 0, 0
2.988, 1, 0, 0, 0
3.001, 1, 0, 0, 0
3.013, 1, 0, 0, 0
3.026, 1, 0, 0, 0
3.039, 1, 0, 0, 0
3.052, 1, 0, 0, 0
3.065, 1, 0, 0, 0
3.077, 1, 0, 0, 0
3.09, 1, 0, 0, 0
3.102, 1, 0, 0, 0
3.114, 1, 0, 0, 0
3.127, 1, 0, 0, 0
3.139, 1, 0, 0, 0
3.152, 1, 0, 0, 0
3.164, 1, 0, 0, 0
3.177, 1, 0, 0, 0
3.189, 1, 0, 0, 0
3.202, 1, 0, 0, 0
3.214, 1, 0, 0, 0
3.226, 1, 0, 0, 0
3.239, 1, 0, 0, 0
3.251, 1, 0, 0, 0
3.263, 1, 0, 0, 0
3.276, 1, 0, 0, 0
3.289, 1, 0, 0, 0
3.301, 1, 0, 0, 0
3.313, 1, 0, 0, 0
3.326, 1, 0, 0, 0
3.336, 1, 0, 0, 0
3.349, 1, 0, 0, 0
3.361, 1, 0, 0, 0
3.373, 1, 0, 0, 0
3.386, 1, 0, 0, 0
3.398, 1, 0, 0, 0
3.411, 1, 0, 0, 0
3.423, 1, 0, 0, 0
3.436, 1, 0, 0, 0
3.448, 1, 0, 0, 0
3.46, 1, 0, 0, 0
3.473, 1, 0, 0, 0
3.485, 1, 0, 0, 0
3.498, 1, 0, 0, 0
3.51, 1, 0, 0, 0
3.523, 1, 0, 0, 0
3.535, 1, 0, 0, 0
3.548, 1, 0, 0, 0
3.56, 1, 0, 0, 0
3.573, 1, 0, 0, 0
3.585, 1, 0, 0, 0
3.598, 1, 0, 0, 0
3.611, 1, 0, 0, 0
3.624, 1, 0, 0, 0
3.637, 1, 0, 0, 0
3.65, 1, 0, 0, 0
3.663, 1, 0, 0, 0
3.675, 1, 0, 0, 0
3.688, 1, 0, 0, 0
3.7, 1, 0, 0, 0
3.713, 1, 0, 0, 0
3.726, 1, 0, 0, 0
3.738, 1, 0, 0, 0
3.751, 1, 0, 0, 0
3.763, 1, 0, 0, 0
3.775, 1, 0, 0, 0
3.788, 1, 0, 0, 0
3.8, 1, 0, 0, 0
3.813, 1, 0, 0, 0
3.825, 1, 0, 0, 0
3.838, 1, 0, 0, 0
3.85, 1, 0, 0, 0
3.862, 1, 0, 0, 0
3.875, 1, 0, 0, 0
3.887, 1, 0, 0, 0
3.9, 1, 0, 0, 0
3.912, 1, 0, 0, 0
3.925, 1, 0, 0, 0
3.937, 1, 0, 0, 0
3.948, 1, 0, 0, 0
3.96, 1, 0, 0, 0
3.972, 1, 0, 0, 0
3.985, 1, 0, 0, 0
3.998, 1, 0, 0, 0
4.011, 1, 0, 0, 0
4.023, 1, 0, 0, 0
4.036, 1, 0, 0, 0
4.048, 1, 0, 0, 0
4.061, 1, 0, 0, 0
4.073, 1, 0, 0, 0
4.086, 1, 0, 0, 0
4.098, 1, 0, 0, 0
4.111, 1, 0, 0, 0
4.123, 1, 0, 0, 0
4.136, 1, 0, 0, 0
4.148, 1, 0, 0, 0
4.16, 1, 0, 0, 0
4.173, 1, 0, 0, 0
4.185, 1, 0, 0, 0
4.198, 1, 0, 0, 0
4.21, 1, 0, 0, 0
4.223, 1, 0, 0, 0
4.235, 1, 0, 0, 0
4.248, 1, 0, 0, 0
4.26, 1, 0, 0, 0
4.272, 1, 0, 0, 0
4.285, 1, 0, 0, 0
4.297, 1, 0, 0, 0
4.31, 1, 0, 0, 0
4.322, 1, 0, 0, 0
4.335, 1, 0, 0, 0
4.347, 1, 0, 0, 0
4.359, 1, 0, 0, 0
4.372, 1, 0, 0, 0
4.384, 1, 0, 0, 0
4.397, 1, 0, 0, 0
4.409, 1, 0, 0, 0
4.422, 1, 0, 0, 0
4.434, 1, 0, 0, 0
4.446, 1, 0, 0, 0
4.459, 1, 0, 0, 0
4.471, 1, 0, 0, 0
4.484, 1, 0, 0, 0
4.496, 1, 0, 0, 0
4.509, 1, 0, 0, 0
4.521, 1, 0, 0, 0
4.533, 1, 0, 0, 0
4.546, 1, 0, 0, 0
4.558, 1, 0, 0, 0
4.571, 1, 0, 0, 0
4.583, 1, 0, 0, 0
4.596, 1, 0, 0, 0
4.608, 1, 0, 0, 0
4.621, 1, 0, 0, 0
4.633, 1, 0, 0, 0
4.645, 1, 0, 0, 0
4.658, 1, 0, 0, 0
4.67, 1, 0, 0, 0
4.683, 1, 0, 0, 0
4.695, 1, 0, 0, 0
4.708, 1, 0, 0, 0
4.72, 1, 0, 0, 0
4.732, 1, 0, 0, 0
4.745, 1, 0, 0, 0
4.757, 1, 0, 0, 0
4.77, 1, 0, 0, 0
4.782, 1, 0, 0, 0
4.795, 1, 0, 0, 0
4.807, 1, 0, 0, 0
4.819, 1, 0, 0, 0
4.832, 1, 0, 0, 0
4.844, 1, 0, 0, 0
4.857, 1, 0, 0, 0
4.869, 1, 0, 0, 0
4.882, 1, 0, 0, 0
4.894, 1, 0, 0, 0
4.907, 1, 0, 0, 0
4.919, 1, 0, 0, 0
4.931, 1, 0, 0, 0
4.944, 1, 0, 0, 0
4.956, 1, 0, 0, 0
4.97, 1, 0, 0, 0
4.982, 1, 0, 0, 0
4.995, 1, 0, 0, 0
5.007, 1, 0, 0, 0
5.019, 1, 0, 0, 0
5.032, 1, 0, 0, 0
5.044, 1, 0, 0, 0
5.057, 1, 0, 0, 0
5.069, 1, 0, 0, 0
5.082, 1, 0, 0, 0
5.094, 1, 0, 0, 0
5.106, 1, 0, 0, 0
5.119, 1, 0, 0, 0
5.131, 1, 0, 0, 0
5.144, 1, 0, 0, 0
5.156, 1, 0, 0, 0
5.169, 1, 0, 0, 0
5.181, 1, 0, 0, 0
5.195, 1, 0, 0, 0
5.209, 1, 0, 0, 0
5.221, 1, 0, 0, 0
5.234, 1, 0, 0, 0
5.246, 1, 0, 0, 0
5.258, 1, 0, 0, 0
5.271, 1, 0, 0, 0
5.284, 1, 0, 0, 0
5.297, 1, 0, 0, 0
5.309, 1, 0, 0, 0
5.321, 1, 0, 0, 0
5.334, 1, 0, 0, 0
5.346, 1, 0, 0, 0
5.358, 1, 0, 0, 0
5.371, 1, 0, 0, 0
5.383, 1, 0, 0, 0
5.396, 1, 0, 0, 0
5.408, 1, 0, 0, 0
5.421, 1, 0, 0, 0
5.433, 1, 0, 0, 0
5.445, 1, 0, 0, 0
5.458, 1, 0, 0, 0
5.47, 1, 0, 0, 0
5.483, 1, 0, 0, 0
5.495, 1, 0, 0, 0
5.508, 1, 0, 0, 0
5.52, 1, 0, 0, 0
5.533, 1, 0, 0, 0
5.546, 1, 0, 0, 0
5.558, 1, 0, 0, 0
5.569, 1, 0, 0, 0
5.582, 1, 0, 0, 0
5.594, 1, 0, 0, 0
5.607, 1, 0, 0, 0
5.62, 1, 0, 0, 0
5.633, 1, 0, 0, 0
5.645, 1, 0, 0, 0
5.658, 1, 0, 0, 0
5.671, 1, 0, 0, 0
5.683, 1, 0, 0, 0
5.696, 1, 0, 0, 0
5.708, 1, 0, 0, 0
5.721, 1, 0, 0, 0
5.734, 1, 0, 0, 0
5.746, 1, 0, 0, 0
5.759, 1, 0, 0, 0
5.772, 1, 0, 0, 0
5.784, 1, 0, 0, 0
5.797, 1, 0, 0, 0
5.809, 1, 0, 0, 0
5.822, 1, 0, 0, 0
5.835, 1, 0, 0, 0
5.847, 1, 0, 0, 0
5.86, 1, 0, 0, 0
5.873, 1, 0, 0, 0
5.886, 1, 0, 0, 0
5.898, 1, 0, 0, 0
5.911, 1, 0, 0, 0
5.923, 1, 0, 0, 0
5.936, 1, 0, 0, 0
5.95, 1, 0, 0, 0
5.962, 1, 0, 0, 0
5.975, 1, 0, 0, 0
5.988, 1, 0, 0, 0
6.001, 1, 0, 0, 0
6.014, 1, 0, 0, 0
6.026, 1, 0, 0, 0
6.039, 1, 0, 0, 0
6.052, 1, 0, 0, 0
6.065, 1, 0, 0, 0
6.079, 1, 0, 0, 0
6.092, 1, 0, 0, 0
6.105, 1, 0, 0, 0
6.117, 1, 0, 0, 0
6.13, 1, 0, 0, 0
6.143, 1, 0, 0, 0
6.156, 1, 0, 0, 0
6.169, 1, 0, 0, 0
6.181, 1, 0, 0, 0
6.194, 1, 0, 0, 0
6.207, 1, 0, 0, 0
6.219, 1, 0, 0, 0
6.232, 1, 0, 0, 0
6.245, 1, 0, 0, 0
6.257, 1, 0, 0, 0
6.27, 1, 0, 0, 0
6.282, 1, 0, 0, 0
6.294, 1, 0, 0, 0
6.307, 1, 0, 0, 0
6.319, 1, 0, 0, 0
6.332, 1, 0, 0, 0
6.344, 1, 0, 0, 0
6.357, 1, 0, 0, 0
6.369, 1, 0, 0, 0
6.382, 1, 0, 0, 0
6.395, 1, 0, 0, 0
6.408, 1, 0, 0, 0
6.421, 1, 0, 0, 0
6.433, 1, 0, 0, 0
6.446, 1, 0, 0, 0
6.459, 1, 0, 0, 0
6.471, 1, 0, 0, 0
6.485, 1, 0, 0, 0
6.499, 1, 0, 0, 0
6.511, 1, 0, 0, 0
6.524, 1, 0, 0, 0
6.536, 1, 0, 0, 0
6.549, 1, 0, 0, 0
6.562, 1, 0, 0, 0
6.575, 1, 0, 0, 0
6.586, 1, 0, 0, 0
6.598, 1, 0, 0, 0
6.611, 1, 0, 0, 0
6.624, 1, 0, 0, 0
6.636, 1, 0, 0, 0
6.649, 1, 0, 0, 0
6.662, 1, 0, 0, 0
6.674, 1, 0, 0, 0
6.687, 1, 0, 0, 0
6.7, 1, 0, 0, 0
6.712, 1, 0, 0, 0
6.725, 1, 0, 0, 0
6.737, 1, 0, 0, 0
6.75, 1, 0, 0, 0
6.762, 1, 0, 0, 0
6.775, 1, 0, 0, 0
6.788, 1, 0, 0, 0
6.801, 1, 0, 0, 0
6.813, 1, 0, 0, 0
6.826, 1, 0, 0, 0
6.838, 1, 0, 0, 0
6.851, 1, 0, 0, 0
6.864, 1, 0, 0, 0
6.877, 1, 0, 0, 0
6.889, 1, 0, 0, 0
6.901, 1, 0, 0, 0
6.913, 1, 0, 0, 0
6.925, 1, 0, 0, 0
6.938, 1, 0, 0, 0
6.951, 1, 0, 0, 0
6.963, 1, 0, 0, 0
6.976, 1, 0, 0, 0
6.989, 1, 0, 0, 0
7.001, 1, 0, 0, 0
7.014, 1, 0, 0, 0
7.026, 1, 0, 0, 0
7.039, 1, 0, 0, 0
7.052, 1, 0, 0, 0
7.064, 1, 0, 0, 0
7.077, 1, 0, 0, 0
7.09, 1, 0, 0, 0
7.103, 1, 0, 0, 0
7.115, 1, 0, 0, 0
7.128, 1, 0, 0, 0
7.141, 1, 0, 0, 0
7.153, 1, 0, 0, 0
7.166, 1, 0, 0, 0
7.179, 1, 0, 0, 0
7.192, 1, 0, 0, 0
7.205, 1, 0, 0.273556, 60.8444
7.218, 1, 0, 1.29939, 59.8853
7.23, 1, 0, 2.66717, 122.451
7.243, 1, 0, 4.24012, 117.004
7.255, 1, 0, 5.81307, 117.709
7.268, 1, 0, 7.45441, 113.415
7.281, 1, 0, 9.16413, 116.308
7.293, 1, 0, 10.7371, 110.841
7.306, 1, 0, 12.31, 117.004
7.319, 1, 0, 13.9514, 113.133
7.332, 1, 0, 15.4559, 61.4457
7.345, 1, 0, 16.003, 56.6604
7.357, 1, 0, 16.2082, 0
7.371, 1, 0, 16.2082, 0
7.383, 1, 0, 16.2082, 0
7.396, 1, 0, 16.2082, 0
7.409, 1, 0, 16.2082, 0
7.422, 1, 0, 16.2082, 0
7.434, 1, 0, 16.2082, 0
7.447, 1, 0, 16.2082, 0
7.46, 1, 0, 16.2082, 0
7.473, 1, 0, 16.2082, 0
7.485, 1, 0, 16.2082, 0
7.498, 1, 0, 16.2082, 0
7.511, 1, 0, 16.2082, 0
7.523, 1, 0, 16.2082, 0
7.536, 1, 0, 16.2082, 0
7.549, 1, 0, 16.2082, 0
7.561, 1, 0, 16.2082, 0
7.574, 1, 0, 16.2082, 0
7.587, 1, 0, 16.2082, 0
7.6, 1, 0, 16.2082, 0
7.612, 1, 0, 16.2082, 0
7.625, 1, 0, 16.2082, 0
7.638, 1, 0, 16.2082, 0
7.65, 1, 0, 16.2082, 0
7.663, 1, 0, 16.2082, 0
7.676, 1, 0, 16.2082, 0
7.689, 1, 0, 16.2082, 0
7.701, 1, 0, 16.2082, 0
7.714, 1, 0, 16.2082, 0
7.729, 1, 0, 16.2082, 0
7.741, 1, 0, 16.2082, 0
7.754, 1, 0, 16.2082, 0
7.767, 1, 0, 16.2082, 0
7.779, 1, 0, 16.2082, 0
7.792, 1, 0, 16.2082, 0
7.805, 1, 0, 16.2082, 0
7.818, 1, 0, 16.2082, 0
7.83, 1, 0, 16.2082, 0
7.843, 1, 0, 16.2082, 0
7.856, 1, 0, 16.2082, 0
7.868, 1, 0, 16.2082, 0
7.881, 1, 0, 16.2082, 0
7.894, 1, 0, 16.2082, 0
7.907, 1, 0, 16.2082, 0
7.92, 1, 0, 16.2082, 0
7.932, 1, 0, 16.2082, 0
7.945, 1, 0, 16.2082, 0
7.958, 1, 0, 16.2082, 0
7.97, 1, 0, 16.2082, 0
7.983, 1, 0, 16.2082, 0
7.996, 1, 0, 16.2082, 0
8.009, 1, 0, 16.2082, 0
8.021, 1, 0, 16.2082, 0
8.035, 1, 0, 16.2082, 0
8.048, 1, 0, 16.2082, 0
8.061, 1, 0, 16.2082, 0
8.073, 1, 0, 16.2082, 0
8.086, 1, 0, 16.2082, 0
8.099, 1, 0, 16.2082, 0
8.111, 1, 0, 16.2082, 0
8.124, 1, 0, 16.2082, 0
8.137, 1, 0, 16.2082, 0
8.15, 1, 0, 16.2082, 0
8.162, 1, 0, 16.2082, 0
8.175, 1, 0, 16.2082, 0
8.187, 1, 0, 16.2082, 0
8.2, 1, 0, 16.2082, 0
8.212, 1, 0, 16.2082, 0
8.225, 1, 0, 16.2082, 0
8.238, 1, 0, 16.2082, 0
8.25, 1, 0, 16.2082, 0
8.263, 1, 0, 16.2082, 0
8.276, 1, 0, 16.2082, 0
8.288, 1, 0, 16.2082, 0
8.301, 1, 0, 16.2082, 0
8.314, 1, 0, 16.2082, 0
8.325, 1, 0, 16.2082, 0
8.337, 1, 0, 16.2082, 0
8.35, 1, 0, 16.2082, 0
8.362, 1, 0, 16.2082, 0
8.375, 1, 0, 16.2082, 0
8.387, 1, 0, 16.2082, 0
