0.004, 0, 0, 0.273556, 34.2716
0.024, 1, 0, 0.205167, 370.672
0.035, 1, 0, 0.205167, 11398.2
0.045, 1, 0, 0.205167, 16091.5
0.056, 1, 0, 0.205167, 11398.2
0.067, 1, 0, 0.205167, -7198.85
0.077, 1, 0, 0.205167, 10798.3
0.087, 1, 0, 0.205167, 20114.4
0.098, 1, 0, 0.205167, 8045.77
0.109, 1, 0, 0.205167, 18237.1
0.119, 1, 0, 0.205167, 7598.78
0.13, 1, 0, 0.205167, 12068.7
0.14, 1, 0, 0.205167, 12068.7
0.15, 1, 0, 0.205167, 20114.4
0.161, 1, 0, 0.205167, 12068.7
0.171, 1, 0, 0.205167, 17097.3
0.181, 1, 0, 0.205167, 2699.57
0.191, 1, 0, 0.205167, 21371.6
0.202, 1, 0, 0.205167, 11398.2
0.212, 1, 0, 0.205167, 17097.3
0.222, 1, 0, 0.205167, 12068.7
0.232, 1, 0, 0.205167, 10798.3
0.243, 1, 0, 0.205167, 8045.77
0.253, 1, 0, 0.205167, 24137.3
0.263, 1, 0, 0.205167, 10798.3
0.273, 1, 0, 0.205167, 3730.31
0.284, 1, 0, 0.205167, 8045.77
0.294, 1, 0, 0.205167, 3696.71
0.304, 1, 0, 0.205167, 3663.7
0.315, 1, 0, 0.205167, 21371.6
0.325, 1, 0, 0.205167, 2889.68
0.335, 1, 0, 0.205167, -4022.89
0.346, 1, 0, 0.205167, 8548.63
0.356, 1, 0, 0.205167, 17097.3
0.366, 1, 0, 0.205167, 11398.2
0.376, 1, 0, 0.205167, 16091.5
0.386, 1, 0, 0.205167, 3205.74
0.397, 1, 0, 0.205167, 20114.4
0.407, 1, 0, 0.205167, 986.381
0.418, 1, 0, 0.205167, 2391.23
0.428, 1, 0, 0.205167, 10798.3
0.438, 1, 0, 0.205167, -3799.39
0.448, 1, 0, 0.205167, 10798.3
0.459, 1, 0, 0.205167, 21371.6
0.469, 1, 0, 0.205167, 8045.77
0.479, 1, 0, 0.205167, 21371.6
0.489, 1, 0, 0.205167, 12434.4
0.5, 1, 0, 0.205167, 15197.6
0.51, 1, 0, 0.205167, 12068.7
0.52, 1, 0, 0.205167, 17097.3
0.53, 1, 0, 0.205167, 12068.7
0.54, 1, 0, 0.205167, 22796.4
0.55, 1, 0, 0.205167, 12068.7
0.561, 1, 0, 0.205167, 17097.3
0.571, 1, 0, 0.205167, 8045.77
0.581, 1, 0, 0.205167, 7598.78
0.592, 1, 0, 0.205167, 12068.7
0.602, 1, 0, 0.205167, 17097.3
0.612, 1, 0, 0.205167, 12068.7
0.622, 1, 0, 0.205167, 21371.6
0.632, 1, 0, 0.205167, 12068.7
0.643, 1, 0, 0.205167, 11398.2
0.653, 1, 0, 0.205167, 12822.9
0.663, 1, 0, 0.205167, 20114.4
0.673, 1, 0, 0.205167, 12822.9
0.684, 1, 0, 0.205167, 8548.63
0.694, 1, 0, 0.205167, 17097.3
0.704, 1, 0, 0.205167, 16091.5
0.714, 1, 0, 0.205167, 13677.8
0.724, 1, 0, 0.205167, 15197.6
0.735, 1, 0, 0.205167, 8548.63
0.745, 1, 0, 0.205167, 16091.5
0.755, 1, 0, 0.205167, 12822.9
0.765, 1, 0, 0.205167, 18997
0.775, 1, 0, 0.205167, 8045.77
0.786, 1, 0, 0.205167, 20114.4
0.796, 1, 0, 0.205167, 8045.77
0.806, 1, 0, 0.205167, -4274.32
0.816, 1, 0, 0.205167, 10798.3
0.826, 1, 0, 0.205167, 15197.6
0.837, 1, 0, 0.205167, 12068.7
0.847, 1, 0, 0.205167, 20114.4
0.857, 1, 0, 0.205167, 8548.63
0.867, 1, 0, 0.205167, 12068.7
0.877, 1, 0, 0.205167, 12822.9
0.888, 1, 0, 0.205167, 15197.6
0.898, 1, 0, 0.205167, 3108.59
0.908, 1, 0, 0.205167, -949.848
0.918, 1, 0, 0.205167, 2358.24
0.929, 1, 0, 0.205167, 2153.99
0.939, 1, 0, 0.205167, 12068.7
0.949, 1, 0, 0.205167, 511.32
0.96, 1, 0, 0.205167, 8548.63
0.97, 1, 0, 0.205167, 20114.4
0.981, 1, 0, 0.205167, 12068.7
0.991, 1, 0, 0.205167, 21371.6
1.001, 1, 0, 0.205167, 7198.85
1.011, 1, 0, 0.205167, 12822.9
1.021, 1, 0, 0.205167, 7198.85
1.032, 1, 0, 0.205167, 18997
1.042, 1, 0, 0.205167, 8045.77
1.052, 1, 0, 0.205167, 13677.8
1.062, 1, 0, 0.205167, 7598.78
1.073, 1, 0, 0.205167, 5065.86
1.083, 1, 0, 0.205167, 7198.85
1.093, 1, 0, 0.205167, 18997
1.103, 1, 0, 0.205167, 7198.85
1.113, 1, 0, 0.205167, 20114.4
1.124, 1, 0, 0.205167, 12068.7
1.134, 1, 0, 0.205167, 10131.7
1.144, 1, 0, 0.205167, 15197.6
1.154, 1, 0, 0.205167, 17997.1
1.165, 1, 0, 0.205167, 11398.2
1.175, 1, 0, 0.205167, 18997
1.185, 1, 0, 0.205167, 9769.87
1.195, 1, 0, 0.205167, 18997
1.205, 1, 0, 0.205167, 2735.56
1.216, 1, 0, 0.205167, 13677.8
1.226, 1, 0, 0.205167, 12068.7
1.236, 1, 0, 0.205167, 14397.7
1.246, 1, 0, 0.205167, 7198.85
1.257, 1, 0, 0.205167, 15197.6
1.267, 1, 0, 0.205167, 6838.91
1.277, 1, 0, 0.205167, 15197.6
1.287, 1, 0, 0.205167, 10798.3
1.297, 1, 0, 0.205167, 16091.5
1.308, 1, 0, 0.205167, 11398.2
1.318, 1, 0, 0.205167, 1799.71
1.328, 1, 0, 0.205167, 8045.77
1.338, 1, 0, 0.205167, 17997.1
1.349, 1, 0, 0.205167, 7598.78
1.359, 1, 0, 0.205167, 14397.7
1.369, 1, 0, 0.205167, 6217.19
1.379, 1, 0, 0.205167, 17997.1
1.39, 1, 0, 0.205167, 8045.77
1.4, 1, 0, 0.205167, 20516.7
1.41, 1, 0, 0.205167, 2580.72
1.42, 1, 0, 0.205167, 2772.53
1.431, 1, 0, 0.205167, 7598.78
1.441, 1, 0, 0.205167, 13677.8
1.451, 1, 0, 0.205167, 2735.56
1.461, 1, 0, 0.205167, 2564.59
1.472, 1, 0, 0.205167, 7198.85
1.482, 1, 0, 0.205167, 1609.15
1.492, 1, 0, 0.205167, 8045.77
1.503, 1, 0, 0.205167, 10258.4
1.513, 1, 0, 0.205167, 873.052
1.523, 1, 0, 0.205167, -1179.12
1.534, 1, 0, 0.205167, 331.986
1.544, 1, 0, 0.205167, 3799.39
1.555, 1, 0, 0.205167, 10798.3
1.565, 1, 0, 0.205167, 18997
1.575, 1, 0, 0.205167, 9769.87
1.585, 1, 0, 0.205167, 7815.89
1.596, 1, 0, 0.205167, 7198.85
1.606, 1, 0, 0.205167, 11398.2
1.617, 1, 0, 0.205167, 10258.4
1.627, 1, 0, 0.205167, 18997
1.637, 1, 0, 0.205167, 3907.95
1.647, 1, 0, 0.205167, 14397.7
1.658, 1, 0, 0.205167, 428.324
1.668, 1, 0, 0.205167, 899.856
1.679, 1, 0, 0.205167, 6513.24
1.689, 1, 0, 0.205167, 1999.68
1.7, 1, 0, 0.205167, 3599.42
1.71, 1, 0, 0.205167, 16091.5
1.72, 1, 0, 0.205167, 6838.91
1.73, 1, 0, 0.205167, 20114.4
1.741, 1, 0, 0.205167, 12068.7
1.751, 1, 0, 0.205167, 7598.78
1.761, 1, 0, 0.205167, 15197.6
1.771, 1, 0, 0.205167, 17097.3
1.781, 1, 0, 0.205167, 7598.78
1.792, 1, 0, 0.205167, 11398.2
1.802, 1, 0, 0.205167, 1831.85
1.812, 1, 0, 0.205167, 17997.1
1.822, 1, 0, 0.205167, 7198.85
1.833, 1, 0, 0.205167, 17997.1
1.843, 1, 0, 0.205167, 7198.85
1.853, 1, 0, 0.205167, 17997.1
1.863, 1, 0, 0.205167, 7198.85
1.873, 1, 0, 0.205167, 11398.2
1.884, 1, 0, 0.205167, 7598.78
1.894, 1, 0, 0.205167, 16091.5
1.904, 1, 0, 0.205167, 12068.7
1.915, 1, 0, 0.205167, 2425.14
1.925, 1, 0, 0.205167, 3799.39
1.935, 1, 0, 0.205167, 4484.53
1.946, 1, 0, 0.205167, 1444.84
1.956, 1, 0, 0.205167, 3108.59
1.966, 1, 0, 0.205167, 1044.11
1.977, 1, 0, 0.205167, 20114.4
1.987, 1, 0, 0.205167, 11398.2
1.997, 1, 0, 0.205167, 12068.7
2.007, 1, 0, 0.205167, 8045.77
2.017, 1, 0, 0.205167, 7198.85
2.028, 1, 0, 0.205167, 8548.63
2.038, 1, 0, 0.205167, 16091.5
2.048, 1, 0, 0.205167, 8045.77
2.058, 1, 0, 0.205167, 18997
2.068, 1, 0, 0.205167, 11398.2
2.079, 1, 0, 0.205167, -4022.89
2.089, 1, 0, 0.205167, 15197.6
2.099, 1, 0, 0.205167, 17997.1
2.109, 1, 0, 0.205167, 12068.7
2.12, 1, 0, 0.205167, 12068.7
2.13, 1, 0, 0.205167, 7598.78
2.14, 1, 0, 0.205167, 18997
2.15, 1, 0, 0.205167, 8045.77
2.16, 1, 0, 0.205167, 18997
2.171, 1, 0, 0.205167, 8548.63
2.181, 1, 0, 0.205167, 16091.5
2.191, 1, 0, 0.205167, 7598.78
2.201, 1, 0, 0.205167, 18997
2.211, 1, 0, 0.205167, 7598.78
2.222, 1, 0, 0.205167, 20114.4
2.232, 1, 0, 0.205167, 3477.41
2.242, 1, 0, 0.205167, 5342.9
2.253, 1, 0, 0.205167, 1005.72
2.263, 1, 0, 0.205167, 16091.5
2.273, 1, 0, 0.205167, 1302.65
2.284, 1, 0, 0.205167, 4749.24
2.294, 1, 0, 0.205167, 2486.87
2.304, 1, 0, 0.205167, 3599.42
2.315, 1, 0, 0.205167, 4187.09
2.325, 1, 0, 0.205167, 3696.71
2.335, 1, 0, 0.205167, 8548.63
2.345, 1, 0, 0.205167, 18997
2.356, 1, 0, 0.205167, 8045.77
2.366, 1, 0, 0.205167, 15197.6
2.376, 1, 0, 0.205167, 8045.77
2.386, 1, 0, 0.205167, 20114.4
2.396, 1, 0, 0.205167, 12068.7
2.407, 1, 0, 0.205167, -4022.89
2.417, 1, 0, 0.205167, 12068.7
2.427, 1, 0, 0.205167, 18997
2.437, 1, 0, 0.205167, 15197.6
2.448, 1, 0, 0.205167, 8045.77
2.458, 1, 0, 0.205167, 8045.77
2.468, 1, 0, 0.205167, 11398.2
2.478, 1, 0, 0.205167, 15197.6
2.488, 1, 0, 0.205167, 13677.8
2.499, 1, 0, 0.205167, 4022.89
2.509, 1, 0, 0.205167, 12822.9
2.519, 1, 0, 0.205167, 11398.2
2.529, 1, 0, 0.205167, 18997
2.539, 1, 0, 0.205167, 7198.85
2.55, 1, 0, 0.205167, 16091.5
2.56, 1, 0, 0.205167, 12822.9
2.57, 1, 0, 0.205167, 20114.4
2.58, 1, 0, 0.205167, 15197.6
2.59, 1, 0, 0.205167, 18997
2.601, 1, 0, 0.205167, 7598.78
2.611, 1, 0, 0.205167, 17097.3
2.621, 1, 0, 0.205167, 8548.63
2.631, 1, 0, 0.205167, 21371.6
2.641, 1, 0, 0.205167, 8045.77
2.652, 1, 0, 0.205167, 21371.6
2.662, 1, 0, 0.205167, 12822.9
2.672, 1, 0, 0.205167, 20114.4
2.682, 1, 0, 0.205167, 12068.7
2.692, 1, 0, 0.205167, 17997.1
2.703, 1, 0, 0.205167, 12068.7
2.713, 1, 0, 0.205167, 26595.7
2.723, 1, 0, 0.273556, 4274.32
2.733, 1, 0, 0.205167, 8045.77
2.744, 1, 0, 0.205167, 12822.9
2.754, 1, 0, 0.205167, 16091.5
2.764, 1, 0, 0.205167, 11398.2
2.774, 1, 0, 0.205167, 0
2.784, 1, 0, 0.205167, 8045.77
2.795, 1, 0, 0.205167, -4022.89
2.805, 1, 0, 0.205167, 8045.77
2.815, 1, 0, 0.205167, 12822.9
2.825, 1, 0, 0.205167, 13677.8
2.835, 1, 0, 0.205167, 20114.4
2.846, 1, 0, 0.205167, 3799.39
2.856, 1, 0, 0.205167, 21371.6
2.866, 1, 0, 0.205167, 12068.7
2.876, 1, 0, 0.205167, 21371.6
2.886, 1, 0, 0.205167, 8548.63
2.896, 1, 0, 0.205167, 16091.5
2.907, 1, 0, 0.205167, 11398.2
2.917, 1, 0, 0.205167, 17097.3
2.927, 1, 0, 0.205167, 12822.9
2.937, 1, 0, 0.205167, 17097.3
2.948, 1, 0, 0.205167, 12068.7
2.958, 1, 0, 0.205167, 12068.7
2.968, 1, 0, 0.205167, 1199.81
2.978, 1, 0, 0.205167, 5699.09
2.989, 1, 0, 0.205167, 8045.77
2.999, 1, 0, 0.205167, 16283.1
3.009, 1, 0, 0.205167, 4884.93
3.02, 1, 0, 0.205167, 21371.6
3.03, 1, 0, 0.205167, 12068.7
3.04, 1, 0, 0.205167, 21371.6
3.05, 1, 0, 0.205167, 15197.6
3.061, 1, 0, 0.205167, 20114.4
3.071, 1, 0, 0.205167, 12822.9
3.081, 1, 0, 0.205167, 15197.6
3.091, 1, 0, 0.205167, 1753.57
3.102, 1, 0, 0.205167, -1020.73
3.112, 1, 0, 0.205167, 7198.85
3.122, 1, 0, 0.205167, -594.687
3.133, 1, 0, 0.205167, 1566.16
3.143, 1, 0, 0.205167, 2509.69
3.154, 1, 0, 0.205167, 1799.71
3.164, 1, 0, 0.205167, 3696.71
3.174, 1, 0, 0.205167, 11398.2
3.185, 1, 0, 0.205167, 11398.2
3.195, 1, 0, 0.205167, 10798.3
3.205, 1, 0, 0.205167, 16283.1
3.215, 1, 0, 0.205167, 12068.7
3.225, 1, 0, 0.205167, 15197.6
3.236, 1, 0, 0.205167, 11398.2
3.246, 1, 0, 0.205167, 16091.5
3.256, 1, 0, 0.205167, 10798.3
3.266, 1, 0, 0.205167, 11398.2
3.276, 1, 0, 0.205167, 7598.78
3.287, 1, 0, 0.205167, 20114.4
3.297, 1, 0, 0.205167, 7598.78
3.307, 1, 0, 0.205167, 16091.5
3.317, 1, 0, 0.205167, 8045.77
3.328, 1, 0, 0.205167, 25196
3.338, 1, 0, 0.273556, 8548.63
3.348, 1, 0, 0.205167, 14397.7
3.358, 1, 0, 0.205167, 7198.85
3.368, 1, 0, 0.205167, 20114.4
3.379, 1, 0, 0.205167, 8045.77
3.389, 1, 0, 0.205167, 21371.6
3.399, 1, 0, 0.205167, 12068.7
3.409, 1, 0, 0.205167, -3599.42
3.419, 1, 0, 0.205167, 7198.85
3.43, 1, 0, 0.205167, 20114.4
3.44, 1, 0, 0.205167, 11398.2
3.45, 1, 0, 0.205167, 15197.6
3.46, 1, 0, 0.205167, 12068.7
3.47, 1, 0, 0.205167, -4022.89
3.481, 1, 0, 0.205167, 7598.78
3.491, 1, 0, 0.205167, 24137.3
3.501, 1, 0, 0.205167, 7598.78
3.512, 1, 0, 0.205167, 14397.7
3.522, 1, 0, 0.205167, 7598.78
3.532, 1, 0, 0.205167, 16091.5
3.542, 1, 0, 0.205167, 12068.7
3.553, 1, 0, 0.205167, 8548.63
3.563, 1, 0, 0.205167, 12068.7
3.573, 1, 0, 0.205167, 20114.4
3.583, 1, 0, 0.205167, 11398.2
3.593, 1, 0, 0.205167, 18237.1
3.604, 1, 0, 0.205167, 12068.7
3.614, 1, 0, 0.205167, 12068.7
3.624, 1, 0, 0.205167, 1278.3
3.634, 1, 0, 0.205167, 4749.24
3.645, 1, 0, 0.205167, 2171.08
3.655, 1, 0, 0.205167, 17097.3
3.665, 1, 0, 0.205167, 12068.7
3.675, 1, 0, 0.205167, 26595.7
3.686, 1, 0, 0.273556, 4274.32
3.696, 1, 0, 0.205167, 21371.6
3.706, 1, 0, 0.205167, 17097.3
3.716, 1, 0, 0.205167, 17997.1
3.726, 1, 0, 0.205167, 8548.63
3.737, 1, 0, 0.205167, 18997
3.747, 1, 0, 0.205167, 8045.77
3.757, 1, 0, 0.205167, 21371.6
3.767, 1, 0, 0.205167, 11398.2
3.777, 1, 0, 0.205167, 1225.61
3.788, 1, 0, 0.205167, 2171.08
3.799, 1, 0, 0.205167, 17997.1
3.809, 1, 0, 0.205167, 11398.2
3.819, 1, 0, 0.205167, 18997
3.829, 1, 0, 0.205167, 7598.78
3.84, 1, 0, 0.205167, 18997
3.85, 1, 0, 0.205167, 7598.78
3.86, 1, 0, 0.205167, -7598.78
3.87, 1, 0, 0.205167, 7598.78
3.88, 1, 0, 0.205167, 15197.6
3.891, 1, 0, 0.205167, 8045.77
3.901, 1, 0, 0.205167, 15197.6
3.911, 1, 0, 0.205167, 8045.77
3.921, 1, 0, 0.205167, 20114.4
3.932, 1, 0, 0.205167, 2735.56
3.942, 1, 0, 0.205167, 2571.02
3.953, 1, 0, 0.205167, 1497.57
3.963, 1, 0, 0.205167, 2041.46
3.973, 1, 0, 0.205167, 1332.25
3.984, 1, 0, 0.205167, 22796.4
3.994, 1, 0, 0.205167, 10798.3
4.004, 1, 0, 0.205167, 18997
4.014, 1, 0, 0.205167, 12822.9
4.025, 1, 0, 0.205167, 15197.6
4.035, 1, 0, 0.205167, 11398.2
4.045, 1, 0, 0.205167, 7198.85
4.056, 1, 0, 0.205167, 11398.2
4.066, 1, 0, 0.205167, 18997
4.076, 1, 0, 0.205167, 12068.7
4.086, 1, 0, 0.205167, 21596.5
4.096, 1, 0, 0.205167, 15197.6
4.107, 1, 0, 0.205167, 18997
4.117, 1, 0, 0.205167, 12068.7
4.127, 1, 0, 0.205167, 21371.6
4.137, 1, 0, 0.205167, 15197.6
4.148, 1, 0, 0.205167, 14397.7
4.158, 1, 0, 0.205167, 15197.6
4.168, 1, 0, 0.205167, 14397.7
4.178, 1, 0, 0.205167, 15197.6
4.188, 1, 0, 0.205167, 18997
4.199, 1, 0, 0.205167, 5399.14
4.209, 1, 0, 0.205167, 15197.6
4.219, 1, 0, 0.205167, 7598.78
4.229, 1, 0, 0.205167, 20114.4
4.24, 1, 0, 0.205167, 11398.2
4.25, 1, 0, 0.205167, 13677.8
4.26, 1, 0, 0.205167, 3363.4
4.272, 1, 0, 0.205167, 2571.02
4.283, 1, 0, 0.205167, 936.836
4.293, 1, 0, 0.205167, 2829.89
4.303, 1, 0, 0.205167, 12068.7
4.314, 1, 0, 0.205167, 16091.5
4.324, 1, 0, 0.205167, 11398.2
4.334, 1, 0, 0.205167, 20114.4
4.344, 1, 0, 0.205167, 7598.78
4.354, 1, 0, 0.205167, 4412.2
4.365, 1, 0, 0.205167, 2206.1
4.375, 1, 0, 0.205167, 5605.66
4.386, 1, 0, 0.205167, 1013.17
4.396, 1, 0, 0.205167, 14397.7
4.406, 1, 0, 0.205167, 888.17
4.418, 1, 0, 0.205167, 773.632
4.428, 1, 0, 0.205167, 888.17
4.439, 1, 0, 0.205167, 5515.25
4.449, 1, 0, 0.205167, 1323.66
4.46, 1, 0, 0.205167, 1899.7
4.47, 1, 0, 0.205167, 2358.24
4.48, 1, 0, 0.205167, 1982.29
4.491, 1, 0, 0.205167, 7198.85
4.501, 1, 0, 0.205167, 17997.1
4.511, 1, 0, 0.205167, 1395.7
4.522, 1, 0, 0.205167, 814.155
4.533, 1, 0, 0.205167, 871.198
4.543, 1, 0, 0.205167, 1325.37
4.554, 1, 0, 0.205167, 6513.24
4.564, 1, 0, 0.205167, 18997
4.574, 1, 0, 0.205167, 10798.3
4.585, 1, 0, 0.205167, 9769.87
4.595, 1, 0, 0.205167, 10798.3
4.605, 1, 0, 0.205167, 17997.1
4.616, 1, 0, 0.205167, 8920.31
4.626, 1, 0, 0.205167, 14397.7
4.636, 1, 0, 0.205167, 5260.7
4.646, 1, 0, 0.205167, 21596.5
4.656, 1, 0, 0.205167, 7598.78
4.667, 1, 0, 0.205167, -292.261
4.677, 1, 0, 0.205167, 10798.3
