0, 0, 0, 0, 0
2.421, 0, 0, 0, 0
2.435, 0, 0, 0, 0
2.448, 0, 0, 0, 0
2.461, 0, 0, 0, 0
2.475, 0, 0, 0, 0
2.488, 0, 0, 0, 0
2.502, 0, 0, 0, 0
2.515, 0, 0, 0, 0
2.528, 0, 0, 0, 0
2.541, 0, 0, 0, 0
2.554, 0, 0, 0, 0
2.567, 0, 0, 0, 0
2.58, 0, 0, 0, 0
2.593, 0, 0, 0, 0
2.606, 0, 0, 0, 0
2.618, 0, 0, 0, 0
2.631, 0, 0, 0, 0
2.644, 0, 0, 0, 0
2.657, 0, 0, 0, 0
2.67, 0, 0, 0, 0
2.684, 0, 0, 0, 0
2.697, 0, 0, 0, 0
2.71, 0, 0, 0, 0
2.723, 0, 0, 0, 0
2.736, 0, 0, 0, 0
2.749, 0, 0, 0, 0
2.762, 0, 0, 0, 0
2.774, 0, 0, 0, 0
2.788, 0, 0, 0, 0
2.8, 0, 0, 0, 0
2.813, 0, 0, 0, 0
2.827, 0, 0, 0, 0
2.839, 0, 0, 0, 0
2.852, 0, 0, 0, 0
2.865, 0, 0, 0, 0
2.878, 0, 0, 0, 0
2.891, 0, 0, 0, 0
2.903, 0, 0, 0, 0
2.916, 0, 0, 0, 0
2.929, 0, 0, 0, 0
2.943, 0, 0, 0, 0
2.956, 0, 0, 0, 0
2.969, 0, 0, 0, 0
2.981, 0, 0, 0, 0
2.994, 0, 0, 0, 0
3.007, 0, 0, 0, 0
3.02, 0, 0, 0, 0
3.034, 0, 0, 0, 0
3.047, 0, 0, 0, 0
3.06, 0, 0, 0, 0
3.072, 0, 0, 0, 0
3.085, 0, 0, 0, 0
3.098, 0, 0, 0, 0
3.11, 0, 0, 0, 0
3.123, 0, 0, 0, 0
3.135, 0, 0, 0, 0
3.147, 0, 0, 0, 0
3.16, 0, 0, 0, 0
3.172, 0, 0, 0, 0
3.185, 0, 0, 0, 0
3.197, 0, 0, 0, 0
3.209, 0, 0, 0, 0
3.222, 0, 0, 0, 0
3.234, 0, 0, 0, 0
3.247, 0, 0, 0, 0
3.259, 0, 0, 0, 0
3.272, 0, 0, 0, 0
3.284, 0, 0, 0, 0
3.296, 0, 0, 0, 0
3.309, 0, 0, 0, 0
3.321, 0, 0, 0, 0
3.334, 0, 0, 0, 0
3.346, 0, 0, 0, 0
3.359, 0, 0, 0, 0
3.371, 0, 0, 0, 0
3.383, 0, 0, 0, 0
3.396, 0, 0, 0, 0
3.408, 0, 0, 0, 0
3.421, 0, 0, 0, 0
3.433, 0, 0, 0, 0
3.446, 0, 0, 0, 0
3.458, 0, 0, 0, 0
3.471, 0, 0, 0, 0
3.483, 0, 0, 0, 0
3.496, 0, 0, 0, 0
3.508, 0, 0, 0, 0
3.521, 0, 0, 0, 0
3.534, 0, 0, 0, 0
3.546, 0, 0, 0, 0
3.559, 0, 0, 0, 0
3.572, 0, 0, 0, 0
3.585, 0, 0, 0, 0
3.597, 0, 0, 0, 0
3.61, 0, 0, 0, 0
3.623, 0, 0, 0, 0
3.635, 0, 0, 0, 0
3.648, 0, 0, 0, 0
3.661, 0, 0, 0, 0
3.674, 0, 0, 0, 0
3.687, 0, 0, 0, 0
3.699, 0, 0, 0, 0
3.712, 0, 0, 0, 0
3.724, 0, 0, 0, 0
3.736, 0, 0, 0, 0
3.749, 0, 0, 0, 0
3.761, 0, 0, 0, 0
3.774, 0, 0, 0, 0
3.786, 0, 0, 0, 0
3.798, 0, 0, 0, 0
3.811, 0, 0, 0, 0
3.823, 0, 0, 0, 0
3.836, 0, 0, 0, 0
3.848, 0, 0, 0, 0
3.86, 0, 0, 0, 0
3.873, 0, 0, 0, 0
3.885, 0, 0, 0, 0
3.898, 0, 0, 0, 0
3.91, 0, 0, 0, 0
3.923, 0, 0, 0, 0
3.936, 0, 0, 0, 0
3.949, 0, 0, 0, 0
3.961, 0, 0, 0, 0
3.973, 0, 0, 0, 0
3.986, 0, 0, 0, 0
3.998, 0, 0, 0, 0
4.011, 0, 0, 0, 0
4.023, 0, 0, 0, 0
4.036, 0, 0, 0, 0
4.048, 0, 0, 0, 0
4.061, 0, 0, 0, 0
4.074, 0, 0, 0, 0
4.086, 0, 0, 0, 0
4.099, 0, 0, 0, 0
4.112, 0, 0, 0, 0
4.125, 0, 0, 0, 0
4.138, 0, 0, 0, 0
4.151, 0, 0, 0, 0
4.164, 0, 0, 0, 0
4.176, 0, 0, 0, 0
4.189, 0, 0, 0, 0
4.202, 0, 0, 0, 0
4.215, 0, 0, 0, 0
4.228, 0, 0, 0, 0
4.241, 0, 0, 0, 0
4.254, 0, 0, 0, 0
4.267, 0, 0, 0, 0
4.279, 0, 0, 0, 0
4.292, 0, 0, 0, 0
4.306, 0, 0, 0, 0
4.319, 0, 0, 0, 0
4.332, 0, 0, 0, 0
4.345, 0, 0, 0, 0
4.358, 0, 0, 0, 0
4.37, 0, 0, 0, 0
4.383, 0, 0, 0, 0
4.396, 0, 0, 0, 0
4.409, 0, 0, 0, 0
4.422, 0, 0, 0, 0
4.435, 0, 0, 0, 0
4.448, 0, 0, 0, 0
4.461, 0, 0, 0, 0
4.474, 0, 0, 0, 0
4.487, 0, 0, 0, 0
4.5, 0, 0, 0, 0
4.512, 0, 0, 0, 0
4.525, 0, 0, 0, 0
4.538, 0, 0, 0, 0
4.551, 0, 0, 0, 0
4.564, 0, 0, 0, 0
4.576, 0, 0, 0, 0
4.589, 0, 0, 0, 0
4.602, 0, 0, 0, 0
4.615, 0, 0, 0, 0
4.628, 0, 0, 0, 0
4.641, 0, 0, 0, 0
4.654, 0, 0, 0, 0
4.669, 0, 0, 0, 0
4.681, 0, 0, 0, 0
4.694, 0, 0, 0, 0
4.707, 0, 0, 0, 0
4.72, 0, 0, 0, 0
4.733, 0, 0, 0, 0
4.745, 0, 0, 0, 0
4.758, 0, 0, 0, 0
4.771, 0, 0, 0, 0
4.784, 0, 0, 0, 0
4.796, 0, 0, 0, 0
4.809, 0, 0, 0, 0
4.822, 0, 0, 0, 0
4.835, 0, 0, 0, 0
4.847, 0, 0, 0, 0
4.86, 0, 0, 0, 0
4.873, 0, 0, 0, 0
4.886, 0, 0, 0, 0
4.899, 0, 0, 0, 0
4.912, 0, 0, 0, 0
4.925, 0, 0, 0, 0
4.938, 0, 0, 0, 0
4.951, 0, 0, 0, 0
4.964, 0, 0, 0, 0
4.977, 0, 0, 0, 0
4.991, 0, 0, 0, 0
5.004, 0, 0, 0, 0
5.017, 0, 0, 0, 0
5.03, 0, 0, 0, 0
5.043, 0, 0, 0, 0
5.056, 0, 0, 0, 0
5.069, 0, 0, 0, 0
5.081, 0, 0, 0, 0
5.095, 0, 0, 0, 0
5.108, 0, 0, 0, 0
5.12, 0, 0, 0, 0
5.133, 0, 0, 0, 0
5.147, 0, 0, 0, 0
5.16, 0, 0, 0, 0
5.173, 0, 0, 0, 0
5.186, 0, 0, 0, 0
5.2, 0, 0, 0, 0
5.213, 0, 0, 0, 0
5.225, 0, 0, 0, 0
5.238, 0, 0, 0, 0
5.251, 0, 0, 0, 0
5.264, 0, 0, 0, 0
5.277, 0, 0, 0, 0
5.289, 0, 0, 0, 0
5.303, 0, 0, 0, 0
5.316, 0, 0, 0, 0
5.328, 0, 0, 0, 0
5.341, 0, 0, 0, 0
5.354, 0, 0, 0, 0
5.367, 0, 0, 0, 0
5.38, 0, 0, 0, 0
5.393, 0, 0, 0, 0
5.405, 0, 0, 0, 0
5.419, 0, 0, 0, 0
5.432, 0, 0, 0, 0
5.444, 0, 0, 0, 0
5.457, 0, 0, 0, 0
5.471, 0, 0, 0, 0
5.484, 0, 0, 0, 0
5.497, 0, 0, 0, 0
5.511, 0, 0, 0, 0
5.524, 0, 0, 0, 0
5.537, 0, 0, 0, 0
5.55, 0, 0, 0, 0
5.563, 0, 0, 0, 0
5.576, 0, 0, 0, 0
5.589, 0, 0, 0, 0
5.602, 0, 0, 0, 0
5.615, 0, 0, 0, 0
5.628, 0, 0, 0, 0
5.641, 0, 0, 0, 0
5.654, 0, 0, 0, 0
5.667, 0, 0, 0, 0
5.68, 0, 0, 0, 0
5.693, 0, 0, 0, 0
5.706, 0, 0, 0, 0
5.719, 0, 0, 0, 0
5.732, 0, 0, 0, 0
5.745, 0, 0, 0, 0
5.758, 0, 0, 0, 0
5.771, 0, 0, 0, 0
5.784, 0, 0, 0, 0
5.798, 0, 0, 0, 0
5.811, 0, 0, 0, 0
5.824, 0, 0, 0, 0
5.836, 0, 0, 0, 0
5.849, 0, 0, 0, 0
5.862, 0, 0, 0, 0
5.875, 0, 0, 0, 0
5.888, 0, 0, 0, 0
5.901, 0, 0, 0, 0
5.914, 0, 0, 0, 0
5.927, 0, 0, 0, 0
5.94, 0, 0, 0, 0
5.953, 0, 0, 0, 0
5.966, 0, 0, 0, 0
5.979, 0, 0, 0, 0
5.991, 0, 0, 0, 0
6.004, 0, 0, 0, 0
6.018, 0, 0, 0, 0
6.031, 0, 0, 0, 0
6.043, 0, 0, 0, 0
6.057, 0, 0, 0, 0
6.07, 0, 0, 0, 0
6.082, 0, 0, 0, 0
6.095, 0, 0, 0, 0
6.108, 0, 0, 0, 0
6.12, 0, 0, 0, 0
6.133, 0, 0, 0, 0
6.146, 0, 0, 0, 0
6.159, 0, 0, 0, 0
6.171, 0, 0, 0, 0
6.184, 0, 0, 0, 0
6.197, 0, 0, 0, 0
6.21, 0, 0, 0, 0
6.223, 0, 0, 0, 0
6.235, 0, 0, 0, 0
6.248, 0, 0, 0, 0
6.261, 0, 0, 0, 0
6.274, 0, 0, 0, 0
6.287, 0, 0, 0, 0
6.3, 0, 0, 0, 0
6.313, 0, 0, 0, 0
6.327, 0, 0, 0, 0
6.34, 0, 0, 0, 0
6.354, 0, 0, 0, 0
6.366, 0, 0, 0, 0
6.379, 0, 0, 0, 0
6.392, 0, 0, 0, 0
6.404, 0, 0, 0, 0
6.417, 0, 0, 0, 0
6.43, 0, 0, 0, 0
6.443, 0, 0, 0, 0
6.456, 0, 0, 0, 0
6.469, 0, 0, 0, 0
6.482, 0, 0, 0, 0
6.494, 0, 0, 0, 0
6.507, 0, 0, 0, 0
6.52, 0, 0, 0, 0
6.532, 0, 0, 0, 0
6.545, 0, 0, 0, 0
6.558, 0, 0, 0, 0
6.571, 0, 0, 0, 0
6.585, 0, 0, 0, 0
6.598, 0, 0, 0, 0
6.611, 0, 0, 0, 0
6.622, 0, 0, 0, 0
6.635, 0, 0, 0, 0
6.648, 0, 0, 0, 0
6.661, 0, 0, 0, 0
6.674, 0, 0, 0, 0
6.686, 0, 0, 0, 0
6.699, 0, 0, 0, 0
6.712, 0, 0, 0, 0
6.725, 0, 0, 0, 0
6.738, 0, 0, 0, 0
6.75, 0, 0, 0, 0
6.763, 0, 0, 0, 0
6.775, 0, 0, 0, 0
6.788, 0, 0, 0, 0
6.801, 0, 0, 0, 0
6.814, 0, 0, 0, 0
6.826, 0, 0, 0, 0
6.839, 0, 0, 0, 0
6.852, 0, 0, 0, 0
6.865, 0, 0, 0, 0
6.878, 0, 0, 0, 0
6.891, 0, 0, 0, 0
6.904, 0, 0, 0, 0
6.917, 0, 0, 0, 0
6.929, 0, 0, 0, 0
6.942, 0, 0, 0, 0
6.955, 0, 0, 0, 0
6.968, 0, 0, 0, 0
6.981, 0, 0, 0, 0
6.994, 0, 0, 0, 0
7.007, 0, 0, 0, 0
7.02, 0, 0, 0, 0
7.033, 0, 0, 0, 0
7.045, 0, 0, 0, 0
7.058, 0, 0, 0, 0
7.071, 0, 0, 0, 0
7.084, 0, 0, 0, 0
7.097, 0, 0, 0, 0
7.109, 0, 0, 0, 0
7.122, 0, 0, 0, 0
7.135, 0, 0, 0, 0
7.148, 0, 0, 0, 0
7.16, 0, 0, 0, 0
7.173, 0, 0, 0, 0
7.186, 0, 0, 0, 0
7.199, 0, 0, 0, 0
7.211, 0, 0, 0, 0
7.224, 0, 0, 0, 0
7.237, 0, 0, 0, 0
7.25, 0, 0, 0, 0
7.263, 0, 0, 0, 0
7.276, 0, 0, 0, 0
7.288, 0, 0, 0, 0
7.302, 0, 0, 0, 0
7.314, 0, 0, 0, 0
7.327, 0, 0, 0, 0
7.34, 0, 0, 0, 0
7.353, 0, 0, 0, 0
7.366, 0, 0, 0, 0
7.379, 0, 0, 0, 0
7.392, 0, 0, 0, 0
7.404, 0, 0, 0, 0
7.417, 0, 0, 0, 0
7.43, 0, 0, 0, 0
7.442, 0, 0, 0, 0
7.455, 0, 0, 0, 0
7.468, 0, 0, 0, 0
7.481, 0, 0, 0, 0
7.495, 0, 0, 0, 0
7.508, 0, 0, 0, 0
7.521, 0, 0, 0, 0
7.534, 0, 0, 0, 0
7.547, 0, 0, 0, 0
7.56, 0, 0, 0, 0
7.573, 0, 0, 0, 0
7.586, 0, 0, 0, 0
7.599, 0, 0, 0, 0
7.612, 0, 0, 0, 0
7.625, 0, 0, 0, 0
7.637, 0, 0, 0, 0
7.651, 0, 0, 0, 0
7.664, 0, 0, 0, 0
7.676, 0, 0, 0, 0
7.689, 0, 0, 0, 0
7.702, 0, 0, 0, 0
7.715, 0, 0, 0, 0
7.728, 0, 0, 0, 0
7.741, 0, 0, 0, 0
7.753, 0, 0, 0, 0
7.766, 0, 0, 0, 0
7.779, 0, 0, 0, 0
7.792, 0, 0, 0, 0
7.805, 0, 0, 0, 0
7.818, 0, 0, 0, 0
7.831, 0, 0, 0, 0
7.844, 0, 0, 0, 0
7.856, 0, 0, 0, 0
7.869, 0, 0, 0, 0
7.882, 0, 0, 0, 0
7.895, 0, 0, 0, 0
7.908, 0, 0, 0, 0
7.92, 0, 0, 0, 0
7.933, 0, 0, 0, 0
7.946, 0, 0, 0, 0
7.959, 0, 0, 0, 0
7.971, 0, 0, 0, 0
7.984, 0, 0, 0, 0
7.997, 0, 0, 0, 0
8.011, 0, 0, 0, 0
8.024, 0, 0, 0, 0
8.036, 0, 0, 0, 0
8.049, 0, 0, 0, 0
8.062, 0, 0, 0, 0
8.075, 0, 0, 0, 0
8.088, 0, 0, 0, 0
8.101, 0, 0, 0, 0
8.114, 0, 0, 0, 0
8.127, 0, 0, 0, 0
8.139, 0, 0, 0, 0
8.153, 0, 0, 0, 0
8.166, 0, 0, 0, 0
8.179, 0, 0, 0, 0
8.192, 0, 0, 0, 0
8.205, 0, 0, 0, 0
8.218, 0, 0, 0, 0
8.231, 0, 0, 0, 0
8.244, 0, 0, 0, 0
8.257, 0, 0, 0, 0
8.271, 0, 0, 0, 0
8.284, 0, 0, 0, 0
8.297, 0, 0, 0, 0
8.31, 0, 0, 0, 0
8.323, 0, 0, 0, 0
8.336, 0, 0, 0, 0
8.348, 0, 0, 0, 0
8.361, 0, 0, 0, 0
8.374, 0, 0, 0, 0
8.387, 0, 0, 0, 0
8.399, 0, 0, 0, 0
8.412, 0, 0, 0, 0
8.425, 0, 0, 0, 0
8.438, 0, 0, 0, 0
8.451, 0, 0, 0, 0
8.464, 0, 0, 0, 0
8.477, 0, 0, 0, 0
8.49, 0, 0, 0, 0
8.502, 0, 0, 0, 0
8.515, 0, 0, 0, 0
8.528, 0, 0, 0, 0
8.541, 0, 0, 0, 0
8.554, 0, 0, 0, 0
8.567, 0, 0, 0, 0
8.579, 0, 0, 0, 0
8.592, 0, 0, 0, 0
8.605, 0, 0, 0, 0
8.618, 0, 0, 0, 0
8.631, 0, 0, 0, 0
8.644, 0, 0, 0, 0
8.657, 0, 0, 0, 0
8.67, 0, 0, 0, 0
8.683, 0, 0, 0, 0
8.696, 0, 0, 0, 0
8.709, 0, 0, 0, 0
8.722, 0, 0, 0, 0
8.735, 0, 0, 0, 0
8.748, 0, 0, 0, 0
8.76, 0, 0, 0, 0
8.773, 0, 0, 0, 0
8.786, 0, 0, 0, 0
8.799, 0, 0, 0, 0
8.812, 0, 0, 0, 0
8.825, 0, 0, 0, 0
8.838, 0, 0, 0, 0
8.851, 0, 0, 0, 0
8.863, 0, 0, 0, 0
8.876, 0, 0, 0, 0
8.889, 0, 0, 0, 0
8.901, 0, 0, 0, 0
8.914, 0, 0, 0, 0
8.926, 0, 0, 0, 0
8.939, 0, 0, 0, 0
8.951, 0, 0, 0, 0
8.964, 0, 0, 0, 0
8.977, 0, 0, 0, 0
8.99, 0, 0, 0, 0
9.003, 0, 0, 0, 0
9.016, 0, 0, 0, 0
9.028, 0, 0, 0, 0
9.041, 0, 0, 0, 0
9.054, 0, 0, 0, 0
9.067, 0, 0, 0, 0
9.08, 0, 0, 0, 0
9.093, 0, 0, 0, 0
9.105, 0, 0, 0, 0
9.118, 0, 0, 0, 0
9.131, 0, 0, 0, 0
9.144, 0, 0, 0, 0
9.157, 0, 0, 0, 0
9.17, 0, 0, 0, 0
9.183, 0, 0, 0, 0
9.196, 0, 0, 0, 0
9.209, 0, 0, 0, 0
9.221, 0, 0, 0, 0
9.234, 0, 0, 0, 0
9.247, 0, 0, 0, 0
9.26, 0, 0, 0, 0
9.273, 0, 0, 0, 0
9.285, 0, 0, 0, 0
9.298, 0, 0, 0, 0
9.311, 0, 0, 0, 0
9.324, 0, 0, 0, 0
9.337, 0, 0, 0, 0
9.35, 0, 0, 0, 0
9.362, 0, 0, 0, 0
9.375, 0, 0, 0, 0
9.388, 0, 0, 0, 0
9.401, 0, 0, 0, 0
9.414, 0, 0, 0, 0
9.427, 0, 0, 0, 0
9.439, 0, 0, 0, 0
9.452, 0, 0, 0, 0
9.465, 0, 0, 0, 0
9.478, 0, 0, 0, 0
9.49, 0, 0, 0, 0
9.503, 0, 0, 0, 0
9.516, 0, 0, 0, 0
9.529, 0, 0, 0, 0
9.542, 0, 0, 0, 0
9.555, 0, 0, 0, 0
9.568, 0, 0, 0, 0
9.581, 0, 0, 0, 0
9.593, 0, 0, 0, 0
9.606, 0, 0, 0, 0
9.62, 0, 0, 0, 0
9.632, 0, 0, 0, 0
9.645, 0, 0, 0, 0
9.658, 0, 0, 0, 0
9.671, 0, 0, 0, 0
9.684, 0, 0, 0, 0
9.697, 0, 0, 0, 0
9.71, 0, 0, 0, 0
9.723, 0, 0, 0, 0
9.736, 0, 0, 0, 0
9.749, 0, 0, 0, 0
9.762, 0, 0, 0, 0
9.775, 0, 0, 0, 0
9.788, 0, 0, 0, 0
9.8, 0, 0, 0, 0
9.813, 0, 0, 0, 0
9.827, 0, 0, 0, 0
9.84, 0, 0, 0, 0
9.852, 0, 0, 0, 0
9.865, 0, 0, 0, 0
9.879, 0, 0, 0, 0
9.891, 0, 0, 0, 0
9.904, 0, 0, 0, 0
9.918, 0, 0, 0, 0
9.931, 0, 0, 0, 0
9.943, 0, 0, 0, 0
9.956, 0, 0, 0, 0
9.969, 0, 0, 0, 0
9.982, 0, 0, 0, 0
9.995, 0, 0, 0, 0
10.007, 0, 0, 0, 0
10.02, 0, 0, 0, 0
10.033, 0, 0, 0, 0
10.046, 0, 0, 0, 0
10.059, 0, 0, 0, 0
10.071, 0, 0, 0, 0
10.084, 0, 0, 0, 0
10.097, 0, 0, 0, 0
10.11, 0, 0, 0, 0
10.123, 0, 0, 0, 0
10.136, 0, 0, 0, 0
10.148, 0, 0, 0, 0
10.162, 0, 0, 0, 0
10.175, 0, 0, 0, 0
10.187, 0, 0, 0, 0
10.2, 0, 0, 0, 0
10.212, 0, 0, 0, 0
10.224, 0, 0, 0, 0
10.237, 0, 0, 0, 0
10.25, 0, 0, 0, 0
10.262, 0, 0, 0, 0
10.275, 0, 0, 0, 0
10.288, 0, 0, 0, 0
10.301, 0, 0, 0, 0
10.313, 0, 0, 0, 0
10.326, 0, 0, 0, 0
10.339, 0, 0, 0, 0
10.352, 0, 0, 0, 0
10.364, 0, 0, 0, 0
10.377, 0, 0, 0, 0
10.39, 0, 0, 0, 0
10.403, 0, 0, 0, 0
10.416, 0, 0, 0, 0
10.428, 0, 0, 0, 0
10.441, 0, 0, 0, 0
10.454, 0, 0, 0, 0
10.467, 0, 0, 0, 0
10.48, 0, 0, 0, 0
10.493, 0, 0, 0, 0
10.506, 0, 0, 0, 0
10.518, 0, 0, 0, 0
10.531, 0, 0, 0, 0
10.544, 0, 0, 0, 0
10.557, 0, 0, 0, 0
10.57, 0, 0, 0, 0
10.582, 0, 0, 0, 0
10.595, 0, 0, 0, 0
10.608, 0, 0, 0, 0
10.621, 0, 0, 0, 0
10.634, 0, 0, 0, 0
10.647, 0, 0, 0, 0
10.66, 0, 0, 0, 0
10.673, 0, 0, 0, 0
10.686, 0, 0, 0, 0
10.699, 0, 0, 0, 0
10.712, 0, 0, 0, 0
10.725, 0, 0, 0, 0
10.738, 0, 0, 0, 0
10.751, 0, 0, 0, 0
10.763, 0, 0, 0, 0
10.776, 0, 0, 0, 0
10.789, 0, 0, 0, 0
10.802, 0, 0, 0, 0
10.815, 0, 0, 0, 0
10.828, 0, 0, 0, 0
10.84, 0, 0, 0, 0
10.853, 0, 0, 0, 0
10.866, 0, 0, 0, 0
10.879, 0, 0, 0, 0
10.892, 0, 0, 0, 0
10.905, 0, 0, 0, 0
10.918, 0, 0, 0, 0
10.931, 0, 0, 0, 0
10.944, 0, 0, 0, 0
10.957, 0, 0, 0, 0
10.97, 0, 0, 0, 0
10.983, 0, 0, 0, 0
10.996, 0, 0, 0, 0
11.008, 0, 0, 0, 0
11.021, 0, 0, 0, 0
11.034, 0, 0, 0, 0
11.047, 0, 0, 0, 0
11.06, 0, 0, 0, 0
11.073, 0, 0, 0, 0
11.086, 0, 0, 0, 0
11.099, 0, 0, 0, 0
11.111, 0, 0, 0, 0
11.124, 0, 0, 0, 0
11.137, 0, 0, 0, 0
11.151, 0, 0, 0, 0
11.163, 0, 0, 0, 0
11.176, 0, 0, 0, 0
11.189, 0, 0, 0, 0
11.203, 0, 0, 0, 0
11.216, 0, 0, 0, 0
11.229, 0, 0, 0, 0
11.241, 0, 0, 0, 0
11.254, 0, 0, 0, 0
11.267, 0, 0, 0, 0
11.279, 0, 0, 0, 0
11.292, 0, 0, 0, 0
11.305, 0, 0, 0, 0
11.318, 0, 0, 0, 0
11.331, 0, 0, 0, 0
11.344, 0, 0, 0, 0
11.357, 0, 0, 0, 0
11.37, 0, 0, 0, 0
11.382, 0, 0, 0, 0
11.395, 0, 0, 0, 0
11.409, 0, 0, 0, 0
11.421, 0, 0, 0, 0
11.434, 0, 0, 0, 0
11.447, 0, 0, 0, 0
11.46, 0, 0, 0, 0
11.472, 0, 0, 0, 0
11.485, 0, 0, 0, 0
11.498, 0, 0, 0, 0
11.511, 0, 0, 0, 0
11.524, 0, 0, 0, 0
11.536, 0, 0, 0, 0
11.549, 0, 0, 0, 0
11.562, 0, 0, 0, 0
11.575, 0, 0, 0, 0
11.588, 0, 0, 0, 0
11.601, 0, 0, 0, 0
11.614, 0, 0, 0, 0
11.626, 0, 0, 0, 0
11.639, 0, 0, 0, 0
11.652, 0, 0, 0, 0
11.665, 0, 0, 0, 0
11.678, 0, 0, 0, 0
11.69, 0, 0, 0, 0
11.703, 0, 0, 0, 0
11.716, 0, 0, 0, 0
11.729, 0, 0, 0, 0
11.742, 0, 0, 0, 0
11.755, 0, 0, 0, 0
11.767, 0, 0, 0, 0
11.78, 0, 0, 0, 0
11.793, 0, 0, 0, 0
11.806, 0, 0, 0, 0
11.819, 0, 0, 0, 0
11.832, 0, 0, 0, 0
11.845, 0, 0, 0, 0
11.857, 0, 0, 0, 0
11.87, 0, 0, 0, 0
11.882, 0, 0, 0, 0
11.895, 0, 0, 0, 0
11.907, 0, 0, 0, 0
11.92, 0, 0, 0, 0
11.932, 0, 0, 0, 0
11.945, 0, 0, 0, 0
11.958, 0, 0, 0, 0
11.971, 0, 0, 0, 0
11.984, 0, 0, 0, 0
11.997, 0, 0, 0, 0
12.009, 0, 0, 0, 0
12.022, 0, 0, 0, 0
12.035, 0, 0, 0, 0
12.048, 0, 0, 0, 0
12.061, 0, 0, 0, 0
12.074, 0, 0, 0, 0
12.087, 0, 0, 0, 0
12.1, 0, 0, 0, 0
12.113, 0, 0, 0, 0
12.125, 0, 0, 0, 0
12.138, 0, 0, 0, 0
12.151, 0, 0, 0, 0
12.164, 0, 0, 0, 0
12.177, 0, 0, 0, 0
12.19, 0, 0, 0, 0
12.203, 0, 0, 0, 0
12.216, 0, 0, 0, 0
12.229, 0, 0, 0, 0
12.242, 0, 0, 0, 0
12.255, 0, 0, 0, 0
12.268, 0, 0, 0, 0
12.281, 0, 0, 0, 0
12.294, 0, 0, 0, 0
12.307, 0, 0, 0, 0
12.319, 0, 0, 0, 0
12.332, 0, 0, 0, 0
12.345, 0, 0, 0, 0
12.358, 0, 0, 0, 0
12.37, 0, 0, 0, 0
12.384, 0, 0, 0, 0
12.396, 0, 0, 0, 0
12.409, 0, 0, 0, 0
12.423, 0, 0, 0, 0
12.435, 0, 0, 0, 0
12.448, 0, 0, 0, 0
12.461, 0, 0, 0, 0
12.474, 0, 0, 0, 0
12.487, 0, 0, 0, 0
12.499, 0, 0, 0, 0
12.512, 0, 0, 0, 0
12.525, 0, 0, 0, 0
12.538, 0, 0, 0, 0
12.551, 0, 0, 0, 0
12.564, 0, 0, 0, 0
12.577, 0, 0, 0, 0
12.59, 0, 0, 0, 0
12.603, 0, 0, 0, 0
12.616, 0, 0, 0, 0
12.629, 0, 0, 0, 0
12.641, 0, 0, 0, 0
12.655, 0, 0, 0, 0
12.668, 0, 0, 0, 0
12.681, 0, 0, 0, 0
12.694, 0, 0, 0, 0
12.707, 0, 0, 0, 0
12.72, 0, 0, 0, 0
12.733, 0, 0, 0, 0
12.746, 0, 0, 0, 0
12.759, 0, 0, 0, 0
12.772, 0, 0, 0, 0
12.786, 0, 0, 0, 0
12.798, 0, 0, 0, 0
12.811, 0, 0, 0, 0
12.824, 0, 0, 0, 0
12.837, 0, 0, 0, 0
12.85, 0, 0, 0, 0
12.863, 0, 0, 0, 0
12.876, 0, 0, 0, 0
12.889, 0, 0, 0, 0
12.902, 0, 0, 0, 0
12.915, 0, 0, 0, 0
12.928, 0, 0, 0, 0
12.941, 0, 0, 0, 0
12.954, 0, 0, 0, 0
12.966, 0, 0, 0, 0
12.978, 0, 0, 0, 0
12.991, 0, 0, 0, 0
13.004, 0, 0, 0, 0
13.016, 0, 0, 0, 0
13.029, 0, 0, 0, 0
13.042, 0, 0, 0, 0
13.054, 0, 0, 0, 0
13.067, 0, 0, 0, 0
13.08, 0, 0, 0, 0
13.093, 0, 0, 0, 0
13.106, 0, 0, 0, 0
13.118, 0, 0, 0, 0
13.131, 0, 0, 0, 0
13.143, 0, 0, 0, 0
13.156, 0, 0, 0, 0
13.169, 0, 0, 0, 0
13.182, 0, 0, 0, 0
13.195, 0, 0, 0, 0
13.207, 0, 0, 0, 0
13.22, 0, 0, 0, 0
13.233, 0, 0, 0, 0
13.246, 0, 0, 0, 0
13.259, 0, 0, 0, 0
13.272, 0, 0, 0, 0
13.285, 0, 0, 0, 0
13.298, 0, 0, 0, 0
13.311, 0, 0, 0, 0
13.324, 0, 0, 0, 0
13.337, 0, 0, 0, 0
13.35, 0, 0, 0, 0
13.363, 0, 0, 0, 0
13.376, 0, 0, 0, 0
13.388, 0, 0, 0, 0
13.401, 0, 0, 0, 0
13.414, 0, 0, 0, 0
13.427, 0, 0, 0, 0
13.44, 0, 0, 0, 0
13.453, 0, 0, 0, 0
13.466, 0, 0, 0, 0
13.479, 0, 0, 0, 0
13.491, 0, 0, 0, 0
13.504, 0, 0, 0, 0
13.517, 0, 0, 0, 0
13.53, 0, 0, 0, 0
13.543, 0, 0, 0, 0
13.556, 0, 0, 0, 0
13.569, 0, 0, 0, 0
13.582, 0, 0, 0, 0
13.595, 0, 0, 0, 0
13.608, 0, 0, 0, 0
13.621, 0, 0, 0, 0
13.634, 0, 0, 0, 0
13.647, 0, 0, 0, 0
13.66, 0, 0, 0, 0
13.673, 0, 0, 0, 0
13.686, 0, 0, 0, 0
13.699, 0, 0, 0, 0
13.712, 0, 0, 0, 0
13.725, 0, 0, 0, 0
13.737, 0, 0, 0, 0
13.751, 0, 0, 0, 0
13.764, 0, 0, 0, 0
13.777, 0, 0, 0, 0
13.79, 0, 0, 0, 0
13.803, 0, 0, 0, 0
13.815, 0, 0, 0, 0
13.828, 0, 0, 0, 0
13.841, 0, 0, 0, 0
13.853, 0, 0, 0, 0
13.866, 0, 0, 0, 0
13.879, 0, 0, 0, 0
13.892, 0, 0, 0, 0
13.905, 0, 0, 0, 0
13.918, 0, 0, 0, 0
13.931, 0, 0, 0, 0
13.943, 0, 0, 0, 0
13.956, 0, 0, 0, 0
13.969, 0, 0, 0, 0
13.982, 0, 0, 0, 0
13.995, 0, 0, 0, 0
14.007, 0, 0, 0, 0
14.02, 0, 0, 0, 0
14.033, 0, 0, 0, 0
14.046, 0, 0, 0, 0
14.059, 0, 0, 0, 0
14.072, 0, 0, 0, 0
14.084, 0, 0, 0, 0
14.097, 0, 0, 0, 0
14.11, 0, 0, 0, 0
14.122, 0, 0, 0, 0
14.136, 0, 0, 0, 0
14.149, 0, 0, 0, 0
14.161, 0, 0, 0, 0
14.174, 0, 0, 0, 0
14.187, 0, 0, 0, 0
14.2, 0, 0, 0, 0
14.213, 0, 0, 0, 0
14.226, 0, 0, 0, 0
14.239, 0, 0, 0, 0
14.252, 0, 0, 0, 0
14.265, 0, 0, 0, 0
14.278, 0, 0, 0, 0
14.29, 0, 0, 0, 0
14.303, 0, 0, 0, 0
14.316, 0, 0, 0, 0
14.329, 0, 0, 0, 0
14.342, 0, 0, 0, 0
14.355, 0, 0, 0, 0
14.368, 0, 0, 0, 0
14.381, 0, 0, 0, 0
14.394, 0, 0, 0, 0
14.407, 0, 0, 0, 0
14.42, 0, 0, 0, 0
14.433, 0, 0, 0, 0
14.446, 0, 0, 0, 0
14.459, 0, 0, 0, 0
14.472, 0, 0, 0, 0
14.485, 0, 0, 0, 0
14.498, 0, 0, 0, 0
14.511, 0, 0, 0, 0
14.524, 0, 0, 0, 0
14.537, 0, 0, 0, 0
14.55, 0, 0, 0, 0
14.563, 0, 0, 0, 0
14.575, 0, 0, 0, 0
14.588, 0, 0, 0, 0
14.601, 0, 0, 0, 0
14.614, 0, 0, 0, 0
14.627, 0, 0, 0, 0
14.64, 0, 0, 0, 0
14.652, 0, 0, 0, 0
14.665, 0, 0, 0, 0
14.677, 0, 0, 0, 0
14.69, 0, 0, 0, 0
14.703, 0, 0, 0, 0
14.715, 0, 0, 0, 0
14.728, 0, 0, 0, 0
14.741, 0, 0, 0, 0
14.754, 0, 0, 0, 0
14.767, 0, 0, 0, 0
14.78, 0, 0, 0, 0
14.793, 0, 0, 0, 0
14.806, 0, 0, 0, 0
14.818, 0, 0, 0, 0
14.831, 0, 0, 0, 0
14.844, 0, 0, 0, 0
14.858, 0, 0, 0, 0
14.87, 0, 0, 0, 0
14.883, 0, 0, 0, 0
14.895, 0, 0, 0, 0
14.908, 0, 0, 0, 0
14.921, 0, 0, 0, 0
14.935, 0, 0, 0, 0
14.948, 0, 0, 0, 0
14.961, 0, 0, 0, 0
14.974, 0, 0, 0, 0
14.986, 0, 0, 0, 0
14.999, 0, 0, 0, 0
15.012, 0, 0, 0, 0
15.025, 0, 0, 0, 0
15.038, 0, 0, 0, 0
15.051, 0, 0, 0, 0
15.064, 0, 0, 0, 0
15.077, 0, 0, 0, 0
15.09, 0, 0, 0, 0
15.103, 0, 0, 0, 0
15.116, 0, 0, 0, 0
15.129, 0, 0, 0, 0
15.142, 0, 0, 0, 0
15.155, 0, 0, 0, 0
15.167, 0, 0, 0, 0
15.18, 0, 0, 0, 0
15.193, 0, 0, 0, 0
15.206, 0, 0, 0, 0
15.219, 0, 0, 0, 0
15.232, 0, 0, 0, 0
15.245, 0, 0, 0, 0
15.258, 0, 0, 0, 0
15.27, 0, 0, 0, 0
15.283, 0, 0, 0, 0
15.296, 0, 0, 0, 0
15.309, 0, 0, 0, 0
15.321, 0, 0, 0, 0
15.334, 0, 0, 0, 0
15.347, 0, 0, 0, 0
15.36, 0, 0, 0, 0
15.373, 0, 0, 0, 0
15.386, 0, 0, 0, 0
15.399, 0, 0, 0, 0
15.412, 0, 0, 0, 0
15.424, 0, 0, 0, 0
15.437, 0, 0, 0, 0
15.45, 0, 0, 0, 0
15.463, 0, 0, 0, 0
15.476, 0, 0, 0, 0
15.488, 0, 0, 0, 0
15.501, 0, 0, 0, 0
15.514, 0, 0, 0, 0
15.527, 0, 0, 0, 0
15.54, 0, 0, 0, 0
15.553, 0, 0, 0, 0
15.566, 0, 0, 0, 0
15.578, 1, -10, 0.0683891, 0
15.591, 1, -10, 0.615502, 0
15.602, 1, -10, 1.43617, 211.731
15.613, 1, -10, 2.39362, 58.804
15.626, 1, -10, 3.41945, 0
15.637, 1, -10, 4.44529, 60.6824
15.651, 1, -10, 5.40274, 120.722
15.663, 1, -10, 6.29179, 0
15.675, 1, -10, 7.18085, 0
15.685, 1, -10, 7.93313, 0
15.696, 1, -10, 8.89058, 1266.46
15.707, 1, -10, 9.91641, 0
15.719, 1, -10, 10.9422, 0
15.731, 1, -10, 12.0365, 0
15.743, 1, -10, 13.0623, 0
15.754, 1, -10, 14.0198, 144.892
15.766, 1, -10, 15.2508, 0
15.778, 1, -10, 16.2766, 94.5907
15.79, 1, -10, 17.576, 89.2844
15.802, 1, -10, 18.7386, 124.344
15.815, 1, -10, 19.9012, 109.248
15.826, 1, -10, 21.1322, 594.687
15.838, 1, -10, 22.2264, 0
15.848, 1, -10, 23.2523, 0
15.861, 1, -10, 24.5517, 96.1871
15.873, 1, -10, 25.7827, 0
15.886, 1, -10, 27.0137, 0
15.897, 1, -10, 28.1079, 2630.35
15.908, 1, -10, 29.2705, 0
15.92, 1, -10, 30.2964, 199.968
15.932, 1, -10, 31.5274, 93.5555
15.944, 1, -10, 32.8267, 0
15.956, 1, -10, 33.9894, 0
15.968, 1, -10, 34.9468, 60.7363
15.981, 1, -10, 36.041, 0
15.992, 1, -10, 37.4088, 122.781
16.004, 1, -10, 38.5714, 62.6847
16.015, 1, -10, 39.6657, 62.0028
16.026, 1, -10, 40.7599, 123.335
16.037, 1, -10, 41.7173, 238.497
16.049, 1, -10, 43.0167, 0
16.06, 1, -10, 43.8374, 247.338
16.071, 1, -10, 44.9316, 0
16.083, 1, -10, 45.9574, 0
16.094, 1, -10, 47.1201, 124.912
16.105, 1, -10, 48.3511, 0
16.117, 1, -10, 49.3085, 122.342
16.128, 1, -10, 50.4711, 0
16.138, 1, -10, 51.4286, 125.255
16.149, 1, -10, 52.6596, 0
16.161, 1, -10, 53.5486, 108.382
16.172, 1, -10, 54.7796, 125.6
16.183, 1, -10, 55.9422, 61.1709
16.194, 1, -10, 57.0365, 122.891
16.206, 1, -10, 58.0623, 0
16.217, 1, -10, 59.2249, 0
16.227, 1, -10, 59.9772, 0
16.238, 1, -10, 60.5243, 0
16.248, 1, -10, 60.9347, 0
16.258, 1, -10, 61.1398, 71.3501
16.268, 1, -10, 61.4818, 0
16.28, 1, -10, 61.7553, 0
16.29, 1, -10, 61.9605, 0
16.3, 1, -10, 62.234, 0
16.31, 1, -10, 62.6444, 0
16.321, 1, -10, 62.8495, 0
16.331, 1, -10, 63.1231, 2072.4
16.342, 1, -10, 63.3283, 0
16.352, 1, -10, 63.6018, 0
16.362, 1, -10, 63.807, 0
16.373, 1, -10, 63.8754, 0
16.383, 1, -10, 63.8754, 0
16.393, 1, -10, 63.8754, 0
16.403, 1, -10, 63.8754, 0
16.414, 1, -10, 63.8754, 0
16.424, 1, -10, 63.8754, 0
16.435, 1, -10, 63.8754, 0
16.445, 1, -10, 63.8754, 0
16.455, 1, -10, 63.8754, 0
16.465, 1, -10, 63.8754, 0
16.476, 1, -10, 63.8754, 0
16.486, 1, -10, 63.8754, 0
16.496, 1, -10, 63.8754, 0
16.506, 1, -10, 63.8754, 0
16.517, 1, -10, 63.8754, 0
16.528, 1, -10, 63.8754, 0
16.538, 1, -10, 63.8754, 0
16.548, 1, -10, 63.8754, 0
16.558, 1, -10, 63.8754, 0
16.568, 1, -10, 63.8754, 0
16.579, 1, -10, 63.8754, 0
16.589, 1, -10, 63.8754, 0
16.599, 1, -10, 63.8754, 0
16.609, 1, -10, 63.8754, 0
16.62, 1, -10, 63.8754, 0
16.63, 1, -10, 63.8754, 0
16.64, 1, -10, 63.8754, 0
16.65, 1, -10, 63.8754, 0
16.66, 1, -10, 63.8754, 0
16.671, 1, -10, 63.8754, 0
16.681, 1, -10, 63.8754, 0
16.692, 1, -10, 63.8754, 0
16.702, 1, -10, 63.8754, 0
16.712, 1, -10, 63.8754, 0
16.722, 1, -10, 63.8754, 0
16.733, 1, -10, 63.8754, 0
16.743, 1, -10, 63.8754, 0
16.753, 1, -10, 63.8754, 0
16.764, 1, -10, 63.8754, 0
16.774, 1, -10, 63.8754, 0
16.785, 1, -10, 63.8754, 0
16.795, 1, -10, 63.8754, 0
16.805, 1, -10, 63.8754, 0
16.816, 1, -10, 63.8754, 0
