0, 0, 0, 0, 0
0.013, 1, 0, 0, 0
0.025, 1, 0, 0, 0
0.035, 1, 0, 0, 0
0.045, 1, 0, 0, 0
0.056, 1, 0, 0, 0
0.066, 1, 0, 0, 0
0.076, 1, 0, 0, 0
0.086, 1, 0, 0, 0
0.097, 1, 0, 0, 0
0.107, 1, 0, 0, 0
0.117, 1, 0, 0, 0
0.127, 1, 0, 0, 0
0.138, 1, 0, 0, 0
0.148, 1, 0, 0, 0
0.159, 1, 0, 0, 0
0.169, 1, 0, 0, 0
0.179, 1, 0, 0, 0
0.19, 1, 0, 0, 0
0.2, 1, 0, 0, 0
0.21, 1, 0, 0, 0
0.221, 1, 0, 0, 0
0.231, 1, 0, 0, 0
0.242, 1, 0, 0, 0
0.252, 1, 0, 0, 0
0.262, 1, 0, 0, 0
0.272, 1, 0, 0, 0
0.283, 1, 0, 0, 0
0.293, 1, 0, 0, 0
0.304, 1, 0, 0, 0
0.314, 1, 0, 0, 0
0.325, 1, 0, 0, 0
0.335, 1, 0, 0, 0
0.346, 1, 0, 0, 0
0.356, 1, 0, 0, 0
0.366, 1, 0, 0, 0
0.377, 1, 0, 0, 0
0.387, 1, 0, 0, 0
0.398, 1, 0, 0, 0
0.408, 1, 0, 0, 0
0.419, 1, 0, 0, 0
0.429, 1, 0, 0, 0
0.44, 1, 0, 0, 0
0.45, 1, 0, 0, 0
0.46, 1, 0, 0, 0
0.471, 1, 0, 0, 0
0.481, 1, 0, 0, 0
0.492, 1, 0, 0, 0
0.502, 1, 0, 0, 0
0.513, 1, 0, 0, 0
0.524, 1, 0, 0, 0
0.535, 1, 0, 0, 0
0.547, 1, 0, 0, 0
0.558, 1, 0, 0, 0
0.568, 1, 0, 0, 0
0.578, 1, 0, 0, 0
0.589, 1, 0, 0, 0
0.599, 1, 0, 0, 0
0.609, 1, 0, 0, 0
0.62, 1, 0, 0, 0
0.63, 1, 0, 0, 0
0.64, 1, 0, 0, 0
0.651, 1, 0, 0, 0
0.661, 1, 0, 0, 0
0.671, 1, 0, 0, 0
0.681, 1, 0, 0, 0
0.692, 1, 0, 0, 0
0.702, 1, 0, 0, 0
0.712, 1, 0, 0, 0
0.722, 1, 0, 0, 0
0.733, 1, 0, 0, 0
0.743, 1, 0, 0, 0
0.753, 1, 0, 0, 0
0.763, 1, 0, 0, 0
0.774, 1, 0, 0, 0
0.784, 1, 0, 0, 0
0.794, 1, 0, 0, 0
0.804, 1, 0, 0, 0
0.815, 1, 0, 0, 0
0.825, 1, 0, 0, 0
0.835, 1, 0, 0, 0
0.846, 1, 0, 0, 0
0.856, 1, 0, 0, 0
0.866, 1, 0, 0, 0
0.876, 1, 0, 0, 0
0.887, 1, 0, 0, 0
0.897, 1, 0, 0, 0
0.907, 1, 0, 0, 0
0.917, 1, 0, 0, 0
0.928, 1, 0, 0, 0
0.938, 1, 0, 0, 0
0.948, 1, 0, 0, 0
0.958, 1, 0, 0, 0
0.969, 1, 0, 0, 0
0.979, 1, 0, 0, 0
0.99, 1, 0, 0, 0
1, 1, 0, 0, 0
1.011, 1, 0, 0, 0
1.021, 1, 0, 0, 0
1.032, 1, 0, 0, 0
1.042, 1, 0, 0, 0
1.052, 1, 0, 0, 0
1.062, 1, 0, 0, 0
1.073, 1, 0, 0, 0
1.083, 1, 0, 0, 0
1.094, 1, 0, 0, 0
1.104, 1, 0, 0, 0
1.114, 1, 0, 0, 0
1.125, 1, 0, 0, 0
1.135, 1, 0, 0, 0
1.146, 1, 0, 0, 0
1.156, 1, 0, 0, 0
1.166, 1, 0, 0, 0
1.177, 1, 0, 0, 0
1.187, 1, 0, 0, 0
1.197, 1, 0, 0, 0
1.208, 1, 0, 0, 0
1.218, 1, 0, 0, 0
1.228, 1, 0, 0, 0
1.239, 1, 0, 0, 0
1.249, 1, 0, 0, 0
1.259, 1, 0, 0, 0
1.27, 1, 0, 0, 0
1.28, 1, 0, 0, 0
1.29, 1, 0, 0, 0
1.301, 1, 0, 0, 0
1.311, 1, 0, 0, 0
1.322, 1, 0, 0, 0
1.332, 1, 0, 0, 0
1.343, 1, 0, 0, 0
1.353, 1, 0, 0, 0
1.363, 1, 0, 0, 0
1.374, 1, 0, 0, 0
1.384, 1, 0, 0, 0
1.395, 1, 0, 0, 0
1.405, 1, 0, 0, 0
1.415, 1, 0, 0, 0
1.426, 1, 0, 0, 0
1.436, 1, 0, 0, 0
1.446, 1, 0, 0, 0
1.457, 1, 0, 0, 0
1.467, 1, 0, 0, 0
1.477, 1, 0, 0, 0
1.488, 1, 0, 0, 0
1.498, 1, 0, 0, 0
1.509, 1, 0, 0, 0
1.519, 1, 0, 0, 0
1.53, 1, 0, 0, 0
1.54, 1, 0, 0, 0
1.55, 1, 0, 0, 0
1.561, 1, 0, 0, 0
1.571, 1, 0, 0, 0
1.581, 1, 0, 0, 0
1.592, 1, 0, 0, 0
1.602, 1, 0, 0, 0
1.613, 1, 0, 0, 0
1.623, 1, 0, 0, 0
1.634, 1, 0, 0, 0
1.644, 1, 0, 0, 0
1.655, 1, 0, 0, 0
1.665, 1, 0, 0, 0
1.675, 1, 0, 0, 0
1.686, 1, 0, 0, 0
1.696, 1, 0, 0, 0
1.707, 1, 0, 0, 0
1.717, 1, 0, 0, 0
1.728, 1, 0, 0, 0
1.738, 1, 0, 0, 0
1.748, 1, 0, 0, 0
1.759, 1, 0, 0, 0
1.769, 1, 0, 0, 0
1.779, 1, 0, 0, 0
1.79, 1, 0, 0, 0
1.8, 1, 0, 0, 0
1.811, 1, 0, 0, 0
1.822, 1, 0, 0, 0
1.832, 1, 0, 0, 0
1.842, 1, 0, 0, 0
1.853, 1, 0, 0, 0
1.863, 1, 0, 0, 0
1.874, 1, 0, 0, 0
1.884, 1, 0, 0, 0
1.895, 1, 0, 0, 0
1.905, 1, 0, 0, 0
1.916, 1, 0, 0, 0
1.926, 1, 0, 0, 0
1.937, 1, 0, 0, 0
1.947, 1, 0, 0, 0
1.958, 1, 0, 0, 0
1.968, 1, 0, 0, 0
1.979, 1, 0, 0, 0
1.989, 1, 0, 0, 0
2, 1, 0, 0, 0
2.01, 1, 0, 0, 0
2.021, 1, 0, 0, 0
2.031, 1, 0, 0, 0
2.041, 1, 0, 0, 0
2.052, 1, 0, 0, 0
2.062, 1, 0, 0, 0
2.072, 1, 0, 0, 0
2.083, 1, 0, 0, 0
2.094, 1, 0, 0, 0
2.105, 1, 0, 0, 0
2.115, 1, 0, 0, 0
2.126, 1, 0, 0, 0
2.136, 1, 0, 0, 0
2.147, 1, 0, 0, 0
2.157, 1, 0, 0, 0
2.168, 1, 0, 0, 0
2.178, 1, 0, 0, 0
2.188, 1, 0, 0, 0
2.199, 1, 0, 0, 0
2.209, 1, 0, 0, 0
2.22, 1, 0, 0, 0
2.23, 1, 0, 0, 0
2.241, 1, 0, 0, 0
2.251, 1, 0, 0, 0
2.262, 1, 0, 0, 0
2.272, 1, 0, 0, 0
2.283, 1, 0, 0, 0
2.294, 1, 0, 0, 0
2.304, 1, 0, 0, 0
2.314, 1, 0, 0, 0
2.325, 1, 0, 0, 0
2.335, 1, 0, 0, 0
2.346, 1, 0, 0, 0
2.356, 1, 0, 0, 0
2.367, 1, 0, 0, 0
2.377, 1, 0, 0, 0
2.387, 1, 0, 0, 0
2.398, 1, 0, 0, 0
2.408, 1, 0, 0, 0
2.419, 1, 0, 0, 0
2.429, 1, 0, 0, 0
2.44, 1, 0, 0, 0
2.45, 1, 0, 0, 0
2.46, 1, 0, 0, 0
2.471, 1, 0, 0, 0
2.481, 1, 0, 0, 0
2.492, 1, 0, 0, 0
2.502, 1, 0, 0, 0
2.513, 1, 0, 0, 0
2.523, 1, 0, 0, 0
2.533, 1, 0, 0, 0
2.544, 1, 0, 0, 0
2.555, 1, 0, 0, 0
2.565, 1, 0, 0, 0
2.576, 1, 0, 0, 0
2.586, 1, 0, 0, 0
2.596, 1, 0, 0, 0
2.607, 1, 0, 0, 0
2.617, 1, 0, 0, 0
2.628, 1, 0, 0, 0
2.638, 1, 0, 0, 0
2.649, 1, 0, 0, 0
2.659, 1, 0, 0, 0
2.669, 1, 0, 0, 0
2.679, 1, 0, 0, 0
2.69, 1, 0, 0, 0
2.7, 1, 0, 0, 0
2.711, 1, 0, 0, 0
2.721, 1, 0, 0, 0
2.732, 1, 0, 0, 0
2.742, 1, 0, 0, 0
2.753, 1, 0, 0, 0
2.763, 1, 0, 0, 0
2.773, 1, 0, 0, 0
2.784, 1, 0, 0, 0
2.794, 1, 0, 0, 0
2.805, 1, 0, 0, 0
2.815, 1, 0, 0, 0
2.826, 1, 0, 0, 0
2.836, 1, 0, 0, 0
2.846, 1, 0, 0, 0
2.857, 1, 0, 0, 0
2.867, 1, 0, 0, 0
2.878, 1, 0, 0, 0
2.888, 1, 0, 0, 0
2.898, 1, 0, 0, 0
2.909, 1, 0, 0, 0
2.919, 1, 0, 0, 0
2.93, 1, 0, 0, 0
2.94, 1, 0, 0, 0
2.95, 1, 0, 0, 0
2.961, 1, 0, 0, 0
2.971, 1, 0, 0, 0
2.982, 1, 0, 0, 0
2.992, 1, 0, 0, 0
3.003, 1, 0, 0, 0
3.014, 1, 0, 0, 0
3.024, 1, 0, 0, 0
3.035, 1, 0, 0, 0
3.046, 1, 0, 0, 0
3.056, 1, 0, 0, 0
3.067, 1, 0, 0, 0
3.077, 1, 0, 0, 0
3.087, 1, 0, 0, 0
3.098, 1, 0, 0, 0
3.108, 1, 0, 0, 0
3.118, 1, 0, 0, 0
3.128, 1, 0, 0, 0
3.139, 1, 0, 0, 0
3.149, 1, 0, 0, 0
3.159, 1, 0, 0, 0
3.169, 1, 0, 0, 0
3.18, 1, 0, 0, 0
3.19, 1, 0, 0, 0
3.2, 1, 0, 0, 0
3.21, 1, 0, 0, 0
3.22, 1, 0, 0, 0
3.231, 1, 0, 0, 0
3.241, 1, 0, 0, 0
3.251, 1, 0, 0, 0
3.261, 1, 0, 0, 0
3.272, 1, 0, 0, 0
3.282, 1, 0, 0, 0
3.292, 1, 0, 0, 0
3.302, 1, 0, 0, 0
3.313, 1, 0, 0, 0
3.323, 1, 0, 0, 0
3.333, 1, 0, 0, 0
3.343, 1, 0, 0, 0
3.353, 1, 0, 0, 0
3.364, 1, 0, 0, 0
3.374, 1, 0, 0, 0
3.384, 1, 0, 0, 0
3.395, 1, 0, 0, 0
3.405, 1, 0, 0, 0
3.415, 1, 0, 0, 0
3.425, 1, 0, 0, 0
3.436, 1, 0, 0, 0
3.446, 1, 0, 0, 0
3.456, 1, 0, 0, 0
3.466, 1, 0, 0, 0
3.476, 1, 0, 0, 0
3.487, 1, 0, 0, 0
3.497, 1, 0, 0, 0
3.507, 1, 0, 0, 0
3.517, 1, 0, 0, 0
3.528, 1, 0, 0, 0
3.538, 1, 0, 0, 0
3.548, 1, 0, 0, 0
3.559, 1, 0, 0, 0
3.569, 1, 0, 0, 0
3.579, 1, 0, 0, 0
3.59, 1, 0, 0, 0
3.6, 1, 0, 0, 0
3.61, 1, 0, 0, 0
3.621, 1, 0, 0, 0
3.631, 1, 0, 0, 0
3.642, 1, 0, 0, 0
3.652, 1, 0, 0, 0
3.663, 1, 0, 0, 0
3.673, 1, 0, 0, 0
3.683, 1, 0, 0, 0
3.694, 1, 0, 0, 0
3.704, 1, 0, 0, 0
3.714, 1, 0, 0, 0
3.725, 1, 0, 0, 0
3.735, 1, 0, 0, 0
3.745, 1, 0, 0, 0
3.756, 1, 0, 0, 0
3.766, 1, 0, 0, 0
3.776, 1, 0, 0, 0
3.786, 1, 0, 0, 0
3.796, 1, 0, 0, 0
3.807, 1, 0, 0, 0
3.817, 1, 0, 0, 0
3.827, 1, 0, 0, 0
3.837, 1, 0, 0, 0
3.848, 1, 0, 0, 0
3.858, 1, 0, 0, 0
3.868, 1, 0, 0, 0
3.878, 1, 0, 0, 0
3.889, 1, 0, 0, 0
3.899, 1, 0, 0, 0
3.909, 1, 0, 0, 0
3.919, 1, 0, 0, 0
3.93, 1, 0, 0, 0
3.94, 1, 0, 0, 0
3.95, 1, 0, 0, 0
3.96, 1, 0, 0, 0
3.97, 1, 0, 0, 0
3.981, 1, 0, 0, 0
3.991, 1, 0, 0, 0
4.002, 1, 0, 0, 0
4.012, 1, 0, 0, 0
4.022, 1, 0, 0, 0
4.032, 1, 0, 0, 0
4.043, 1, 0, 0, 0
4.053, 1, 0, 0, 0
4.063, 1, 0, 0, 0
4.074, 1, 0, 0, 0
4.085, 1, 0, 0, 0
4.095, 1, 0, 0, 0
4.106, 1, 0, 0, 0
4.116, 1, 0, 0, 0
4.126, 1, 0, 0, 0
4.137, 1, 0, 0, 0
4.147, 1, 0, 0, 0
4.158, 1, 0, 0, 0
4.168, 1, 0, 0, 0
4.179, 1, 0, 0, 0
4.19, 1, 0, 0, 0
4.2, 1, 0, 0, 0
4.211, 1, 0, 0, 0
4.221, 1, 0, 0, 0
4.232, 1, 0, 0, 0
4.242, 1, 0, 0, 0
4.252, 1, 0, 0, 0
4.263, 1, 0, 0, 0
4.273, 1, 0, 0, 0
4.283, 1, 0, 0, 0
4.294, 1, 0, 0, 0
4.304, 1, 0, 0, 0
4.315, 1, 0, 0, 0
4.325, 1, 0, 0, 0
4.335, 1, 0, 0, 0
4.346, 1, 0, 0, 0
4.356, 1, 0, 0, 0
4.367, 1, 0, 0, 0
4.377, 1, 0, 0, 0
4.387, 1, 0, 0, 0
4.398, 1, 0, 0, 0
4.408, 1, 0, 0, 0
4.418, 1, 0, 0, 0
4.429, 1, 0, 0, 0
4.439, 1, 0, 0, 0
4.45, 1, 0, 0, 0
4.46, 1, 0, 0, 0
4.47, 1, 0, 0, 0
4.481, 1, 0, 0, 0
4.491, 1, 0, 0, 0
4.502, 1, 0, 0, 0
4.512, 1, 0, 0, 0
4.522, 1, 0, 0, 0
4.533, 1, 0, 0, 0
4.543, 1, 0, 0, 0
4.554, 1, 0, 0, 0
4.564, 1, 0, 0, 0
4.575, 1, 0, 0, 0
4.585, 1, 0, 0, 0
4.595, 1, 0, 0, 0
4.606, 1, 0, 0, 0
4.616, 1, 0, 0, 0
4.627, 1, 0, 0, 0
4.638, 1, 0, 0, 0
4.648, 1, 0, 0, 0
4.658, 1, 0, 0, 0
4.669, 1, 0, 0, 0
4.68, 1, 0, 0, 0
4.69, 1, 0, 0, 0
4.7, 1, 0, 0, 0
4.711, 1, 0, 0, 0
4.721, 1, 0, 0, 0
4.732, 1, 0, 0, 0
4.742, 1, 0, 0, 0
4.753, 1, 0, 0, 0
4.763, 1, 0, 0, 0
4.774, 1, 0, 0, 0
4.784, 1, 0, 0, 0
4.795, 1, 0, 0, 0
4.806, 1, 0, 0, 0
4.816, 1, 0, 0, 0
4.827, 1, 0, 0, 0
4.837, 1, 0, 0, 0
4.848, 1, 0, 0, 0
4.858, 1, 0, 0, 0
4.869, 1, 0, 0, 0
4.879, 1, 0, 0, 0
4.889, 1, 0, 0, 0
4.9, 1, 0, 0, 0
4.91, 1, 0, 0, 0
4.92, 1, 0, 0, 0
4.931, 1, 0, 0, 0
4.942, 1, 0, 0, 0
4.952, 1, 0, 0, 0
4.962, 1, 0, 0, 0
4.973, 1, 0, 0, 0
4.984, 1, 0, 0, 0
4.994, 1, 0, 0, 0
5.004, 1, 0, 0, 0
5.015, 1, 0, 0, 0
5.025, 1, 0, 0, 0
5.036, 1, 0, 0, 0
5.046, 1, 0, 0, 0
5.056, 1, 0, 0, 0
5.067, 1, 0, 0, 0
5.077, 1, 0, 0, 0
5.088, 1, 0, 0, 0
5.098, 1, 0, 0, 0
5.108, 1, 0, 0, 0
5.119, 1, 0, 0, 0
5.13, 1, 0, 0, 0
5.141, 1, 0, 0, 0
5.151, 1, 0, 0, 0
5.161, 1, 0, 0, 0
5.172, 1, 0, 0, 0
5.182, 1, 0, 0, 0
5.193, 1, 0, 0, 0
5.204, 1, 0, 0, 0
5.215, 1, 0, 0, 0
5.226, 1, 0, 0, 0
5.236, 1, 0, 0, 0
5.247, 1, 0, 0, 0
5.258, 1, 0, 0, 0
5.269, 1, 0, 0, 0
5.279, 1, 0, 0, 0
5.29, 1, 0, 0, 0
5.3, 1, 0, 0, 0
5.311, 1, 0, 0, 0
5.322, 1, 0, 0, 0
5.332, 1, 0, 0.683891, 0
5.343, 1, 0, 1.77812, 345.399
5.354, 1, 0, 3.1459, 0
5.365, 1, 0, 4.58207, 17097.3
5.375, 1, 0, 6.01824, 0
5.385, 1, 0, 7.38602, 0
5.396, 1, 0, 8.7538, 0
5.406, 1, 0, 10.19, 0
5.416, 1, 0, 11.1474, 0
5.427, 1, 0, 11.4894, 0
5.437, 1, 0, 11.5578, 0
5.448, 1, 0, 11.5578, 0
5.458, 1, 0, 11.5578, 0
5.468, 1, 0, 11.5578, 0
5.479, 1, 0, 11.5578, 0
5.489, 1, 0, 11.5578, 0
5.5, 1, 0, 11.5578, 0
5.51, 1, 0, 11.5578, 0
5.52, 1, 0, 11.5578, 0
5.53, 1, 0, 11.5578, 0
5.541, 1, 0, 11.5578, 0
5.551, 1, 0, 11.5578, 0
5.561, 1, 0, 11.5578, 0
5.572, 1, 0, 11.5578, 0
5.582, 1, 0, 11.5578, 0
5.592, 1, 0, 11.5578, 0
5.602, 1, 0, 11.5578, 0
5.613, 1, 0, 11.5578, 0
5.623, 1, 0, 11.5578, 0
5.634, 1, 0, 11.5578, 0
5.644, 1, 0, 11.5578, 0
5.654, 1, 0, 11.5578, 0
5.665, 1, 0, 11.5578, 0
5.676, 1, 0, 11.5578, 0
5.686, 1, 0, 11.5578, 0
5.696, 1, 0, 11.5578, 0
5.706, 1, 0, 11.5578, 0
5.717, 1, 0, 11.5578, 0
5.727, 1, 0, 11.5578, 0
5.737, 1, 0, 11.5578, 0
5.748, 1, 0, 11.5578, 0
5.758, 1, 0, 11.5578, 0
5.769, 1, 0, 11.5578, 0
5.78, 1, 0, 11.5578, 0
5.79, 1, 0, 11.5578, 0
5.801, 1, 0, 11.5578, 0
5.811, 1, 0, 11.5578, 0
5.822, 1, 0, 11.5578, 0
5.832, 1, 0, 11.5578, 0
5.843, 1, 0, 11.5578, 0
5.854, 1, 0, 11.5578, 0
5.865, 1, 0, 11.5578, 0
5.875, 1, 0, 11.5578, 0
5.886, 1, 0, 11.5578, 0
5.896, 1, 0, 11.5578, 0
5.907, 1, 0, 11.5578, 0
5.917, 1, 0, 11.5578, 0
5.928, 1, 0, 11.5578, 0
5.939, 1, 0, 11.5578, 0
5.95, 1, 0, 11.5578, 0
5.96, 1, 0, 11.5578, 0
5.971, 1, 0, 11.5578, 0
5.981, 1, 0, 11.5578, 0
5.992, 1, 0, 11.5578, 0
6.002, 1, 0, 11.5578, 0
6.012, 1, 0, 11.5578, 0
6.023, 1, 0, 11.5578, 0
6.033, 1, 0, 11.5578, 0
6.043, 1, 0, 11.5578, 0
6.053, 1, 0, 11.5578, 0
6.064, 1, 0, 11.5578, 0
6.074, 1, 0, 11.5578, 0
6.084, 1, 0, 11.5578, 0
6.094, 1, 0, 11.5578, 0
6.105, 1, 0, 11.5578, 0
6.115, 1, 0, 11.5578, 0
6.125, 1, 0, 11.5578, 0
6.136, 1, 0, 11.5578, 0
6.146, 1, 0, 11.5578, 0
6.156, 1, 0, 11.5578, 0
6.167, 1, 0, 11.5578, 0
6.177, 1, 0, 11.5578, 0
6.189, 1, 0, 11.5578, 0
6.199, 1, 0, 11.5578, 0
6.21, 1, 0, 11.5578, 0
6.22, 1, 0, 11.5578, 0
6.23, 1, 0, 11.5578, 0
6.241, 1, 0, 11.5578, 0
6.251, 1, 0, 11.5578, 0
6.262, 1, 0, 11.5578, 0
6.272, 1, 0, 11.5578, 0
6.283, 1, 0, 11.5578, 0
6.293, 1, 0, 11.5578, 0
6.304, 1, 0, 11.5578, 0
6.314, 1, 0, 11.5578, 0
6.324, 1, 0, 11.5578, 0
6.335, 1, 0, 11.5578, 0
6.345, 1, 0, 11.5578, 0
6.356, 1, 0, 11.5578, 0
6.366, 1, 0, 11.5578, 0
6.377, 1, 0, 11.5578, 0
6.387, 1, 0, 11.5578, 0
6.398, 1, 0, 11.5578, 0
6.408, 1, 0, 11.5578, 0
6.418, 1, 0, 11.5578, 0
6.429, 1, 0, 11.6945, 0
6.439, 1, 0, 12.3784, 1367.78
6.45, 1, 0, 13.541, 0
6.46, 1, 0, 14.8404, 0
6.471, 1, 0, 16.2766, 0
6.482, 1, 0, 17.7128, 1061.94
6.493, 1, 0, 19.1489, 0
6.503, 1, 0, 20.5167, 727.543
6.514, 1, 0, 21.6109, 244.247
6.525, 1, 0, 22.0897, 0
6.536, 1, 0, 22.1581, 0
6.546, 1, 0, 22.1581, 0
6.557, 1, 0, 22.1581, 0
6.568, 1, 0, 22.1581, 0
6.578, 1, 0, 22.1581, 0
6.59, 1, 0, 22.1581, 0
6.6, 1, 0, 22.1581, 0
6.61, 1, 0, 22.1581, 0
6.621, 1, 0, 22.1581, 0
6.631, 1, 0, 22.1581, 0
6.642, 1, 0, 22.1581, 0
6.652, 1, 0, 22.1581, 0
6.662, 1, 0, 22.1581, 0
6.673, 1, 0, 22.1581, 0
6.683, 1, 0, 22.1581, 0
6.694, 1, 0, 22.1581, 0
6.704, 1, 0, 22.1581, 0
6.714, 1, 0, 22.1581, 0
6.725, 1, 0, 22.1581, 0
6.735, 1, 0, 22.1581, 0
6.746, 1, 0, 22.1581, 0
6.756, 1, 0, 22.1581, 0
6.766, 1, 0, 22.1581, 0
6.777, 1, 0, 22.1581, 0
6.787, 1, 0, 22.1581, 0
6.798, 1, 0, 22.1581, 0
6.808, 1, 0, 22.1581, 0
6.818, 1, 0, 22.1581, 0
6.829, 1, 0, 22.1581, 0
6.84, 1, 0, 22.1581, 0
6.85, 1, 0, 22.1581, 0
6.861, 1, 0, 22.1581, 0
6.872, 1, 0, 22.1581, 0
6.884, 1, 0, 22.1581, 0
6.894, 1, 0, 22.1581, 0
6.904, 1, 0, 22.1581, 0
6.914, 1, 0, 22.1581, 0
6.925, 1, 0, 22.1581, 0
6.935, 1, 0, 22.1581, 1.30035
6.945, 1, 0, 22.1581, 0
6.956, 1, 0, 22.1581, 0
6.966, 1, 0, 22.1581, 0
6.977, 1, 0, 22.1581, 0
6.987, 1, 0, 22.1581, 0
6.997, 1, 0, 22.1581, 0
7.008, 1, 0, 22.1581, 0
7.018, 1, 0, 22.1581, 0
7.029, 1, 0, 22.1581, 0
7.039, 1, 0, 22.1581, 0
7.05, 1, 0, 22.1581, 0
7.06, 1, 0, 22.1581, 0
7.07, 1, 0, 22.1581, 0
7.081, 1, 0, 22.1581, 0
7.092, 1, 0, 22.1581, 0
7.102, 1, 0, 22.1581, 0
7.112, 1, 0, 22.1581, 0
7.123, 1, 0, 22.1581, 0
7.134, 1, 0, 22.1581, 0
7.144, 1, 0, 22.1581, 0
7.155, 1, 0, 22.1581, 0
7.166, 1, 0, 22.1581, 0
7.176, 1, 0, 22.1581, 0
7.187, 1, 0, 22.1581, 0
7.198, 1, 0, 22.1581, 0
7.208, 1, 0, 22.1581, 0
7.219, 1, 0, 22.1581, 0
7.23, 1, 0, 22.1581, 0
7.241, 1, 0, 22.1581, 0
7.252, 1, 0, 22.1581, 0
7.262, 1, 0, 22.1581, 0
7.273, 1, 0, 22.1581, 0
7.284, 1, 0, 22.1581, 0
7.294, 1, 0, 22.1581, 0
7.305, 1, 0, 21.6109, 0
7.316, 1, 0, 20.5851, 0
7.326, 1, 0, 19.3541, 0
7.336, 1, 0, 18.0547, 0
7.347, 1, 0, 16.6869, 0
7.357, 1, 0, 15.3875, -1036.2
7.368, 1, 0, 13.9514, 0
7.378, 1, 0, 12.652, -1085.54
7.389, 1, 0, 11.2842, -2333.48
7.4, 1, 0, 10.0532, -371.68
7.411, 1, 0, 8.7538, 0
7.421, 1, 0, 8.1383, 0
7.432, 1, 0, 8.06991, 0
7.442, 1, 0, 8.06991, 0
7.453, 1, 0, 8.06991, 0
7.463, 1, 0, 8.06991, 0
7.474, 1, 0, 8.06991, 0
7.484, 1, 0, 8.06991, 0
7.495, 1, 0, 8.06991, 0
7.506, 1, 0, 8.06991, 0
7.516, 1, 0, 8.06991, 0
7.526, 1, 0, 8.06991, 0
7.536, 1, 0, 8.06991, 0
7.547, 1, 0, 8.06991, 0
7.557, 1, 0, 8.06991, 0
7.567, 1, 0, 8.06991, 0
7.578, 1, 0, 8.06991, 0
7.589, 1, 0, 8.06991, 0
7.599, 1, 0, 8.06991, 0
7.61, 1, 0, 8.06991, 0
7.62, 1, 0, 8.06991, 0
7.63, 1, 0, 8.06991, 0
7.64, 1, 0, 8.06991, 0
7.651, 1, 0, 8.06991, 0
7.662, 1, 0, 8.06991, 0
7.673, 1, 0, 8.06991, 0
7.684, 1, 0, 8.06991, 0
7.694, 1, 0, 8.06991, 0
7.706, 1, 0, 8.06991, 0
7.716, 1, 0, 8.06991, 0
7.726, 1, 0, 8.06991, 0
7.737, 1, 0, 8.06991, 0
7.747, 1, 0, 8.06991, 0
7.758, 1, 0, 8.06991, 0
7.768, 1, 0, 8.06991, 0
7.779, 1, 0, 8.06991, 0
7.789, 1, 0, 8.06991, 0
7.8, 1, 0, 8.06991, 0
7.81, 1, 0, 7.93313, 0
7.82, 1, 0, 7.18085, 0
7.831, 1, 0, 6.15502, 0
7.841, 1, 0, 4.9924, 0
7.851, 1, 0, 3.82979, 0
7.862, 1, 0, 2.66717, 0
7.872, 1, 0, 1.50456, -1068.58
7.883, 1, 0, 0.273556, 0
7.893, 1, 0, -0.820669, -899.856
7.905, 1, 0, -1.91489, -899.856
7.916, 1, 0, -3.00912, 0
7.926, 1, 0, -3.35106, 0
7.937, 1, 0, -3.35106, -27.1293
7.947, 1, 0, -3.35106, 0
7.958, 1, 0, -3.35106, 0
7.968, 1, 0, -3.35106, 0
7.979, 1, 0, -3.35106, 0
7.989, 1, 0, -3.35106, 0
8, 1, 0, -3.35106, 0
8.01, 1, 0, -3.35106, 0
8.021, 1, 0, -3.35106, 0
8.031, 1, 0, -3.35106, 0
8.041, 1, 0, -3.35106, 0
8.052, 1, 0, -3.35106, 0
8.063, 1, 0, -3.35106, 0
8.073, 1, 0, -3.35106, 0
8.084, 1, 0, -3.35106, 0
8.095, 1, 0, -6.20149e+07, 6.98365e+10
8.108, 1, 0, -3.35106, 0
8.118, 1, 0, -3.35106, 0
8.128, 1, 0, -3.35106, 0
8.139, 1, 0, -3.35106, 0
8.149, 1, 0, -3.35106, 0
8.159, 1, 0, -3.35106, 0
8.17, 1, 0, -3.35106, 0
8.18, 1, 0, -3.35106, 0
8.191, 1, 0, -3.35106, 0
8.202, 1, 0, -3.35106, 0
8.213, 1, 0, -3.35106, 0
8.224, 1, 0, -3.35106, 0
8.234, 1, 0, -3.35106, 0
8.245, 1, 0, -3.35106, 0
8.255, 1, 0, -3.35106, 0
8.266, 1, 0, -3.35106, 0
8.276, 1, 0, -3.35106, 0
8.287, 1, 0, -3.35106, 0
8.298, 1, 0, -3.35106, 0
8.309, 1, 0, -3.35106, 0
8.319, 1, 0, -3.35106, 0
8.33, 1, 0, -3.35106, 0
8.341, 1, 0, -3.35106, 0
8.351, 1, 0, -3.35106, 0
8.362, 1, 0, -3.35106, 0
8.373, 1, 0, -3.35106, 0
8.383, 1, 0, -3.35106, 0
8.394, 1, 0, -3.35106, 0
8.404, 1, 0, -3.35106, 0
8.415, 1, 0, -3.35106, 0
8.425, 1, 0, -3.35106, 0
8.436, 1, 0, -3.35106, 0
8.446, 1, 0, -3.35106, 0
8.456, 1, 0, -3.35106, 0
8.467, 1, 0, -3.35106, 0
8.478, 1, 0, -3.35106, 0
8.488, 1, 0, -3.35106, 0
8.499, 1, 0, -3.35106, 0
8.509, 1, 0, -3.35106, 0
8.52, 1, 0, -3.35106, 0
8.53, 1, 0, -3.35106, 0
8.54, 1, 0, -3.35106, 0
8.551, 1, 0, -3.35106, 0
8.561, 1, 0, -3.35106, 0
8.572, 1, 0, -3.35106, 0
8.582, 1, 0, -3.35106, 0
8.593, 1, 0, -3.35106, 0
8.604, 1, 0, -3.35106, 0
8.614, 1, 0, -3.35106, 0
8.625, 1, 0, -3.35106, 0
8.635, 1, 0, -3.35106, 0
8.645, 1, 0, -3.35106, 0
8.656, 1, 0, -3.35106, 0
8.667, 1, 0, -3.35106, 0
8.677, 1, 0, -3.35106, 0
8.688, 1, 0, -3.35106, 0
8.698, 1, 0, -3.35106, 0
8.709, 1, 0, -3.35106, 0
8.72, 1, 0, -3.35106, 0
8.73, 1, 0, -3.35106, 0
8.741, 1, 0, -3.35106, 0
8.751, 1, 0, -3.35106, 0
8.762, 1, 0, -3.35106, 0
8.772, 1, 0, -3.35106, 0
8.783, 1, 0, -3.35106, 0
8.794, 1, 0, -3.35106, 0
8.804, 1, 0, -3.35106, 0
8.815, 1, 0, -3.35106, 0
8.826, 1, 0, -3.35106, 0
8.836, 1, 0, -3.35106, 0
8.847, 1, 0, -3.35106, 0
8.858, 1, 0, -3.35106, 0
8.869, 1, 0, -3.35106, 0
8.88, 1, 0, -3.35106, 0
8.891, 1, 0, -3.35106, 0
8.902, 1, 0, -3.35106, 0
8.913, 1, 0, -3.35106, 0
8.924, 1, 0, -3.35106, 0
8.934, 1, 0, -3.35106, 0
8.945, 1, 0, -3.35106, 0
8.956, 1, 0, -3.35106, 0
8.966, 1, 0, -3.35106, 0
8.976, 1, 0, -3.35106, 0
8.987, 1, 0, -3.35106, 0
8.998, 1, 0, -3.35106, 0
9.008, 1, 0, -3.35106, 0
9.019, 1, 0, -3.35106, 0
9.029, 1, 0, -3.35106, 0
9.04, 1, 0, -3.35106, 0
9.05, 1, 0, -3.35106, 0
9.06, 1, 0, -3.35106, 0
9.071, 1, 0, -3.35106, 0
9.081, 1, 0, -3.35106, 0
9.092, 1, 0, -3.35106, 0
9.103, 1, 0, -3.35106, 0
9.113, 1, 0, -3.35106, 0
9.124, 1, 0, -3.35106, 0
9.134, 1, 0, -3.35106, 0
9.144, 1, 0, -3.35106, 0
9.155, 1, 0, -3.35106, 0
9.165, 1, 0, -3.35106, 0
9.176, 1, 0, -3.35106, 0
9.186, 1, 0, -3.35106, 0
9.197, 1, 0, -3.35106, 0
9.207, 1, 0, -3.35106, 0
9.218, 1, 0, -3.35106, 0
9.228, 1, 0, -3.35106, 0
9.239, 1, 0, -3.35106, 0
9.249, 1, 0, -3.35106, 0
9.26, 1, 0, -3.35106, 0
9.27, 1, 0, -3.35106, 0
9.28, 1, 0, -3.35106, 0
9.291, 1, 0, -3.35106, 0
9.301, 1, 0, -3.35106, 0
9.311, 1, 0, -3.35106, 0
9.322, 1, 0, -3.35106, 0
9.333, 1, 0, -3.35106, 0
9.343, 1, 0, -3.35106, 0
9.353, 1, 0, -3.35106, 0
9.364, 1, 0, -3.35106, 0
9.374, 1, 0, -3.35106, 0
9.385, 1, 0, -3.35106, 0
9.395, 1, 0, -3.35106, 0
9.406, 1, 0, -3.35106, 0
9.417, 1, 0, -3.35106, 0
9.428, 1, 0, -3.35106, 0
9.438, 1, 0, -3.35106, 0
9.449, 1, 0, -3.35106, 0
9.459, 1, 0, -3.35106, 0
9.469, 1, 0, -3.35106, 0
9.48, 1, 0, -3.35106, 0
9.491, 1, 0, -3.35106, 0
9.501, 1, 0, -3.35106, 0
9.512, 1, 0, -3.35106, 0
9.523, 1, 0, -3.35106, 0
9.533, 1, 0, -3.35106, 0
9.544, 1, 0, -3.35106, 0
9.554, 1, 0, -3.35106, 0
9.564, 1, 0, -3.35106, 0
9.575, 1, 0, -3.35106, 0
9.585, 1, 0, -3.35106, 0
9.595, 1, 0, -3.35106, 0
9.605, 1, 0, -3.35106, 0
9.616, 1, 0, -3.35106, 0
9.626, 1, 0, -3.35106, 0
9.636, 1, 0, -3.35106, 0
9.647, 1, 0, -3.35106, 0
9.657, 1, 0, -3.35106, 0
9.667, 1, 0, -3.35106, 0
9.678, 1, 0, -3.35106, 0
9.688, 1, 0, -3.35106, 0
9.698, 1, 0, -3.35106, 0
9.708, 1, 0, -3.35106, 0
9.719, 1, 0, -3.35106, 0
9.729, 1, 0, -3.35106, 0
9.739, 1, 0, -3.35106, 0
9.749, 1, 0, -3.35106, 0
9.76, 1, 0, -3.35106, 0
9.77, 1, 0, -3.35106, 0
9.78, 1, 0, -3.35106, 0
9.791, 1, 0, -3.35106, 0
9.801, 1, 0, -3.35106, 0
9.812, 1, 0, -3.35106, 0
9.822, 1, 0, -3.35106, 0
9.833, 1, 0, -3.35106, 0
9.843, 1, 0, -3.35106, 0
9.853, 1, 0, -3.35106, 0
9.864, 1, 0, -3.35106, 0
9.874, 1, 0, -3.35106, 0
9.884, 1, 0, -3.35106, 0
9.895, 1, 0, -3.35106, 0
9.906, 1, 0, -3.35106, 0
9.916, 1, 0, -3.35106, 0
9.927, 1, 0, -3.35106, 0
9.938, 1, 0, -3.35106, 0
9.948, 1, 0, -3.35106, 0
9.959, 1, 0, -3.35106, 0
9.97, 1, 0, -3.35106, 0
9.98, 1, 0, -3.35106, 0
9.991, 1, 0, -3.35106, 0
10.002, 1, 0, -3.35106, 0
10.013, 1, 0, -3.35106, 0
10.023, 1, 0, -3.35106, 0
10.034, 1, 0, -3.35106, 0
10.044, 1, 0, -3.35106, 0
10.055, 1, 0, -3.35106, 0
10.065, 1, 0, -3.35106, 0
10.075, 1, 0, -3.35106, 0
10.086, 1, 0, -3.35106, 0
10.096, 1, 0, -3.35106, 0
10.107, 1, 0, -3.35106, 0
10.118, 1, 0, -3.35106, 0
10.128, 1, 0, -3.35106, -627.423
10.139, 1, 0, -3.62462, -272.466
10.149, 1, 0, -4.44529, -1121.13
10.16, 1, 0, -5.53951, -579.568
10.17, 1, 0, -6.70213, -876.783
10.181, 1, 0, -7.86474, 0
10.191, 1, 0, -8.82219, -697.848
10.202, 1, 0, -9.84802, 0
10.212, 1, 0, -10.7371, 0
10.223, 1, 0, -11.5578, 0
10.234, 1, 0, -11.7629, 0
10.244, 1, 0, -11.7629, 0
10.255, 1, 0, -11.7629, 0
10.265, 1, 0, -11.7629, 0
10.275, 1, 0, -11.7629, 0
10.286, 1, 0, -11.7629, 0
10.296, 1, 0, -11.7629, 0
10.307, 1, 0, -11.7629, 0
10.317, 1, 0, -11.7629, 0
10.328, 1, 0, -11.7629, 0
10.338, 1, 0, -11.7629, 0
10.349, 1, 0, -11.7629, 0
10.359, 1, 0, -11.7629, 0
10.369, 1, 0, -11.7629, 0
10.379, 1, 0, -11.7629, 0
10.39, 1, 0, -11.7629, 0
10.4, 1, 0, -11.7629, 0
10.41, 1, 0, -11.7629, 0
10.421, 1, 0, -11.7629, 0
10.431, 1, 0, -11.7629, 0
10.441, 1, 0, -11.7629, 0
10.451, 1, 0, -11.7629, 0
10.462, 1, 0, -11.7629, 0
10.472, 1, 0, -11.7629, 0
10.482, 1, 0, -11.7629, 0
10.493, 1, 0, -11.7629, 0
10.503, 1, 0, -11.7629, 0
10.514, 1, 0, -11.7629, 0
10.524, 1, 0, -11.7629, 0
10.535, 1, 0, -11.7629, 0
10.545, 1, 0, -11.7629, 0
10.555, 1, 0, -11.7629, 0
10.566, 1, 0, -11.7629, 0
10.576, 1, 0, -11.7629, 0
10.587, 1, 0, -11.7629, 0
10.597, 1, 0, -11.7629, 0
10.607, 1, 0, -11.7629, 0
10.618, 1, 0, -11.7629, 0
10.629, 1, 0, -11.7629, 0
10.64, 1, 0, -11.7629, 0
10.65, 1, 0, -11.7629, 0
10.661, 1, 0, -11.7629, 0
10.672, 1, 0, -11.7629, 0
10.683, 1, 0, -11.7629, 0
10.693, 1, 0, -11.7629, 0
10.704, 1, 0, -11.7629, 0
10.714, 1, 0, -11.7629, 0
10.725, 1, 0, -11.7629, 0
10.736, 1, 0, -11.7629, 0
10.746, 1, 0, -11.7629, 0
10.756, 1, 0, -11.7629, 0
10.767, 1, 0, -11.7629, 0
10.777, 1, 0, -11.7629, 0
10.788, 1, 0, -11.7629, 0
10.799, 1, 0, -11.7629, 0
10.81, 1, 0, -11.7629, 0
10.822, 1, 0, -11.6945, 0
10.833, 1, 0, -11.0106, 3282.67
10.843, 1, 0, -9.9848, 690.799
10.854, 1, 0, -8.7538, 0
10.864, 1, 0, -7.45441, 0
10.876, 1, 0, -6.08663, 502.861
10.886, 1, 0, -4.51368, 0
10.898, 1, 0, -3.00912, 0
10.908, 1, 0, -1.43617, 0
10.919, 1, 0, 0.0683891, 282.599
10.93, 1, 0, 1.64134, 0
10.941, 1, 0, 3.1459, 35.3794
10.951, 1, 0, 4.10334, 0
10.962, 1, 0, 4.44529, 0
10.973, 1, 0, 4.51368, 0
10.983, 1, 0, 4.51368, 0
10.994, 1, 0, 4.51368, 0
11.004, 1, 0, 4.51368, 0
11.014, 1, 0, 4.51368, 0
11.025, 1, 0, 4.51368, 0
11.035, 1, 0, 4.51368, 0
11.046, 1, 0, 4.51368, 0
11.056, 1, 0, 4.51368, 0
11.066, 1, 0, 4.51368, 0
11.077, 1, 0, 4.51368, 0
11.087, 1, 0, 4.51368, 0
11.098, 1, 0, 4.51368, 0
11.108, 1, 0, 4.51368, 0
11.118, 1, 0, 4.51368, 0
11.129, 1, 0, 4.51368, 0
11.139, 1, 0, 4.51368, 0
11.149, 1, 0, 4.51368, 0
11.159, 1, 0, 4.51368, 0
11.17, 1, 0, 4.51368, 0
11.18, 1, 0, 4.51368, 0
11.19, 1, 0, 4.51368, 0
11.2, 1, 0, 4.78723, 0
11.211, 1, 0, 5.6079, 0
11.221, 1, 0, 6.77052, 1899.7
11.231, 1, 0, 8.06991, 1315.17
11.241, 1, 0, 9.50608, 3599.42
11.252, 1, 0, 10.8739, 0
11.262, 1, 0, 12.31, 0
11.273, 1, 0, 13.6094, 2011.44
11.283, 1, 0, 14.9772, 0
11.294, 1, 0, 16.2766, 0
11.304, 1, 0, 16.8921, 0
11.314, 1, 0, 17.1657, 0
11.325, 1, 0, 17.1657, 0
11.335, 1, 0, 17.1657, 0
11.346, 1, 0, 17.1657, 0
11.356, 1, 0, 17.1657, 0
11.366, 1, 0, 17.1657, 0
11.377, 1, 0, 17.1657, 0
11.387, 1, 0, 17.1657, 0
11.398, 1, 0, 17.1657, 0
11.408, 1, 0, 17.1657, 0
11.418, 1, 0, 17.0973, 0
11.429, 1, 0, 17.0973, 0
11.439, 1, 0, 17.0973, 0
11.45, 1, 0, 17.0973, 0
11.46, 1, 0, 17.0973, 0
11.471, 1, 0, 17.0973, 0
11.481, 1, 0, 17.0973, 0
11.491, 1, 0, 17.0973, 0
11.502, 1, 0, 17.0973, 0
11.512, 1, 0, 17.0973, 0
11.522, 1, 0, 17.0973, 0
11.533, 1, 0, 17.0973, 0
11.543, 1, 0, 17.0973, 0
11.554, 1, 0, 17.0973, 0
11.564, 1, 0, 17.0973, 0
11.575, 1, 0, 17.0973, 0
11.585, 1, 0, 17.0973, 0
11.595, 1, 0, 17.0973, 0
11.606, 1, 0, 17.0973, 0
11.616, 1, 0, 17.0973, 0
11.627, 1, 0, 17.0973, 0
11.637, 1, 0, 17.0973, 0
11.647, 1, 0, 17.0973, 0
11.658, 1, 0, 17.0973, 0
11.668, 1, 0, 17.0973, 0
11.678, 1, 0, 17.0973, 0
11.689, 1, 0, 17.0973, 0
11.699, 1, 0, 17.0973, 0
11.71, 1, 0, 17.0973, 0
11.72, 1, 0, 17.0973, 0
11.73, 1, 0, 17.0973, 0
11.741, 1, 0, 17.0973, 0
11.751, 1, 0, 17.0973, 0
11.762, 1, 0, 17.0973, 0
11.772, 1, 0, 17.0973, 0
11.782, 1, 0, 17.0973, 0
11.793, 1, 0, 17.0973, 0
11.803, 1, 0, 17.0973, 0
11.813, 1, 0, 17.0973, 0
11.824, 1, 0, 17.0973, 0
11.835, 1, 0, 17.0973, 0
11.846, 1, 0, 17.0973, 0
11.856, 1, 0, 17.0973, 0
11.867, 1, 0, 17.0973, 0
11.877, 1, 0, 17.0973, 0
11.887, 1, 0, 17.0973, 0
11.898, 1, 0, 17.0973, 0
11.908, 1, 0, 17.0973, 0
11.919, 1, 0, 17.0973, 0
11.929, 1, 0, 17.0973, 0
11.94, 1, 0, 17.0973, 0
11.95, 1, 0, 17.0973, 0
11.961, 1, 0, 17.0973, 0
11.971, 1, 0, 17.0973, 0
11.981, 1, 0, 17.0973, 0
11.992, 1, 0, 17.0973, 0
12.002, 1, 0, 17.0973, 0
12.013, 1, 0, 17.0973, 0
12.023, 1, 0, 17.0973, 0
12.034, 1, 0, 16.4818, 0
12.045, 1, 0, 15.3875, -7402.94
12.056, 1, 0, 13.9514, -1455.09
12.067, 1, 0, 12.5152, 0
12.077, 1, 0, 11.0106, 0
12.087, 1, 0, 9.64286, -2358.24
12.098, 1, 0, 8.20669, 0
12.108, 1, 0, 6.77052, 0
12.118, 1, 0, 5.33435, 0
12.129, 1, 0, 4.03495, 0
12.139, 1, 0, 3.48784, 0
12.15, 1, 0, 3.28267, 0
12.16, 1, 0, 3.28267, 0
12.17, 1, 0, 3.28267, 0
12.181, 1, 0, 3.28267, 0
12.191, 1, 0, 3.28267, 0
12.202, 1, 0, 3.28267, 0
12.212, 1, 0, 3.28267, 0
12.222, 1, 0, 3.28267, 0
12.233, 1, 0, 3.28267, 0
12.243, 1, 0, 3.28267, 0
12.254, 1, 0, 3.28267, 0
12.264, 1, 0, 3.28267, 0
12.275, 1, 0, 3.28267, 0
12.285, 1, 0, 3.28267, 0
12.295, 1, 0, 3.28267, 0
12.306, 1, 0, 3.28267, 0
12.316, 1, 0, 3.28267, 0
12.327, 1, 0, 3.28267, 0
12.337, 1, 0, 3.28267, 0
12.347, 1, 0, 3.28267, 0
12.358, 1, 0, 3.28267, 0
12.368, 1, 0, 3.28267, 0
12.379, 1, 0, 3.28267, 0
12.389, 1, 0, 3.28267, 0
12.399, 1, 0, 3.28267, 0
12.41, 1, 0, 3.28267, 0
12.42, 1, 0, 3.28267, 0
12.431, 1, 0, 3.28267, -33.0537
12.441, 1, 0, 3.28267, 0
12.452, 1, 0, 3.21429, -1679.73
12.463, 1, 0, 2.5304, -574.698
12.474, 1, 0, 1.36778, 0
12.484, 1, 0, 0.136778, 0
12.495, 1, 0, -1.09422, 0
12.505, 1, 0, -2.32523, 0
12.516, 1, 0, -3.55623, 0
12.526, 1, 0, -4.65046, 0
12.537, 1, 0, -5.81307, 0
12.548, 1, 0, -6.56535, 0
12.558, 1, 0, -6.63374, 0
12.569, 1, 0, -6.63374, 0
12.579, 1, 0, -6.63374, 0
12.59, 1, 0, -6.63374, 0
12.6, 1, 0, -6.63374, 0
12.611, 1, 0, -6.63374, 0
12.622, 1, 0, -6.63374, 0
12.632, 1, 0, -6.63374, 0
12.643, 1, 0, -6.63374, 0
12.653, 1, 0, -6.63374, 0
12.664, 1, 0, -6.63374, 0
12.674, 1, 0, -6.63374, 0
12.685, 1, 0, -6.63374, 0
12.696, 1, 0, -6.63374, 0
12.706, 1, 0, -6.63374, 0
12.717, 1, 0, -6.63374, 0
12.728, 1, 0, -6.63374, 0
12.739, 1, 0, -6.63374, 0
12.75, 1, 0, -6.63374, 0
12.762, 1, 0, -6.63374, 0
12.772, 1, 0, -6.63374, 0
12.783, 1, 0, -6.63374, 0
12.793, 1, 0, -6.63374, 0
12.803, 1, 0, -6.63374, 0
12.814, 1, 0, -6.63374, 0
12.824, 1, 0, -6.63374, 0
12.835, 1, 0, -6.63374, 0
12.846, 1, 0, -6.63374, 0
12.856, 1, 0, -6.63374, 0
12.867, 1, 0, -6.63374, 0
12.877, 1, 0, -6.63374, 0
12.888, 1, 0, -6.63374, 0
12.898, 1, 0, -6.63374, 0
12.91, 1, 0, -6.63374, 0
12.921, 1, 0, -6.63374, 0
12.931, 1, 0, -6.63374, 0
12.942, 1, 0, -6.63374, 0
12.954, 1, 0, -6.63374, 0
12.965, 1, 0, -6.63374, 0
12.976, 1, 0, -6.63374, 0
12.986, 1, 0, -6.63374, 0
12.997, 1, 0, -6.63374, 0
13.007, 1, 0, -6.63374, 0
13.018, 1, 0, -6.63374, 0
13.03, 1, 0, -6.63374, 0
13.04, 1, 0, -6.63374, 0
13.051, 1, 0, -6.63374, 0
13.061, 1, 0, -6.63374, 0
13.072, 1, 0, -6.63374, 0
13.083, 1, 0, -6.63374, 0
13.093, 1, 0, -6.63374, 0
13.104, 1, 0, -6.63374, 0
13.114, 1, 0, -6.63374, 0
13.125, 1, 0, -6.63374, 0
13.135, 1, 0, -6.63374, 0
13.146, 1, 0, -6.63374, 0
13.157, 1, 0, -6.63374, 0
13.167, 1, 0, -6.63374, 0
13.178, 1, 0, -6.63374, 0
13.188, 1, 0, -6.63374, 0
13.198, 1, 0, -6.63374, 0
13.209, 1, 0, -6.63374, 0
13.219, 1, 0, -6.63374, 0
13.23, 1, 0, -6.63374, 0
13.24, 1, 0, -6.63374, 0
13.251, 1, 0, -6.63374, 0
13.262, 1, 0, -6.63374, 0
13.273, 1, 0, -6.63374, 0
13.283, 1, 0, -6.63374, 0
13.294, 1, 0, -6.63374, 0
13.304, 1, 0, -6.63374, 0
13.315, 1, 0, -6.63374, 0
13.325, 1, 0, -6.63374, 0
13.336, 1, 0, -6.63374, 0
13.347, 1, 0, -6.63374, 0
13.357, 1, 0, -6.63374, 0
13.368, 1, 0, -6.63374, 0
13.379, 1, 0, -6.63374, 0
13.389, 1, 0, -6.63374, 0
13.4, 1, 0, -6.63374, 0
13.411, 1, 0, -6.63374, 0
13.423, 1, 0, -6.63374, 0
13.434, 1, 0, -6.63374, 0
13.445, 1, 0, -6.63374, 0
13.456, 1, 0, -6.63374, 0
13.466, 1, 0, -6.63374, 0
13.478, 1, 0, -6.63374, 0
13.488, 1, 0, -6.63374, 0
13.499, 1, 0, -6.63374, 0
13.51, 1, 0, -6.63374, 0
13.521, 1, 0, -6.63374, 0
13.531, 1, 0, -6.63374, 0
13.542, 1, 0, -6.63374, 0
13.553, 1, 0, -6.63374, 0
13.564, 1, 0, -6.63374, 0
13.575, 1, 0, -6.63374, 0
13.586, 1, 0, -6.63374, 0
13.597, 1, 0, -6.63374, 0
13.607, 1, 0, -6.63374, 0
13.618, 1, 0, -6.63374, 0
13.629, 1, 0, -6.63374, 0
13.639, 1, 0, -6.63374, 0
13.65, 1, 0, -6.63374, 0
13.661, 1, 0, -6.63374, 0
13.671, 1, 0, -6.63374, 0
13.682, 1, 0, -6.63374, 0
13.692, 1, 0, -6.63374, 0
13.703, 1, 0, -6.63374, 0
13.713, 1, 0, -6.63374, 0
13.724, 1, 0, -6.63374, 0
13.734, 1, 0, -6.63374, 0
13.745, 1, 0, -6.63374, 0
13.755, 1, 0, -6.63374, 0
13.766, 1, 0, -6.63374, 0
13.777, 1, 0, -6.63374, 0
13.787, 1, 0, -6.63374, 0
13.798, 1, 0, -6.63374, 0
13.808, 1, 0, -6.63374, 0
13.818, 1, 0, -6.63374, 0
13.829, 1, 0, -6.63374, 0
13.84, 1, 0, -6.63374, 0
13.851, 1, 0, -6.63374, 0
13.861, 1, 0, -6.63374, 0
13.872, 1, 0, -6.63374, 0
13.883, 1, 0, -6.63374, 0
13.893, 1, 0, -6.63374, 0
13.903, 1, 0, -6.63374, 0
13.914, 1, 0, -6.63374, 0
13.924, 1, 0, -6.63374, 0
13.935, 1, 0, -6.63374, 0
13.946, 1, 0, -6.63374, 0
13.956, 1, 0, -6.63374, 0
13.967, 1, 0, -6.63374, 0
13.978, 1, 0, -6.63374, 0
13.989, 1, 0, -6.63374, 0
13.999, 1, 0, -6.63374, 0
14.01, 1, 0, -6.63374, 0
14.021, 1, 0, -6.63374, 0
14.032, 1, 0, -6.63374, 0
14.043, 1, 0, -6.63374, 0
14.054, 1, 0, -6.63374, 0
14.065, 1, 0, -6.63374, 0
14.076, 1, 0, -6.63374, 0
14.087, 1, 0, -6.63374, 0
14.098, 1, 0, -6.63374, 0
14.108, 1, 0, -6.63374, 0
14.119, 1, 0, -6.63374, 0
14.129, 1, 0, -6.63374, 0
14.14, 1, 0, -6.63374, 0
14.151, 1, 0, -6.63374, 0
14.162, 1, 0, -6.63374, 0
14.174, 1, 0, -6.63374, 0
14.184, 1, 0, -6.63374, 0
14.195, 1, 0, -6.63374, 0
14.206, 1, 0, -6.63374, 0
14.216, 1, 0, -6.63374, 0
14.227, 1, 0, -6.63374, 0
14.239, 1, 0, -6.63374, 0
14.249, 1, 0, -6.63374, 0
14.26, 1, 0, -6.63374, 0
14.271, 1, 0, -6.63374, 0
14.281, 1, 0, -6.63374, 0
14.292, 1, 0, -6.63374, 0
14.302, 1, 0, -6.63374, 0
14.312, 1, 0, -6.63374, 0
14.323, 1, 0, -6.63374, 0
14.333, 1, 0, -6.63374, 0
14.344, 1, 0, -6.63374, 0
14.354, 1, 0, -6.63374, 0
14.365, 1, 0, -6.63374, 0
14.375, 1, 0, -6.63374, 0
14.386, 1, 0, -6.63374, 0
14.397, 1, 0, -6.63374, 0
14.407, 1, 0, -6.63374, 0
14.418, 1, 0, -6.63374, 0
14.429, 1, 0, -6.63374, 0
14.44, 1, 0, -6.63374, 0
14.451, 1, 0, -6.63374, 0
14.462, 1, 0, -6.63374, 0
14.473, 1, 0, -6.63374, 0
14.484, 1, 0, -6.63374, 0
14.495, 1, 0, -6.63374, 0
14.505, 1, 0, -6.63374, 0
14.515, 1, 0, -6.63374, 0
14.526, 1, 0, -6.63374, 0
14.536, 1, 0, -6.63374, 0
14.547, 1, 0, -6.63374, 0
14.557, 1, 0, -6.63374, 0
14.568, 1, 0, -6.63374, 0
14.579, 1, 0, -6.63374, 0
14.589, 1, 0, -6.63374, 0
14.6, 1, 0, -6.63374, 0
14.611, 1, 0, -6.63374, 0
14.622, 1, 0, -6.63374, 0
14.632, 1, 0, -6.63374, 0
14.643, 1, 0, -6.63374, 0
14.654, 1, 0, -6.63374, 0
14.664, 1, 0, -6.63374, 0
14.675, 1, 0, -6.63374, 0
14.687, 1, 0, -6.63374, 0
14.698, 1, 0, -6.63374, 0
14.708, 1, 0, -6.63374, 0
14.719, 1, 0, -6.63374, 0
14.729, 1, 0, -6.63374, 0
14.74, 1, 0, -6.63374, 0
14.75, 1, 0, -6.63374, 0
14.761, 1, 0, -6.63374, 0
14.771, 1, 0, -6.63374, 0
14.782, 1, 0, -6.63374, 0
14.792, 1, 0, -6.63374, 0
14.803, 1, 0, -6.63374, 0
14.813, 1, 0, -6.63374, 0
14.823, 1, 0, -6.63374, 0
14.834, 1, 0, -6.63374, 0
14.844, 1, 0, -6.63374, 0
14.855, 1, 0, -6.63374, 0
14.865, 1, 0, -6.63374, 0
14.876, 1, 0, -6.63374, 0
14.887, 1, 0, -6.63374, 0
14.898, 1, 0, -6.63374, 0
14.909, 1, 0, -6.63374, 0
14.919, 1, 0, -6.63374, 0
14.93, 1, 0, -6.63374, 0
14.941, 1, 0, -6.63374, 0
14.951, 1, 0, -6.63374, 0
14.962, 1, 0, -6.63374, 0
14.972, 1, 0, -6.63374, 0
14.983, 1, 0, -6.63374, 0
14.994, 1, 0, -6.63374, 1315.17
15.004, 1, 0, -6.01824, 0
15.015, 1, 0, -4.9924, 0
15.025, 1, 0, -3.7614, 0
15.036, 1, 0, -2.46201, 0
15.046, 1, 0, -1.09422, 0
15.058, 1, 0, 0.341945, 0
15.068, 1, 0, 1.8465, 382.062
15.079, 1, 0, 2.73556, 0
15.09, 1, 0, 3.00912, 2399.62
15.1, 1, 0, 3.1459, 0
15.11, 1, 0, 3.1459, 0
15.121, 1, 0, 3.1459, 0
15.131, 1, 0, 3.1459, 0
15.141, 1, 0, 3.1459, 0
15.152, 1, 0, 3.1459, 0
15.162, 1, 0, 3.1459, 0
15.173, 1, 0, 3.1459, 0
15.183, 1, 0, 3.1459, 0
15.193, 1, 0, 3.1459, 0
15.204, 1, 0, 3.1459, 0
15.215, 1, 0, 3.1459, 0
15.225, 1, 0, 3.1459, 0
15.235, 1, 0, 3.1459, 0
15.246, 1, 0, 3.1459, 0
15.256, 1, 0, 3.1459, 0
15.266, 1, 0, 3.1459, 0
15.277, 1, 0, 3.1459, 0
15.287, 1, 0, 3.1459, 0
15.298, 1, 0, 3.1459, 0
15.308, 1, 0, 3.1459, 0
15.319, 1, 0, 3.1459, 0
15.329, 1, 0, 3.1459, 0
15.339, 1, 0, 3.1459, 0
15.35, 1, 0, 3.1459, 0
15.36, 1, 0, 3.1459, 0
15.371, 1, 0, 3.1459, 0
15.382, 1, 0, 3.1459, 0
15.392, 1, 0, 3.1459, 0
15.403, 1, 0, 3.1459, 0
15.413, 1, 0, 3.1459, 0
15.423, 1, 0, 3.1459, 0
15.434, 1, 0, 3.1459, 0
15.444, 1, 0, 3.1459, 0
15.454, 1, 0, 3.1459, 0
15.465, 1, 0, 3.1459, 10.1309
15.475, 1, 0, 3.1459, 0
15.486, 1, 0, 3.1459, 0
15.496, 1, 0, 3.1459, 0
15.507, 1, 0, 3.1459, 0
15.517, 1, 0, 3.1459, 0
15.528, 1, 0, 3.1459, 0
15.538, 1, 0, 3.1459, 0
15.549, 1, 0, 3.1459, 0
15.559, 1, 0, 3.1459, 0
15.57, 1, 0, 3.1459, 0
15.58, 1, 0, 3.1459, 0
15.591, 1, 0, 3.1459, 0
15.601, 1, 0, 3.1459, 0
15.611, 1, 0, 3.1459, 0
15.622, 1, 0, 3.1459, 0
15.632, 1, 0, 3.1459, 0
15.642, 1, 0, 3.1459, 0
15.653, 1, 0, 3.1459, 0
15.663, 1, 0, 3.1459, 0
15.674, 1, 0, 3.1459, 0
15.684, 1, 0, 3.1459, 0
15.694, 1, 0, 3.1459, 0
15.705, 1, 0, 3.1459, 0
15.716, 1, 0, 3.1459, 0
15.727, 1, 0, 3.1459, 0
15.737, 1, 0, 3.1459, 0
15.747, 1, 0, 3.1459, 0
15.758, 1, 0, 3.1459, 0
15.768, 1, 0, 3.1459, 0
15.778, 1, 0, 3.1459, 0
15.789, 1, 0, 3.1459, 0
15.8, 1, 0, 3.1459, 0
15.811, 1, 0, 3.1459, 0
15.821, 1, 0, 3.1459, 0
15.831, 1, 0, 3.1459, 0
15.842, 1, 0, 3.1459, 0
15.852, 1, 0, 3.1459, 0
15.862, 1, 0, 3.1459, 0
15.873, 1, 0, 3.1459, 0
15.883, 1, 0, 3.1459, 0
15.894, 1, 0, 2.80395, 0
15.904, 1, 0, 1.8465, -4492.71
15.915, 1, 0, 0.615502, -22796.4
15.925, 1, 0, -0.75228, 0
15.936, 1, 0, -2.18845, 0
15.946, 1, 0, -3.55623, 0
15.956, 1, 0, -4.17173, 0
15.967, 1, 0, -4.3769, 0
15.978, 1, 0, -4.3769, 0
15.988, 1, 0, -4.3769, 0
15.999, 1, 0, -4.3769, 0
16.01, 1, 0, -4.3769, 0
16.02, 1, 0, -4.3769, 0
16.031, 1, 0, -4.3769, 0
16.041, 1, 0, -4.3769, 0
16.052, 1, 0, -4.3769, 0
16.062, 1, 0, -4.3769, 0
16.073, 1, 0, -4.3769, 0
16.083, 1, 0, -4.3769, 0
16.094, 1, 0, -4.3769, 0
16.105, 1, 0, -4.3769, 0
16.116, 1, 0, -4.3769, 0
16.126, 1, 0, -4.3769, 0
16.136, 1, 0, -4.3769, 0
16.146, 1, 0, -4.3769, 0
16.157, 1, 0, -4.3769, 0
16.167, 1, 0, -4.3769, 0
16.178, 1, 0, -4.3769, 0
16.189, 1, 0, -4.3769, 0
16.199, 1, 0, -4.3769, 0
16.21, 1, 0, -4.3769, 0
16.22, 1, 0, -4.3769, 0
16.231, 1, 0, -4.3769, 0
16.241, 1, 0, -4.3769, 0
16.251, 1, 0, -4.3769, 0
16.262, 1, 0, -4.3769, 0
16.272, 1, 0, -4.3769, 0
16.283, 1, 0, -4.3769, 0
16.294, 1, 0, -4.3769, 0
16.304, 1, 0, -4.3769, 0
16.315, 1, 0, -4.3769, 0
16.325, 1, 0, -4.3769, 0
16.336, 1, 0, -4.3769, 0
16.346, 1, 0, -4.3769, 0
16.357, 1, 0, -4.3769, 0
16.368, 1, 0, -4.3769, 0
16.38, 1, 0, -4.3769, 0
16.391, 1, 0, -4.3769, 0
16.402, 1, 0, -4.3769, 0
16.413, 1, 0, -4.3769, 0
16.424, 1, 0, -4.3769, 0
16.434, 1, 0, -4.3769, 0
16.444, 1, 0, -3.82979, 0
16.455, 1, 0, -2.73556, 0
16.466, 1, 0, -1.57295, 6.76595
16.476, 1, 0, -0.136778, 0
16.487, 1, 0, 1.29939, 0
16.498, 1, 0, 2.73556, 1290.36
16.508, 1, 0, 3.82979, 1243.44
16.519, 1, 0, 4.30851, 1731.37
16.529, 1, 0, 4.44529, 0
16.539, 1, 0, 4.44529, 0
16.55, 1, 0, 4.44529, 0
16.56, 1, 0, 4.44529, 0
16.571, 1, 0, 4.44529, 0
16.581, 1, 0, 4.44529, 0
16.591, 1, 0, 4.44529, 0
16.602, 1, 0, 4.44529, 0
16.612, 1, 0, 4.44529, 0
16.623, 1, 0, 4.44529, 0
16.633, 1, 0, 4.44529, 0
16.644, 1, 0, 4.44529, 0
16.654, 1, 0, 4.44529, 0
16.664, 1, 0, 4.44529, 0
16.675, 1, 0, 4.44529, 0
16.685, 1, 0, 4.44529, 0
16.696, 1, 0, 4.44529, 0
16.706, 1, 0, 4.44529, 0
16.717, 1, 0, 4.44529, 0
16.727, 1, 0, 4.44529, 0
16.738, 1, 0, 4.44529, 0
16.749, 1, 0, 4.44529, 0
16.759, 1, 0, 4.44529, 0
16.77, 1, 0, 4.44529, 0
16.781, 1, 0, 4.44529, 0
16.792, 1, 0, 4.44529, 0
16.803, 1, 0, 4.44529, 0
16.814, 1, 0, 4.44529, 0
16.824, 1, 0, 4.44529, 0
16.835, 1, 0, 4.44529, 0
16.845, 1, 0, 4.44529, 0
16.855, 1, 0, 4.44529, 0
16.866, 1, 0, 4.44529, 0
16.876, 1, 0, 4.44529, 0
16.887, 1, 0, 4.44529, 0
16.897, 1, 0, 4.44529, 0
16.908, 1, 0, 4.44529, 0
16.918, 1, 0, 4.44529, 0
16.928, 1, 0, 4.44529, 0
16.939, 1, 0, 4.44529, 0
16.949, 1, 0, 4.44529, 0
16.959, 1, 0, 4.44529, 0
16.97, 1, 0, 4.44529, 0
16.98, 1, 0, 4.44529, 0
16.991, 1, 0, 4.44529, 0
17.002, 1, 0, 4.44529, 0
17.012, 1, 0, 4.44529, 0
17.022, 1, 0, 4.44529, 0
17.034, 1, 0, 4.44529, 0
17.044, 1, 0, 4.44529, 0
17.054, 1, 0, 4.44529, 0
17.064, 1, 0, 4.44529, 0
17.075, 1, 0, 4.44529, 0
17.085, 1, 0, 4.44529, 0
17.096, 1, 0, 4.44529, 0
17.106, 1, 0, 4.44529, 0
17.117, 1, 0, 4.44529, 0
17.127, 1, 0, 4.44529, 0
17.138, 1, 0, 4.44529, 0
17.148, 1, 0, 4.44529, 0
17.158, 1, 0, 4.44529, 0
17.168, 1, 0, 4.44529, 0
17.179, 1, 0, 4.44529, 0
17.189, 1, 0, 4.44529, 0
17.2, 1, 0, 4.44529, 0
17.21, 1, 0, 4.44529, 0
17.221, 1, 0, 45.4787, -174610
17.231, 1, 0, 4.44529, 0
17.242, 1, 0, 4.44529, 0
17.252, 1, 0, 4.44529, 0
17.262, 1, 0, 4.44529, 0
17.273, 1, 0, 4.44529, 0
17.283, 1, 0, 4.44529, 0
17.294, 1, 0, 4.44529, 0
17.304, 1, 0, 4.44529, 0
17.315, 1, 0, 4.44529, 0
17.325, 1, 0, 4.44529, 0
17.335, 1, 0, 4.44529, 0
17.346, 1, 0, 4.44529, 0
17.356, 1, 0, 4.44529, 0
17.366, 1, 0, 4.44529, 0
17.377, 1, 0, 4.44529, 0
17.388, 1, 0, 4.44529, 0
17.398, 1, 0, 4.44529, 0
17.409, 1, 0, 4.44529, 0
17.42, 1, 0, 4.44529, 0
17.43, 1, 0, 4.44529, 0
17.441, 1, 0, 4.44529, 0
17.451, 1, 0, 4.44529, 0
17.462, 1, 0, 4.44529, 0
17.472, 1, 0, 4.44529, 0
17.483, 1, 0, 4.44529, 0
17.493, 1, 0, 4.44529, 0
17.503, 1, 0, 4.44529, 0
17.514, 1, 0, 4.44529, 0
17.525, 1, 0, 4.44529, 0
17.536, 1, 0, 4.44529, 0
17.546, 1, 0, 4.44529, 0
17.557, 1, 0, 4.44529, 0
17.567, 1, 0, 4.44529, 0
17.578, 1, 0, 4.44529, 0
17.589, 1, 0, 4.44529, 0
17.6, 1, 0, 4.44529, 0
17.611, 1, 0, 4.44529, 0
17.621, 1, 0, 4.44529, 0
17.632, 1, 0, 4.44529, 0
17.643, 1, 0, 4.44529, 0
17.653, 1, 0, 4.44529, 0
17.664, 1, 0, 4.44529, 0
17.674, 1, 0, 4.44529, 0
17.685, 1, 0, 4.44529, 0
17.695, 1, 0, 4.44529, 0
17.706, 1, 0, 4.44529, 0
17.716, 1, 0, 4.44529, 0
17.726, 1, 0, 4.44529, 0
17.737, 1, 0, 4.44529, 0
17.748, 1, 0, 4.44529, 0
17.758, 1, 0, 4.44529, 0
17.769, 1, 0, 4.44529, 0
17.78, 1, 0, 4.44529, 0
17.79, 1, 0, 4.44529, 0
17.801, 1, 0, 4.44529, 0
17.811, 1, 0, 4.44529, 0
17.822, 1, 0, 4.44529, 0
17.832, 1, 0, 4.44529, 0
17.843, 1, 0, 4.44529, 0
17.853, 1, 0, 4.44529, 0
17.863, 1, 0, 4.44529, 0
17.874, 1, 0, 4.44529, 0
17.884, 1, 0, 4.44529, 0
17.894, 1, 0, 4.44529, 0
17.905, 1, 0, 4.44529, 0
17.915, 1, 0, 4.44529, 0
17.926, 1, 0, 4.44529, 0
17.936, 1, 0, 4.44529, 0
17.946, 1, 0, 4.44529, 0
17.957, 1, 0, 4.44529, 0
17.967, 1, 0, 4.44529, 0
17.977, 1, 0, 4.44529, 0
17.988, 1, 0, 4.44529, 0
17.998, 1, 0, 4.44529, 0
18.008, 1, 0, 4.44529, 0
18.019, 1, 0, 4.44529, 0
18.029, 1, 0, 4.44529, 0
18.04, 1, 0, 4.44529, 0
18.051, 1, 0, 4.44529, 0
18.062, 1, 0, 4.44529, 0
18.072, 1, 0, 4.44529, 0
18.082, 1, 0, 4.44529, 0
18.092, 1, 0, 4.44529, 0
18.103, 1, 0, 4.44529, 0
18.114, 1, 0, 4.44529, 0
18.125, 1, 0, 4.44529, 0
18.136, 1, 0, 4.44529, 0
18.147, 1, 0, 4.44529, 0
18.157, 1, 0, 4.44529, 0
18.168, 1, 0, 4.44529, 0
18.178, 1, 0, 4.44529, 0
18.188, 1, 0, 4.44529, 0
18.199, 1, 0, 4.44529, 0
18.209, 1, 0, 4.44529, 0
18.22, 1, 0, 4.44529, 0
18.231, 1, 0, 4.44529, 0
18.241, 1, 0, 4.44529, 0
18.252, 1, 0, 4.44529, 0
18.262, 1, 0, 4.44529, 0
18.272, 1, 0, 4.44529, 0
18.283, 1, 0, 4.44529, 0
18.293, 1, 0, 4.44529, 0
18.304, 1, 0, 4.44529, 0
18.314, 1, 0, 4.44529, 0
18.324, 1, 0, 4.44529, 0
18.335, 1, 0, 4.44529, 0
18.345, 1, 0, 4.44529, 0
18.356, 1, 0, 4.44529, 0
18.366, 1, 0, 4.44529, 0
18.377, 1, 0, 4.44529, 0
18.387, 1, 0, 4.44529, 0
18.398, 1, 0, 4.44529, 0
18.408, 1, 0, 4.44529, 0
18.419, 1, 0, 4.44529, 0
18.43, 1, 0, 4.44529, 0
18.44, 1, 0, 4.44529, 0
18.451, 1, 0, 4.44529, 0
18.462, 1, 0, 4.44529, 0
18.472, 1, 0, 4.44529, 0
18.482, 1, 0, 4.44529, 0
18.493, 1, 0, 4.44529, 0
18.503, 1, 0, 4.44529, 0
18.514, 1, 0, 4.44529, 0
18.524, 1, 0, 4.44529, 0
18.535, 1, 0, 4.44529, 0
18.545, 1, 0, 4.44529, 0
18.556, 1, 0, 4.44529, 0
18.566, 1, 0, 4.44529, 0
18.577, 1, 0, 4.44529, 0
18.587, 1, 0, 4.44529, 0
18.597, 1, 0, 4.44529, 0
18.608, 1, 0, 4.44529, 0
18.618, 1, 0, 4.44529, 0
18.629, 1, 0, 4.44529, 0
18.639, 1, 0, 4.44529, 0
18.65, 1, 0, 4.44529, 0
18.661, 1, 0, 4.44529, 0
18.671, 1, 0, 4.44529, 0
18.682, 1, 0, 4.44529, 0
18.692, 1, 0, 4.44529, 0
18.703, 1, 0, 4.44529, 0
18.714, 1, 0, 4.44529, 0
18.724, 1, 0, 4.44529, 0
18.734, 1, 0, 4.44529, 0
18.745, 1, 0, 4.44529, 0
18.755, 1, 0, 4.44529, 0
18.765, 1, 0, 4.44529, 0
18.776, 1, 0, 4.44529, 0
18.786, 1, 0, 4.44529, 0
18.796, 1, 0, 4.44529, 0
18.806, 1, 0, 4.44529, 0
18.817, 1, 0, 4.44529, 0
18.827, 1, 0, 4.44529, 0
18.837, 1, 0, 4.44529, 0
18.848, 1, 0, 4.44529, 0
18.858, 1, 0, 4.44529, 0
18.869, 1, 0, 4.44529, 0
18.879, 1, 0, 4.44529, 0
18.889, 1, 0, 4.44529, 0
18.9, 1, 0, 4.44529, 0
18.91, 1, 0, 4.44529, 0
18.921, 1, 0, 4.44529, 0
18.931, 1, 0, 4.44529, 0
18.941, 1, 0, 4.44529, 0
18.951, 1, 0, 4.44529, 0
18.962, 1, 0, 4.44529, 0
18.972, 1, 0, 4.44529, 0
18.982, 1, 0, 4.44529, 0
18.993, 1, 0, 4.44529, 0
19.003, 1, 0, 4.44529, 0
19.013, 1, 0, 4.44529, 0
19.024, 1, 0, 4.44529, 0
19.034, 1, 0, 4.44529, 0
19.045, 1, 0, 4.44529, 0
19.056, 1, 0, 4.44529, 0
