0, 0, 0, 0, 0
0.013, -0, 0, 0, 0
0.026, -0, 0, 0, 0
0.038, -0, 0, 0, 0
0.05, -0, 0, 0, 0
0.063, -0, 0, 0, 0
0.075, -0, 0, 0, 0
0.088, -0, 0, 0, 0
0.1, -0, 0, 0, 0
0.113, -0, 0, 0, 0
0.125, -0, 0, 0, 0
0.137, -0, 0, 0, 0
0.15, -0, 0, 0, 0
0.162, -0, 0, 0, 0
0.174, -0, 0, 0, 0
0.187, -0, 0, 0, 0
0.199, -0, 0, 0, 0
0.211, -0, 0, 0, 0
0.224, -0, 0, 0, 0
0.236, -0, 0, 0, 0
0.248, -0, 0, 0, 0
0.261, -0, 0, 0, 0
0.273, -0, 0, 0, 0
0.286, -0, 0, 0, 0
0.298, -0, 0, 0, 0
0.31, -0, 0, 0, 0
0.323, -0, 0, 0, 0
0.335, -0, 0, 0, 0
0.347, -0, 0, 0, 0
0.36, -0, 0, 0, 0
0.372, -0, 0, 0, 0
0.384, -0, 0, 0, 0
0.397, -0, 0, 0, 0
0.409, -0, 0, 0, 0
0.421, -0, 0, 0, 0
0.434, -0, 0, 0, 0
0.446, -0, 0, 0, 0
0.458, -0, 0, 0, 0
0.471, -0, 0, 0, 0
0.483, -0, 0, 0, 0
0.495, -0, 0, 0, 0
0.508, -0, 0, 0, 0
0.52, -0, 0, 0, 0
0.532, -0, 0, 0, 0
0.545, -0, 0, 0, 0
0.557, -0, 0, 0, 0
0.569, -0, 0, 0, 0
0.582, -0, 0, 0, 0
0.594, -0, 0, 0, 0
0.606, -0, 0, 0, 0
0.619, -0, 0, 0, 0
0.631, -0, 0, 0, 0
0.643, -0, 0, 0, 0
0.656, -0, 0, 0, 0
0.668, -0, 0, 0, 0
0.681, -0, 0, 0, 0
0.693, -0, 0, 0, 0
0.705, -0, 0, 0, 0
0.718, -0, 0, 0, 0
0.73, -0, 0, 0, 0
0.742, -0, 0, 0, 0
0.755, -0, 0, 0, 0
0.767, -0, 0, 0, 0
0.779, -0, 0, 0, 0
0.792, -0, 0, 0, 0
0.804, -0, 0, 0, 0
0.817, -0, 0, 0, 0
0.829, -0, 0, 0, 0
0.841, -0, 0, 0, 0
0.854, -0, 0, 0, 0
0.866, -0, 0, 0, 0
0.878, -0, 0, 0, 0
0.891, -0, 0, 0, 0
0.903, -0, 0, 0, 0
0.916, -0, 0, 0, 0
0.928, -0, 0, 0, 0
0.94, -0, 0, 0, 0
0.952, -0, 0, 0, 0
0.965, -0, 0, 0, 0
0.977, -0, 0, 0, 0
0.99, -0, 0, 0, 0
1.002, -0, 0, 0, 0
1.014, -0, 0, 0, 0
1.027, -0, 0, 0, 0
1.039, -0, 0, 0, 0
1.051, -0, 0, 0, 0
1.064, -0, 0, 0, 0
1.076, -0, 0, 0, 0
1.089, -0, 0, 0, 0
1.101, -0, 0, 0, 0
1.113, -0, 0, 0, 0
1.126, -0, 0, 0, 0
1.138, -0, 0, 0, 0
1.151, -0, 0, 0, 0
1.163, -0, 0, 0, 0
1.176, -0, 0, 0, 0
1.188, -0, 0, 0, 0
1.201, -0, 0, 0, 0
1.213, -0, 0, 0, 0
1.226, -0, 0, 0, 0
1.239, -0, 0, 0, 0
1.251, -0, 0, 0, 0
1.264, -0, 0, 0, 0
1.277, -0, 0, 0, 0
1.289, -0, 0, 0, 0
1.302, -0, 0, 0, 0
1.314, -0, 0, 0, 0
1.327, -0, 0, 0, 0
1.339, -0, 0, 0, 0
1.351, -0, 0, 0, 0
1.364, -0, 0, 0, 0
1.376, -0, 0, 0, 0
1.388, -0, 0, 0, 0
1.401, -0, 0, 0, 0
1.413, -0, 0, 0, 0
1.426, -0, 0, 0, 0
1.438, -0, 0, 0, 0
1.45, -0, 0, 0, 0
1.463, -0, 0, 0, 0
1.475, -0, 0, 0, 0
1.488, -0, 0, 0, 0
1.5, -0, 0, 0, 0
1.512, -0, 0, 0, 0
1.525, -0, 0, 0, 0
1.537, -0, 0, 0, 0
1.55, -0, 0, 0, 0
1.562, -0, 0, 0, 0
1.575, -0, 0, 0, 0
1.588, -0, 0, 0, 0
1.6, -0, 0, 0, 0
1.612, -0, 0, 0, 0
1.625, -0, 0, 0, 0
1.637, -0, 0, 0, 0
1.649, -0, 0, 0, 0
1.662, -0, 0, 0, 0
1.674, -0, 0, 0, 0
1.687, -0, 0, 0, 0
1.699, -0, 0, 0, 0
1.712, -0, 0, 0, 0
1.724, -0, 0, 0, 0
1.736, -0, 0, 0, 0
1.749, -0, 0, 0, 0
1.761, -0, 0, 0, 0
1.773, -0, 0, 0, 0
1.786, -0, 0, 0, 0
1.798, -0, 0, 0, 0
1.81, -0, 0, 0, 0
1.823, -0, 0, 0, 0
1.835, -0, 0, 0, 0
1.847, -0, 0, 0, 0
1.86, -0, 0, 0, 0
1.872, -0, 0, 0, 0
1.885, -0, 0, 0, 0
1.897, -0, 0, 0, 0
1.909, -0, 0, 0, 0
1.922, -0, 0, 0, 0
1.934, -0, 0, 0, 0
1.947, -0, 0, 0, 0
1.959, -0, 0, 0, 0
1.971, -0, 0, 0, 0
1.983, -0, 0, 0, 0
1.996, -0, 0, 0, 0
2.008, -0, 0, 0, 0
2.02, -0, 0, 0, 0
2.033, -0, 0, 0, 0
2.045, -0, 0, 0, 0
2.057, -0, 0, 0, 0
2.07, -0, 0, 0, 0
2.082, -0, 0, 0, 0
2.094, -0, 0, 0, 0
2.107, -0, 0, 0, 0
2.119, -0, 0, 0, 0
2.131, -0, 0, 0, 0
2.144, -0, 0, 0, 0
2.156, -0, 0, 0, 0
2.168, -0, 0, 0, 0
2.181, -0, 0, 0, 0
2.193, -0, 0, 0, 0
2.206, -0, 0, 0, 0
2.218, -0, 0, 0, 0
2.23, -0, 0, 0, 0
2.243, -0, 0, 0, 0
2.255, -0, 0, 0, 0
2.267, -0, 0, 0, 0
2.28, -0, 0, 0, 0
2.292, -0, 0, 0, 0
2.304, -0, 0, 0, 0
2.317, -0, 0, 0, 0
2.329, -0, 0, 0, 0
2.341, -0, 0, 0, 0
2.354, -0, 0, 0, 0
2.366, -0, 0, 0, 0
2.379, -0, 0, 0, 0
2.391, -0, 0, 0, 0
2.403, -0, 0, 0, 0
2.415, -0, 0, 0, 0
2.428, -0, 0, 0, 0
2.44, -0, 0, 0, 0
2.452, -0, 0, 0, 0
2.465, -0, 0, 0, 0
2.477, -0, 0, 0, 0
2.489, -0, 0, 0, 0
2.502, -0, 0, 0, 0
2.514, -0, 0, 0, 0
2.527, -0, 0, 0, 0
2.539, -0, 0, 0, 0
2.551, -0, 0, 0, 0
2.564, -0, 0, 0, 0
2.576, -0, 0, 0, 0
2.588, -0, 0, 0, 0
2.601, -0, 0, 0, 0
2.613, -0, 0, 0, 0
2.626, -0, 0, 0, 0
2.638, -0, 0, 0, 0
2.65, -0, 0, 0, 0
2.663, -0, 0, 0, 0
2.675, -0, 0, 0, 0
2.688, -0, 0, 0, 0
2.7, -0, 0, 0, 0
2.712, -0, 0, 0, 0
2.725, -0, 0, 0, 0
2.737, -0, 0, 0, 0
2.749, -0, 0, 0, 0
2.762, -0, 0, 0, 0
2.774, -0, 0, 0, 0
2.786, -0, 0, 0, 0
2.799, -0, 0, 0, 0
2.811, -0, 0, 0, 0
2.823, -0, 0, 0, 0
2.836, -0, 0, 0, 0
2.848, -0, 0, 0, 0
2.86, -0, 0, 0, 0
2.873, -0, 0, 0, 0
2.885, -0, 0, 0, 0
2.898, -0, 0, 0, 0
2.91, -0, 0, 0, 0
2.922, -0, 0, 0, 0
2.935, -0, 0, 0, 0
2.947, -0, 0, 0, 0
2.959, -0, 0, 0, 0
2.971, -0, 0, 0, 0
2.984, -0, 0, 0, 0
2.996, -0, 0, 0, 0
3.009, -0, 0, 0, 0
3.021, -0, 0, 0, 0
3.033, -0, 0, 0, 0
3.046, -0, 0, 0, 0
3.058, -0, 0, 0, 0
3.071, -0, 0, 0, 0
3.083, -0, 0, 0, 0
3.095, -0, 0, 0, 0
3.108, -0, 0, 0, 0
3.12, -0, 0, 0, 0
3.132, -0, 0, 0, 0
3.145, -0, 0, 0, 0
3.157, -0, 0, 0, 0
3.17, -0, 0, 0, 0
3.182, -0, 0, 0, 0
3.195, -0, 0, 0, 0
3.207, -0, 0, 0, 0
3.219, -0, 0, 0, 0
3.232, -0, 0, 0, 0
3.244, -0, 0, 0, 0
3.256, -0, 0, 0, 0
3.269, -0, 0, 0, 0
3.281, -0, 0, 0, 0
3.294, -0, 0, 0, 0
3.306, -0, 0, 0, 0
3.319, -0, 0, 0, 0
3.331, -0, 0, 0, 0
3.343, -0, 0, 0, 0
3.356, -0, 0, 0, 0
3.368, -0, 0, 0, 0
3.38, -0, 0, 0, 0
3.393, -0, 0, 0, 0
3.405, -0, 0, 0, 0
3.418, -0, 0, 0, 0
3.43, -0, 0, 0, 0
3.442, -0, 0, 0, 0
3.455, -0, 0, 0, 0
3.467, -0, 0, 0, 0
3.48, -0, 0, 0, 0
3.492, -0, 0, 0, 0
3.504, -0, 0, 0, 0
3.517, -0, 0, 0, 0
3.529, -0, 0, 0, 0
3.541, -0, 0, 0, 0
3.554, -0, 0, 0, 0
3.566, -0, 0, 0, 0
3.579, -0, 0, 0, 0
3.591, -0, 0, 0, 0
3.603, -0, 0, 0, 0
3.615, -0, 0, 0, 0
3.628, -0, 0, 0, 0
3.64, -0, 0, 0, 0
3.652, -0, 0, 0, 0
3.665, -0, 0, 0, 0
3.677, -0, 0, 0, 0
3.689, -0, 0, 0, 0
3.702, -0, 0, 0, 0
3.714, -0, 0, 0, 0
3.727, -0, 0, 0, 0
3.739, -0, 0, 0, 0
3.751, -0, 0, 0, 0
3.764, -0, 0, 0, 0
3.776, -0, 0, 0, 0
3.788, -0, 0, 0, 0
3.801, -0, 0, 0, 0
3.813, -0, 0, 0, 0
3.826, -0, 0, 0, 0
3.838, -0, 0, 0, 0
3.851, -0, 0, 0, 0
3.863, -0, 0, 0, 0
3.875, -0, 0, 0, 0
3.888, -0, 0, 0, 0
3.9, -0, 0, 0, 0
3.912, -0, 0, 0, 0
3.925, -0, 0, 0, 0
3.937, -0, 0, 0, 0
3.95, -0, 0, 0, 0
3.962, -0, 0, 0, 0
3.975, -0, 0, 0, 0
3.987, -0, 0, 0, 0
3.999, -0, 0, 0, 0
4.012, -0, 0, 0, 0
4.024, -0, 0, 0, 0
4.038, -0, 0, 0, 0
4.051, -0, 0, 0, 0
4.064, -0, 0, 0, 0
4.077, -0, 0, 0, 0
4.089, -0, 0, 0, 0
4.101, -0, 0, 0, 0
4.114, -0, 0, 0, 0
4.126, -0, 0, 0, 0
4.139, -0, 0, 0, 0
4.153, -0, 0, 0, 0
4.165, -0, 0, 0, 0
4.177, -0, 0, 0, 0
4.19, -0, 0, 0, 0
4.202, -0, 0, 0, 0
4.215, -0, 0, 0, 0
4.227, -0, 0, 0, 0
4.24, -0, 0, 0, 0
4.252, -0, 0, 0, 0
4.264, -0, 0, 0, 0
4.277, -0, 0, 0, 0
4.289, -0, 0, 0, 0
4.301, -0, 0, 0, 0
4.314, -0, 0, 0, 0
4.326, -0, 0, 0, 0
4.339, -0, 0, 0, 0
4.352, -0, 0, 0, 0
4.364, -0, 0, 0, 0
4.377, -0, 0, 0, 0
4.389, -0, 0, 0, 0
4.401, -0, 0, 0, 0
4.414, -0, 0, 0, 0
4.426, -0, 0, 0, 0
4.439, -0, 0, 0, 0
4.451, -0, 0, 0, 0
4.464, -0, 0, 0, 0
4.476, -0, 0, 0, 0
4.488, -0, 0, 0, 0
4.501, -0, 0, 0, 0
4.513, -0, 0, 0, 0
4.525, -0, 0, 0, 0
4.538, -0, 0, 0, 0
4.55, -0, 0, 0, 0
4.563, -0, 0, 0, 0
4.575, -0, 0, 0, 0
4.587, -0, 0, 0, 0
4.6, -0, 0, 0, 0
4.612, -0, 0, 0, 0
4.625, -0, 0, 0, 0
4.637, -0, 0, 0, 0
4.649, -0, 0, 0, 0
4.662, -0, 0, 0, 0
4.674, -0, 0, 0, 0
4.687, -0, 0, 0, 0
4.699, -0, 0, 0, 0
4.712, -0, 0, 0, 0
4.724, -0, 0, 0, 0
4.737, -0, 0, 0, 0
4.749, -0, 0, 0, 0
4.761, -0, 0, 0, 0
4.774, -0, 0, 0, 0
4.786, -0, 0, 0, 0
4.799, -0, 0, 0, 0
4.811, -0, 0, 0, 0
4.823, -0, 0, 0, 0
4.836, -0, 0, 0, 0
4.848, -0, 0, 0, 0
4.861, -0, 0, 0, 0
4.873, -0, 0, 0, 0
4.885, -0, 0, 0, 0
4.898, -0, 0, 0, 0
4.91, -0, 0, 0, 0
4.923, -0, 0, 0, 0
4.935, -0, 0, 0, 0
4.947, -0, 0, 0, 0
4.96, -0, 0, 0, 0
4.972, -0, 0, 0, 0
4.985, -0, 0, 0, 0
4.997, -0, 0, 0, 0
5.009, -0, 0, 0, 0
5.022, -0, 0, 0, 0
5.034, -0, 0, 0, 0
5.047, -0, 0, 0, 0
5.059, -0, 0, 0, 0
5.071, -0, 0, 0, 0
5.084, -0, 0, 0, 0
5.096, -0, 0, 0, 0
5.109, -0, 0, 0, 0
5.121, -0, 0, 0, 0
5.133, -0, 0, 0, 0
5.146, -0, 0, 0, 0
5.158, -0, 0, 0, 0
5.171, -0, 0, 0, 0
5.183, -0, 0, 0, 0
5.195, -0, 0, 0, 0
5.208, -0, 0, 0, 0
5.22, -0, 0, 0, 0
5.233, -0, 0, 0, 0
5.245, -0, 0, 0, 0
5.257, -0, 0, 0, 0
5.27, -0, 0, 0, 0
5.282, -0, 0, 0, 0
5.295, -0, 0, 0, 0
5.307, -0, 0, 0, 0
5.319, -0, 0, 0, 0
5.332, -0, 0, 0, 0
5.344, -0, 0, 0, 0
5.357, -0, 0, 0, 0
5.369, -0, 0, 0, 0
5.382, -0, 0, 0, 0
5.394, -0, 0, 0, 0
5.406, -0, 0, 0, 0
5.419, -0, 0, 0, 0
5.431, -0, 0, 0, 0
5.444, -0, 0, 0, 0
5.456, -0, 0, 0, 0
5.468, -0, 0, 0, 0
5.481, -0, 0, 0, 0
5.493, -0, 0, 0, 0
5.505, -0, 0, 0, 0
5.518, -0, 0, 0, 0
5.53, -0, 0, 0, 0
5.543, -0, 0, 0, 0
5.555, -0, 0, 0, 0
5.567, -0, 0, 0, 0
5.58, -0, 0, 0, 0
5.592, -0, 0, 0, 0
5.604, -0, 0, 0, 0
5.617, -0, 0, 0, 0
5.629, -0, 0, 0, 0
5.642, -0, 0, 0, 0
5.654, -0, 0, 0, 0
5.666, -0, 0, 0, 0
5.679, -0, 0, 0, 0
5.691, -0, 0, 0, 0
5.704, -0, 0, 0, 0
5.716, -0, 0, 0, 0
5.728, -0, 0, 0, 0
5.741, -0, 0, 0, 0
5.753, -0, 0, 0, 0
5.765, -0, 0, 0, 0
5.778, -0, 0, 0, 0
5.79, -0, 0, 0, 0
5.803, -0, 0, 0, 0
5.815, -0, 0, 0, 0
5.827, -0, 0, 0, 0
5.84, -0, 0, 0, 0
5.852, -0, 0, 0, 0
5.864, -0, 0, 0, 0
5.877, -0, 0, 0, 0
5.889, -0, 0, 0, 0
5.902, -0, 0, 0, 0
5.914, -0, 0, 0, 0
5.927, -0, 0, 0, 0
5.939, -0, 0, 0, 0
5.951, -0, 0, 0, 0
5.964, -0, 0, 0, 0
5.976, -0, 0, 0, 0
5.988, -0, 0, 0, 0
6.001, -0, 0, 0, 0
6.013, -0, 0, 0, 0
6.026, -0, 0, 0, 0
6.038, -0, 0, 0, 0
6.051, -0, 0, 0, 0
6.063, -0, 0, 0, 0
6.075, -0, 0, 0, 0
6.088, -0, 0, 0, 0
6.1, -0, 0, 0, 0
6.113, -0, 0, 0, 0
6.125, -0, 0, 0, 0
6.137, -0, 0, 0, 0
6.15, -0, 0, 0, 0
6.162, -0, 0, 0, 0
6.175, -0, 0, 0, 0
6.221, -0, 0, 0, 0
6.233, -0, 0, 0, 0
6.245, -0, 0, 0, 0
6.258, -0, 0, 0, 0
6.27, -0, 0, 0, 0
6.282, -0, 0, 0, 0
6.295, -0, 0, 0, 0
6.307, -0, 0, 0, 0
6.319, -0, 0, 0, 0
6.332, -0, 0, 0, 0
6.344, -0, 0, 0, 0
6.356, -0, 0, 0, 0
6.369, -0, 0, 0, 0
6.381, -0, 0, 0, 0
6.393, -0, 0, 0, 0
6.406, -0, 0, 0, 0
6.418, -0, 0, 0, 0
6.431, -0, 0, 0, 0
6.443, -0, 0, 0, 0
6.455, -0, 0, 0, 0
6.468, -0, 0, 0, 0
6.48, -0, 0, 0, 0
6.492, -0, 0, 0, 0
6.505, -0, 0, 0, 0
6.517, -0, 0, 0, 0
6.53, -0, 0, 0, 0
6.542, -0, 0, 0, 0
6.554, -0, 0, 0, 0
6.567, -0, 0, 0, 0
6.579, -0, 0, 0, 0
6.592, -0, 0, 0, 0
6.604, -0, 0, 0, 0
6.616, -0, 0, 0, 0
6.629, -0, 0, 0, 0
6.641, -0, 0, 0, 0
6.653, -0, 0, 0, 0
6.666, -0, 0, 0, 0
6.678, -0, 0, 0, 0
6.691, -0, 0, 0, 0
6.703, -0, 0, 0, 0
6.714, -0, 0, 0, 0
6.727, -0, 0, 0, 0
6.739, -0, 0, 0, 0
6.752, -0, 0, 0, 0
6.764, -0, 0, 0, 0
6.776, -0, 0, 0, 0
6.789, -0, 0, 0, 0
6.801, -0, 0, 0, 0
6.813, -0, 0, 0, 0
6.826, -0, 0, 0, 0
6.838, -0, 0, 0, 0
6.851, -0, 0, 0, 0
6.863, -0, 0, 0, 0
6.875, -0, 0, 0, 0
6.888, -0, 0, 0, 0
6.9, -0, 0, 0, 0
6.912, -0, 0, 0, 0
6.925, -0, 0, 0, 0
6.937, -0, 0, 0, 0
6.95, -0, 0, 0, 0
6.962, -0, 0, 0, 0
6.974, -0, 0, 0, 0
6.987, -0, 0, 0, 0
6.999, -0, 0, 0, 0
7.011, -0, 0, 0, 0
7.024, -0, 0, 0, 0
7.036, -0, 0, 0, 0
7.048, -0, 0, 0, 0
7.061, -0, 0, 0, 0
7.073, -0, 0, 0, 0
7.085, -0, 0, 0, 0
7.098, -0, 0, 0, 0
7.11, -0, 0, 0, 0
7.122, -0, 0, 0, 0
7.135, -0, 0, 0, 0
7.147, -0, 0, 0, 0
7.159, -0, 0, 0, 0
7.172, -0, 0, 0, 0
7.184, -0, 0, 0, 0
7.197, -0, 0, 0, 0
7.209, -0, 0, 0, 0
7.221, -0, 0, 0, 0
7.234, -0, 0, 0, 0
7.246, -0, 0, 0, 0
7.258, -0, 0, 0, 0
7.271, -0, 0, 0, 0
7.283, -0, 0, 0, 0
7.295, -0, 0, 0, 0
7.308, -0, 0, 0, 0
7.32, -0, 0, 0, 0
7.332, -0, 0, 0, 0
7.345, -0, 0, 0, 0
7.357, -0, 0, 0, 0
7.369, -0, 0, 0, 0
7.382, -0, 0, 0, 0
7.394, -0, 0, 0, 0
7.406, -0, 0, 0, 0
7.419, -0, 0, 0, 0
7.431, -0, 0, 0, 0
7.443, -0, 0, 0, 0
7.456, -0, 0, 0, 0
7.468, -0, 0, 0, 0
7.481, -0, 0, 0, 0
7.493, -0, 0, 0, 0
7.505, -0, 0, 0, 0
7.518, -0, 0, 0, 0
7.53, -0, 0, 0, 0
7.542, -0, 0, 0, 0
7.555, -0, 0, 0, 0
7.567, -0, 0, 0, 0
7.579, -0, 0, 0, 0
7.592, -0, 0, 0, 0
7.604, -0, 0, 0, 0
7.616, -0, 0, 0, 0
7.628, -0, 0, 0, 0
7.641, -0, 0, 0, 0
7.653, -0, 0, 0, 0
7.665, -0, 0, 0, 0
7.678, -0, 0, 0, 0
7.69, -0, 0, 0, 0
7.703, -0, 0, 0, 0
7.715, -0, 0, 0, 0
7.727, -0, 0, 0, 0
7.74, -0, 0, 0, 0
7.752, -0, 0, 0, 0
7.764, -0, 0, 0, 0
7.776, -0, 0, 0, 0
7.789, -0, 0, 0, 0
7.801, -0, 0, 0, 0
7.814, -0, 0, 0, 0
7.826, -0, 0, 0, 0
7.838, -0, 0, 0, 0
7.851, -0, 0, 0, 0
7.863, -0, 0, 0, 0
7.875, -0, 0, 0, 0
7.888, -0, 0, 0, 0
7.9, -0, 0, 0, 0
7.912, -0, 0, 0, 0
7.925, -0, 0, 0, 0
7.937, -0, 0, 0, 0
7.949, -0, 0, 0, 0
7.962, -0, 0, 0, 0
7.974, -0, 0, 0, 0
7.986, -0, 0, 0, 0
7.999, -0, 0, 0, 0
8.011, -0, 0, 0, 0
8.023, -0, 0, 0, 0
8.036, -0, 0, 0, 0
8.048, -0, 0, 0, 0
8.06, -0, 0, 0, 0
8.073, -0, 0, 0, 0
8.085, -0, 0, 0, 0
8.098, -0, 0, 0, 0
8.11, -0, 0, 0, 0
8.122, -0, 0, 0, 0
8.135, -0, 0, 0, 0
8.147, -0, 0, 0, 0
8.159, -0, 0, 0, 0
8.172, -0, 0, 0, 0
8.184, -0, 0, 0, 0
8.196, -0, 0, 0, 0
8.209, -0, 0, 0, 0
8.221, -0, 0, 0, 0
8.233, -0, 0, 0, 0
8.246, -0, 0, 0, 0
8.258, -0, 0, 0, 0
8.27, -0, 0, 0, 0
8.283, -0, 0, 0, 0
8.295, -0, 0, 0, 0
8.307, -0, 0, 0, 0
8.32, -0, 0, 0, 0
8.332, -0, 0, 0, 0
8.345, -0, 0, 0, 0
8.357, -0, 0, 0, 0
8.369, -0, 0, 0, 0
8.382, -0, 0, 0, 0
8.394, -0, 0, 0, 0
8.406, -0, 0, 0, 0
8.419, -0, 0, 0, 0
8.431, -0, 0, 0, 0
8.443, -0, 0, 0, 0
8.456, -0, 0, 0, 0
8.468, -0, 0, 0, 0
8.48, -0, 0, 0, 0
8.493, -0, 0, 0, 0
8.505, -0, 0, 0, 0
8.517, -0, 0, 0, 0
8.53, -0, 0, 0, 0
8.542, -0, 0, 0, 0
8.554, -0, 0, 0, 0
8.567, -0, 0, 0, 0
8.579, -0, 0, 0, 0
8.591, -0, 0, 0, 0
8.604, -0, 0, 0, 0
8.616, -0, 0, 0, 0
8.628, -0, 0, 0, 0
8.641, -0, 0, 0, 0
8.653, -0, 0, 0, 0
8.665, -0, 0, 0, 0
8.678, -0, 0, 0, 0
8.69, -0, 0, 0, 0
8.702, -0, 0, 0, 0
8.715, -0, 0, 0, 0
8.727, -0, 0, 0, 0
8.739, -0, 0, 0, 0
8.752, -0, 0, 0, 0
8.764, -0, 0, 0, 0
8.777, -0, 0, 0, 0
8.789, -0, 0, 0, 0
8.801, -0, 0, 0, 0
8.814, -0, 0, 0, 0
8.826, -0, 0, 0, 0
8.838, -0, 0, 0, 0
8.851, -0, 0, 0, 0
8.863, -0, 0, 0, 0
8.875, -0, 0, 0, 0
8.888, -0, 0, 0, 0
8.9, -0, 0, 0, 0
8.912, -0, 0, 0, 0
8.925, -0, 0, 0, 0
8.937, -0, 0, 0, 0
8.949, -0, 0, 0, 0
8.962, -0, 0, 0, 0
8.974, -0, 0, 0, 0
8.986, -0, 0, 0, 0
8.999, -0, 0, 0, 0
9.011, -0, 0, 0, 0
9.023, -0, 0, 0, 0
9.036, -0, 0, 0, 0
9.048, -0, 0, 0, 0
9.06, -0, 0, 0, 0
9.073, -0, 0, 0, 0
9.085, -0, 0, 0, 0
9.097, -0, 0, 0, 0
9.11, -0, 0, 0, 0
9.122, -0, 0, 0, 0
9.135, -0, 0, 0, 0
9.147, -0, 0, 0, 0
9.159, -0, 0, 0, 0
9.172, -0, 0, 0, 0
9.184, -0, 0, 0, 0
9.196, -0, 0, 0, 0
9.209, -0, 0, 0, 0
9.221, -0, 0, 0, 0
9.233, -0, 0, 0, 0
9.246, -0, 0, 0, 0
9.258, -0, 0, 0, 0
9.27, -0, 0, 0, 0
9.283, -0, 0, 0, 0
9.295, -0, 0, 0, 0
9.307, -0, 0, 0, 0
9.32, -0, 0, 0, 0
9.332, -0, 0, 0, 0
9.344, -0, 0, 0, 0
9.357, -0, 0, 0, 0
9.369, -0, 0, 0, 0
9.381, -0, 0, 0, 0
9.394, -0, 0, 0, 0
9.406, -0, 0, 0, 0
9.419, -0, 0, 0, 0
9.431, -0, 0, 0, 0
9.443, -0, 0, 0, 0
9.456, -0, 0, 0, 0
9.468, -0, 0, 0, 0
9.48, -0, 0, 0, 0
9.493, -0, 0, 0, 0
9.505, -0, 0, 0, 0
9.517, -0, 0, 0, 0
9.53, -0, 0, 0, 0
9.542, -0, 0, 0, 0
9.554, -0, 0, 0, 0
9.567, -0, 0, 0, 0
9.579, -0, 0, 0, 0
9.591, -0, 0, 0, 0
9.604, -0, 0, 0, 0
9.616, -0, 0, 0, 0
9.629, -0, 0, 0, 0
9.641, -0, 0, 0, 0
9.653, -0, 0, 0, 0
9.666, -0, 0, 0, 0
9.678, -0, 0, 0, 0
9.69, -0, 0, 0, 0
9.703, -0, 0, 0, 0
9.715, -0, 0, 0, 0
9.727, -0, 0, 0, 0
9.74, -0, 0, 0, 0
9.752, -0, 0, 0, 0
9.764, -0, 0, 0, 0
9.777, -0, 0, 0, 0
9.789, -0, 0, 0, 0
9.801, -0, 0, 0, 0
9.814, -0, 0, 0, 0
9.826, -0, 0, 0, 0
9.838, -0, 0, 0, 0
9.851, -0, 0, 0, 0
9.863, -0, 0, 0, 0
9.875, -0, 0, 0, 0
9.888, -0, 0, 0, 0
9.9, -0, 0, 0, 0
9.912, -0, 0, 0, 0
9.925, -0, 0, 0, 0
9.937, -0, 0, 0, 0
9.949, -0, 0, 0, 0
9.962, -0, 0, 0, 0
9.974, -0, 0, 0, 0
9.986, -0, 0, 0, 0
9.999, -0, 0, 0, 0
10.011, -0, 0, 0, 0
10.024, -0, 0, 0, 0
10.036, -0, 0, 0, 0
10.049, -0, 0, 0, 0
10.061, -0, 0, 0, 0
10.074, -0, 0, 0, 0
10.086, -0, 0, 0, 0
10.099, -0, 0, 0, 0
10.111, -0, 0, 0, 0
10.123, -0, 0, 0, 0
10.136, -0, 0, 0, 0
10.148, -0, 0, 0, 0
10.16, -0, 0, 0, 0
10.173, -0, 0, 0, 0
10.185, -0, 0, 0, 0
10.198, -0, 0, 0, 0
10.21, -0, 0, 0, 0
10.222, -0, 0, 0, 0
10.235, -0, 0, 0, 0
10.247, -0, 0, 0, 0
10.26, -0, 0, 0, 0
10.272, -0, 0, 0, 0
10.284, -0, 0, 0, 0
10.297, -0, 0, 0, 0
10.309, -0, 0, 0, 0
10.321, -0, 0, 0, 0
10.334, -0, 0, 0, 0
10.346, -0, 0, 0, 0
10.359, -0, 0, 0, 0
10.371, -0, 0, 0, 0
10.383, -0, 0, 0, 0
10.396, -0, 0, 0, 0
10.408, -0, 0, 0, 0
10.42, -0, 0, 0, 0
10.433, -0, 0, 0, 0
10.445, -0, 0, 0, 0
10.457, -0, 0, 0, 0
10.47, -0, 0, 0, 0
10.482, -0, 0, 0, 0
10.494, -0, 0, 0, 0
10.507, -0, 0, 0, 0
10.519, -0, 0, 0, 0
10.532, -0, 0, 0, 0
10.544, -0, 0, 0, 0
10.556, -0, 0, 0, 0
10.569, -0, 0, 0, 0
10.581, -0, 0, 0, 0
10.594, -0, 0, 0, 0
10.606, -0, 0, 0, 0
10.619, -0, 0, 0, 0
10.631, -0, 0, 0, 0
10.644, -0, 0, 0, 0
10.656, -0, 0, 0, 0
10.669, -0, 0, 0, 0
10.681, -0, 0, 0, 0
10.693, -0, 0, 0, 0
10.706, -0, 0, 0, 0
10.718, -0, 0, 0, 0
10.731, -0, 0, 0, 0
10.743, -0, 0, 0, 0
10.755, -0, 0, 0, 0
10.768, -0, 0, 0, 0
10.78, -0, 0, 0, 0
10.793, -0, 0, 0, 0
10.805, -0, 0, 0, 0
10.818, -0, 0, 0, 0
10.83, -0, 0, 0, 0
10.842, -0, 0, 0, 0
10.855, -0, 0, 0, 0
10.867, -0, 0, 0, 0
10.88, -0, 0, 0, 0
10.892, -0, 0, 0, 0
10.905, -0, 0, 0, 0
10.917, -0, 0, 0, 0
10.929, -0, 0, 0, 0
10.942, -0, 0, 0, 0
10.954, -0, 0, 0, 0
10.967, -0, 0, 0, 0
10.979, -0, 0, 0, 0
10.991, -0, 0, 0, 0
11.004, -0, 0, 0, 0
11.016, -0, 0, 0, 0
11.029, -0, 0, 0, 0
11.041, -0, 0, 0, 0
11.054, -0, 0, 0, 0
11.066, -0, 0, 0, 0
11.079, -0, 0, 0, 0
11.092, -0, 0, 0, 0
11.104, -0, 0, 0, 0
11.117, -0, 0, 0, 0
11.129, -0, 0, 0, 0
11.142, -0, 0, 0, 0
11.154, -0, 0, 0, 0
11.167, -0, 0, 0, 0
11.179, -0, 0, 0, 0
11.194, -0, 0, 0, 0
11.206, -0, 0, 0, 0
11.219, -0, 0, 0, 0
11.231, -0, 0, 0, 0
11.244, -0, 0, 0, 0
11.256, -0, 0, 0, 0
11.269, -0, 0, 0, 0
11.281, -0, 0, 0, 0
11.294, -0, 0, 0, 0
11.306, -0, 0, 0, 0
11.32, -0, 0, 0, 0
11.333, -0, 0, 0, 0
11.347, -0, 0, 0, 0
11.359, -0, 0, 0, 0
11.372, -0, 0, 0, 0
11.384, -0, 0, 0, 0
11.396, -0, 0, 0, 0
11.409, -0, 0, 0, 0
11.421, -0, 0, 0, 0
11.434, -0, 0, 0, 0
11.447, -0, 0, 0, 0
11.459, -0, 0, 0, 0
11.472, -0, 0, 0, 0
11.485, -0, 0, 0, 0
11.497, -0, 0, 0, 0
11.51, -0, 0, 0, 0
11.522, -0, 0, 0, 0
11.535, -0, 0, 0, 0
11.547, -0, 0, 0, 0
11.56, -0, 0, 0, 0
11.572, -0, 0, 0, 0
11.585, -0, 0, 0, 0
11.597, -0, 0, 0, 0
11.61, -0, 0, 0, 0
11.622, -0, 0, 0, 0
11.635, -0, 0, 0, 0
11.648, -0, 0, 0, 0
11.66, -0, 0, 0, 0
11.676, -0, 0, 0, 0
11.689, -0, 0, 0, 0
11.702, -0, 0, 0, 0
11.715, -0, 0, 0, 0
11.727, -0, 0, 0, 0
11.74, -0, 0, 0, 0
11.753, -0, 0, 0, 0
11.766, -0, 0, 0, 0
11.778, -0, 0, 0, 0
11.79, -0, 0, 0, 0
11.803, -0, 0, 0, 0
11.815, -0, 0, 0, 0
11.828, -0, 0, 0, 0
11.84, -0, 0, 0, 0
11.852, -0, 0, 0, 0
11.865, -0, 0, 0, 0
11.877, -0, 0, 0, 0
11.889, -0, 0, 0, 0
11.902, -0, 0, 0, 0
11.914, -0, 0, 0, 0
11.926, -0, 0, 0, 0
11.939, -0, 0, 0, 0
11.951, -0, 0, 0, 0
11.963, -0, 0, 0, 0
11.976, -0, 0, 0, 0
11.988, -0, 0, 0, 0
12, -0, 0, 0, 0
12.013, -0, 0, 0, 0
12.025, -0, 0, 0, 0
12.037, -0, 0, 0, 0
12.05, -0, 0, 0, 0
12.062, -0, 0, 0, 0
12.075, -0, 0, 0, 0
12.087, -0, 0, 0, 0
12.099, -0, 0, 0, 0
12.112, -0, 0, 0, 0
12.124, -0, 0, 0, 0
12.137, -0, 0, 0, 0
12.157, -0, 0, 0, 0
12.17, -0, 0, 0, 0
12.182, -0, 0, 0, 0
12.195, -0, 0, 0, 0
12.207, -0, 0, 0, 0
12.22, -0, 0, 0, 0
12.232, -0, 0, 0, 0
12.244, -0, 0, 0, 0
12.257, -0, 0, 0, 0
12.269, -0, 0, 0, 0
12.282, -0, 0, 0, 0
12.294, -0, 0, 0, 0
12.306, -0, 0, 0, 0
12.319, -0, 0, 0, 0
12.331, -0, 0, 0, 0
12.344, -0, 0, 0, 0
12.356, -0, 0, 0, 0
12.368, -0, 0, 0, 0
12.381, -0, 0, 0, 0
12.393, -0, 0, 0, 0
12.406, -0, 0, 0, 0
12.418, -0, 0, 0, 0
12.43, -0, 0, 0, 0
12.443, -0, 0, 0, 0
12.455, -0, 0, 0, 0
12.468, -0, 0, 0, 0
12.481, -0, 0, 0, 0
12.493, -0, 0, 0, 0
12.506, -0, 0, 0, 0
12.518, -0, 0, 0, 0
12.531, -0, 0, 0, 0
12.543, -0, 0, 0, 0
12.555, -0, 0, 0, 0
12.568, -0, 0, 0, 0
12.58, -0, 0, 0, 0
12.593, -0, 0, 0, 0
12.605, -0, 0, 0, 0
12.617, -0, 0, 0, 0
12.63, -0, 0, 0, 0
12.642, -0, 0, 0, 0
12.654, -0, 0, 0, 0
12.667, -0, 0, 0, 0
12.679, -0, 0, 0, 0
12.692, -0, 0, 0, 0
12.704, -0, 0, 0, 0
12.716, -0, 0, 0, 0
12.728, -0, 0, 0, 0
12.741, -0, 0, 0, 0
12.753, -0, 0, 0, 0
12.766, -0, 0, 0, 0
12.778, -0, 0, 0, 0
12.79, -0, 0, 0, 0
12.803, -0, 0, 0, 0
12.815, -0, 0, 0, 0
12.828, -0, 0, 0, 0
12.84, -0, 0, 0, 0
12.853, -0, 0, 0, 0
12.866, -0, 0, 0, 0
12.878, -0, 0, 0, 0
12.89, -0, 0, 0, 0
12.903, -0, 0, 0, 0
12.915, -0, 0, 0, 0
12.927, -0, 0, 0, 0
12.94, -0, 0, 0, 0
12.952, -0, 0, 0, 0
12.964, -0, 0, 0, 0
12.977, -0, 0, 0, 0
12.989, -0, 0, 0, 0
13.002, -0, 0, 0, 0
13.014, -0, 0, 0, 0
13.026, -0, 0, 0, 0
13.039, -0, 0, 0, 0
13.051, -0, 0, 0, 0
13.063, -0, 0, 0, 0
13.076, -0, 0, 0, 0
13.088, -0, 0, 0, 0
13.1, -0, 0, 0, 0
13.113, -0, 0, 0, 0
13.125, -0, 0, 0, 0
13.138, -0, 0, 0, 0
13.15, -0, 0, 0, 0
13.162, -0, 0, 0, 0
13.175, -0, 0, 0, 0
13.186, -0, 0, 0, 0
13.199, -0, 0, 0, 0
13.211, -0, 0, 0, 0
13.224, -0, 0, 0, 0
13.236, -0, 0, 0, 0
13.248, -0, 0, 0, 0
13.261, -0, 0, 0, 0
13.273, -0, 0, 0, 0
13.286, -0, 0, 0, 0
13.298, -0, 0, 0, 0
13.31, -0, 0, 0, 0
13.323, -0, 0, 0, 0
13.335, -0, 0, 0, 0
13.347, -0, 0, 0, 0
13.36, -0, 0, 0, 0
13.372, -0, 0, 0, 0
13.384, -0, 0, 0, 0
13.397, -0, 0, 0, 0
13.409, -0, 0, 0, 0
13.421, -0, 0, 0, 0
13.434, -0, 0, 0, 0
13.446, -0, 0, 0, 0
13.458, -0, 0, 0, 0
13.471, -0, 0, 0, 0
13.483, -0, 0, 0, 0
13.495, -0, 0, 0, 0
13.508, -0, 0, 0, 0
13.52, -0, 0, 0, 0
13.532, -0, 0, 0, 0
13.545, -0, 0, 0, 0
13.557, -0, 0, 0, 0
13.569, -0, 0, 0, 0
13.582, -0, 0, 0, 0
13.594, -0, 0, 0, 0
13.607, -0, 0, 0, 0
13.619, -0, 0, 0, 0
13.631, -0, 0, 0, 0
13.644, -0, 0, 0, 0
13.656, -0, 0, 0, 0
13.668, -0, 0, 0, 0
13.681, -0, 0, 0, 0
13.693, -0, 0, 0, 0
13.705, -0, 0, 0, 0
13.718, -0, 0, 0, 0
13.73, -0, 0, 0, 0
13.742, -0, 0, 0, 0
13.755, -0, 0, 0, 0
13.767, -0, 0, 0, 0
13.779, -0, 0, 0, 0
13.792, -0, 0, 0, 0
13.804, -0, 0, 0, 0
13.816, -0, 0, 0, 0
13.829, -0, 0, 0, 0
13.841, -0, 0, 0, 0
13.854, -0, 0, 0, 0
13.866, -0, 0, 0, 0
13.878, -0, 0, 0, 0
13.891, -0, 0, 0, 0
13.903, -0, 0, 0, 0
13.915, -0, 0, 0, 0
13.928, -0, 0, 0, 0
13.94, -0, 0, 0, 0
13.952, -0, 0, 0, 0
13.965, -0, 0, 0, 0
13.977, -0, 0, 0, 0
13.989, -0, 0, 0, 0
14.002, -0, 0, 0, 0
14.014, -0, 0, 0, 0
14.026, -0, 0, 0, 0
14.039, -0, 0, 0, 0
14.051, -0, 0, 0, 0
14.063, -0, 0, 0, 0
14.076, -0, 0, 0, 0
14.088, -0, 0, 0, 0
14.1, -0, 0, 0, 0
14.113, -0, 0, 0, 0
14.125, -0, 0, 0, 0
14.137, -0, 0, 0, 0
14.15, -0, 0, 0, 0
14.162, -0, 0, 0, 0
14.174, -0, 0, 0, 0
14.187, -0, 0, 0, 0
14.199, -0, 0, 0, 0
14.211, -0, 0, 0, 0
14.224, -0, 0, 0, 0
14.236, -0, 0, 0, 0
14.248, -0, 0, 0, 0
14.261, -0, 0, 0, 0
14.273, -0, 0, 0, 0
14.285, -0, 0, 0, 0
14.298, -0, 0, 0, 0
14.31, -0, 0, 0, 0
14.322, -0, 0, 0, 0
14.335, -0, 0, 0, 0
14.347, -0, 0, 0, 0
14.359, -0, 0, 0, 0
14.372, -0, 0, 0, 0
14.384, -0, 0, 0, 0
14.396, -0, 0, 0, 0
14.409, -0, 0, 0, 0
14.421, -0, 0, 0, 0
14.434, -0, 0, 0, 0
14.446, -0, 0, 0, 0
14.458, -0, 0, 0, 0
14.471, -0, 0, 0, 0
14.483, -0, 0, 0, 0
14.495, -0, 0, 0, 0
14.508, -0, 0, 0, 0
14.52, -0, 0, 0, 0
14.532, -0, 0, 0, 0
14.545, -0, 0, 0, 0
14.557, -0, 0, 0, 0
14.569, -0, 0, 0, 0
14.582, -0, 0, 0, 0
14.594, -0, 0, 0, 0
14.606, -0, 0, 0, 0
14.619, -0, 0, 0, 0
14.631, -0, 0, 0, 0
14.643, -0, 0, 0, 0
14.656, -0, 0, 0, 0
14.668, -0, 0, 0, 0
14.68, -0, 0, 0, 0
14.693, -0, 0, 0, 0
14.705, -0, 0, 0, 0
14.717, -0, 0, 0, 0
14.73, -0, 0, 0, 0
14.742, -0, 0, 0, 0
14.754, -0, 0, 0, 0
14.767, -0, 0, 0, 0
14.779, -0, 0, 0, 0
14.791, -0, 0, 0, 0
14.804, -0, 0, 0, 0
14.816, -0, 0, 0, 0
14.828, -0, 0, 0, 0
14.841, -0, 0, 0, 0
14.853, -0, 0, 0, 0
14.865, -0, 0, 0, 0
14.878, -0, 0, 0, 0
14.89, -0, 0, 0, 0
14.902, -0, 0, 0, 0
14.915, -0, 0, 0, 0
14.927, -0, 0, 0, 0
14.939, -0, 0, 0, 0
14.952, -0, 0, 0, 0
14.964, -0, 0, 0, 0
14.976, -0, 0, 0, 0
14.989, -0, 0, 0, 0
15.001, -0, 0, 0, 0
15.014, -0, 0, 0, 0
15.026, -0, 0, 0, 0
15.038, -0, 0, 0, 0
15.051, -0, 0, 0, 0
15.063, -0, 0, 0, 0
15.076, -0, 0, 0, 0
15.088, -0, 0, 0, 0
15.1, -0, 0, 0, 0
15.113, -0, 0, 0, 0
15.125, -0, 0, 0, 0
15.137, -0, 0, 0, 0
15.15, -0, 0, 0, 0
15.162, -0, 0, 0, 0
15.174, -0, 0, 0, 0
15.187, -0, 0, 0, 0
15.199, -0, 0, 0, 0
15.211, -0, 0, 0, 0
15.224, -0, 0, 0, 0
15.236, -0, 0, 0, 0
15.248, -0, 0, 0, 0
15.261, -0, 0, 0, 0
15.273, -0, 0, 0, 0
15.285, -0, 0, 0, 0
15.298, -0, 0, 0, 0
15.31, -0, 0, 0, 0
15.322, -0, 0, 0, 0
15.335, -0, 0, 0, 0
15.347, -0, 0, 0, 0
15.359, -0, 0, 0, 0
15.372, -0, 0, 0, 0
15.384, -0, 0, 0, 0
15.397, -0, 0, 0, 0
15.409, -0, 0, 0, 0
15.421, -0, 0, 0, 0
15.434, -0, 0, 0, 0
15.446, -0, 0, 0, 0
15.458, -0, 0, 0, 0
15.471, -0, 0, 0, 0
15.483, -0, 0, 0, 0
15.495, -0, 0, 0, 0
15.508, -0, 0, 0, 0
15.52, -0, 0, 0, 0
15.532, -0, 0, 0, 0
15.545, -0, 0, 0, 0
15.557, -0, 0, 0, 0
15.569, -0, 0, 0, 0
15.581, -0, 0, 0, 0
15.594, -0, 0, 0, 0
15.606, -0, 0, 0, 0
15.619, -0, 0, 0, 0
15.631, -0, 0, 0, 0
15.643, -0, 0, 0, 0
15.656, -0, 0, 0, 0
15.668, -0, 0, 0, 0
15.68, -0, 0, 0, 0
15.692, -0, 0, 0, 0
15.705, -0, 0, 0, 0
15.717, -0, 0, 0, 0
15.729, -0, 0, 0, 0
15.742, -0, 0, 0, 0
15.754, -0, 0, 0, 0
15.767, -0, 0, 0, 0
15.779, -0, 0, 0, 0
15.791, -0, 0, 0, 0
15.804, -0, 0, 0, 0
15.816, -0, 0, 0, 0
15.828, -0, 0, 0, 0
15.84, -0, 0, 0, 0
15.853, -0, 0, 0, 0
15.865, -0, 0, 0, 0
15.877, -0, 0, 0, 0
15.89, -0, 0, 0, 0
15.902, -0, 0, 0, 0
15.915, -0, 0, 0, 0
15.927, -0, 0, 0, 0
15.939, -0, 0, 0, 0
15.952, -0, 0, 0, 0
15.964, -0, 0, 0, 0
15.976, -0, 0, 0, 0
15.989, -0, 0, 0, 0
16.001, -0, 0, 0, 0
16.013, -0, 0, 0, 0
16.025, -0, 0, 0, 0
16.038, -0, 0, 0, 0
16.05, -0, 0, 0, 0
16.062, -0, 0, 0, 0
16.075, -0, 0, 0, 0
16.087, -0, 0, 0, 0
16.099, -0, 0, 0, 0
16.112, -0, 0, 0, 0
16.124, -0, 0, 0, 0
16.136, -0, 0, 0, 0
16.149, -0, 0, 0, 0
16.161, -0, 0, 0, 0
16.173, -0, 0, 0, 0
16.186, -0, 0, 0, 0
16.198, -0, 0, 0, 0
16.211, -0, 0, 0, 0
16.223, -0, 0, 0, 0
16.235, -0, 0, 0, 0
16.248, -0, 0, 0, 0
16.26, -0, 0, 0, 0
16.272, -0, 0, 0, 0
16.285, -0, 0, 0, 0
16.297, -0, 0, 0, 0
16.31, -0, 0, 0, 0
16.322, -0, 0, 0, 0
16.334, -0, 0, 0, 0
16.347, -0, 0, 0, 0
16.359, -0, 0, 0, 0
16.371, -0, 0, 0, 0
16.384, -0, 0, 0, 0
16.396, -0, 0, 0, 0
16.409, -0, 0, 0, 0
16.421, -0, 0, 0, 0
16.433, -0, 0, 0, 0
16.446, -0, 0, 0, 0
16.458, -0, 0, 0, 0
16.47, -0, 0, 0, 0
16.483, -0, 0, 0, 0
16.495, -0, 0, 0, 0
16.508, -0, 0, 0, 0
16.52, -0, 0, 0, 0
16.532, -0, 0, 0, 0
16.545, -0, 0, 0, 0
16.557, -0, 0, 0, 0
16.57, -0, 0, 0, 0
16.582, -0, 0, 0, 0
16.594, -0, 0, 0, 0
16.607, -0, 0, 0, 0
16.619, -0, 0, 0, 0
16.632, -0, 0, 0, 0
16.644, -0, 0, 0, 0
16.656, -0, 0, 0, 0
16.669, -0, 0, 0, 0
16.681, -0, 0, 0, 0
16.694, -0, 0, 0, 0
16.706, -0, 0, 0, 0
16.718, -0, 0, 0, 0
16.731, -0, 0, 0, 0
16.743, -0, 0, 0, 0
16.756, -0, 0, 0, 0
16.768, -0, 0, 0, 0
16.78, -0, 0, 0, 0
16.793, -0, 0, 0, 0
16.805, -0, 0, 0, 0
16.817, -0, 0, 0, 0
16.83, -0, 0, 0, 0
16.842, -0, 0, 0, 0
16.854, -0, 0, 0, 0
16.867, -0, 0, 0, 0
16.879, -0, 0, 0, 0
16.892, -0, 0, 0, 0
16.904, -0, 0, 0, 0
16.916, -0, 0, 0, 0
16.929, -0, 0, 0, 0
16.941, -0, 0, 0, 0
16.954, -0, 0, 0, 0
16.966, -0, 0, 0, 0
16.979, -0, 0, 0, 0
16.991, -0, 0, 0, 0
17.004, -0, 0, 0, 0
17.016, -0, 0, 0, 0
17.029, -0, 0, 0, 0
17.041, -0, 0, 0, 0
17.054, -0, 0, 0, 0
17.066, -0, 0, 0, 0
17.078, -0, 0, 0, 0
17.091, -0, 0, 0, 0
17.103, -0, 0, 0, 0
17.116, -0, 0, 0, 0
17.129, -0, 0, 0, 0
17.141, -0, 0, 0, 0
17.153, -0, 0, 0, 0
17.166, -0, 0, 0, 0
17.178, -0, 0, 0, 0
17.19, -0, 0, 0, 0
17.203, -0, 0, 0, 0
17.215, -0, 0, 0, 0
17.227, -0, 0, 0, 0
17.24, -0, 0, 0, 0
17.252, -0, 0, 0, 0
17.265, -0, 0, 0, 0
17.277, -0, 0, 0, 0
17.289, -0, 0, 0, 0
17.302, -0, 0, 0, 0
17.314, -0, 0, 0, 0
17.326, -0, 0, 0, 0
17.339, -0, 0, 0, 0
17.351, -0, 0, 0, 0
17.363, -0, 0, 0, 0
17.376, -0, 0, 0, 0
17.388, -0, 0, 0, 0
17.4, -0, 0, 0, 0
17.413, -0, 0, 0, 0
17.425, -0, 0, 0, 0
17.438, -0, 0, 0, 0
17.45, -0, 0, 0, 0
17.462, -0, 0, 0, 0
17.475, -0, 0, 0, 0
17.487, -0, 0, 0, 0
17.499, -0, 0, 0, 0
17.512, -0, 0, 0, 0
17.524, -0, 0, 0, 0
17.536, -0, 0, 0, 0
17.549, -0, 0, 0, 0
17.561, -0, 0, 0, 0
17.574, -0, 0, 0, 0
17.586, -0, 0, 0, 0
17.599, -0, 0, 0, 0
17.611, -0, 0, 0, 0
17.624, -0, 0, 0, 0
17.636, -0, 0, 0, 0
17.649, -0, 0, 0, 0
17.662, -0, 0, 0, 0
17.674, -0, 0, 0, 0
17.687, -0, 0, 0, 0
17.699, -0, 0, 0, 0
17.712, -0, 0, 0, 0
17.724, -0, 0, 0, 0
17.737, -0, 0, 0, 0
17.749, -0, 0, 0, 0
17.762, -0, 0, 0, 0
17.774, -0, 0, 0, 0
17.786, -0, 0, 0, 0
17.799, -0, 0, 0, 0
17.811, -0, 0, 0, 0
17.823, -0, 0, 0, 0
17.836, -0, 0, 0, 0
17.848, -0, 0, 0, 0
17.861, -0, 0, 0, 0
17.873, -0, 0, 0, 0
17.885, -0, 0, 0, 0
17.898, -0, 0, 0, 0
17.91, -0, 0, 0, 0
17.922, -0, 0, 0, 0
17.935, -0, 0, 0, 0
17.947, -0, 0, 0, 0
17.959, -0, 0, 0, 0
17.972, -0, 0, 0, 0
17.984, -0, 0, 0, 0
17.996, -0, 0, 0, 0
18.009, -0, 0, 0, 0
18.021, -0, 0, 0, 0
18.033, -0, 0, 0, 0
18.046, -0, 0, 0, 0
18.058, -0, 0, 0, 0
18.07, -0, 0, 0, 0
18.083, -0, 0, 0, 0
18.095, -0, 0, 0, 0
18.107, -0, 0, 0, 0
18.12, -0, 0, 0, 0
18.132, -0, 0, 0, 0
18.144, -0, 0, 0, 0
18.157, -0, 0, 0, 0
18.169, -0, 0, 0, 0
18.182, -0, 0, 0, 0
18.194, -0, 0, 0, 0
18.206, -0, 0, 0, 0
18.219, -0, 0, 0, 0
18.231, -0, 0, 0, 0
18.243, -0, 0, 0, 0
18.256, -0, 0, 0, 0
18.268, -0, 0, 0, 0
18.28, -0, 0, 0, 0
18.293, -0, 0, 0, 0
18.305, -0, 0, 0, 0
18.318, -0, 0, 0, 0
18.33, -0, 0, 0, 0
18.342, -0, 0, 0, 0
18.355, -0, 0, 0, 0
18.367, -0, 0, 0, 0
18.383, -0, 0, 0, 0
18.396, -0, 0, 0, 0
18.408, -0, 0, 0, 0
18.421, -0, 0, 0, 0
18.434, -0, 0, 0, 0
18.447, -0, 0, 0, 0
18.459, -0, 0, 0, 0
18.472, -0, 0, 0, 0
18.485, -0, 0, 0, 0
18.497, -0, 0, 0, 0
18.51, -0, 0, 0, 0
18.522, -0, 0, 0, 0
18.534, -0, 0, 0, 0
18.547, -0, 0, 0, 0
18.559, -0, 0, 0, 0
18.571, -0, 0, 0, 0
18.584, -0, 0, 0, 0
18.596, -0, 0, 0, 0
18.608, -0, 0, 0, 0
18.621, -0, 0, 0, 0
18.633, -0, 0, 0, 0
18.646, -0, 0, 0, 0
18.658, -0, 0, 0, 0
18.67, -0, 0, 0, 0
18.683, -0, 0, 0, 0
18.695, -0, 0, 0, 0
18.707, -0, 0, 0, 0
18.72, -0, 0, 0, 0
18.732, -0, 0, 0, 0
18.744, -0, 0, 0, 0
18.758, -0, 0, 0, 0
18.77, -0, 0, 0, 0
18.783, -0, 0, 0, 0
18.795, -0, 0, 0, 0
18.808, -0, 0, 0, 0
18.82, -0, 0, 0, 0
18.833, -0, 0, 0, 0
18.845, -0, 0, 0, 0
18.858, -0, 0, 0, 0
18.87, -0, 0, 0, 0
18.883, -0, 0, 0, 0
18.895, -0, 0, 0, 0
18.908, -0, 0, 0, 0
18.92, -0, 0, 0, 0
18.932, -0, 0, 0, 0
18.945, -0, 0, 0, 0
18.957, -0, 0, 0, 0
18.97, -0, 0, 0, 0
18.982, -0, 0, 0, 0
18.994, -0, 0, 0, 0
19.007, -0, 0, 0, 0
19.019, -0, 0, 0, 0
19.031, -0, 0, 0, 0
19.044, -0, 0, 0, 0
19.056, -0, 0, 0, 0
19.068, -0, 0, 0, 0
19.081, -0, 0, 0, 0
19.093, -0, 0, 0, 0
19.105, -0, 0, 0, 0
19.118, -0, 0, 0, 0
19.13, -0, 0, 0, 0
19.142, -0, 0, 0, 0
19.155, -0, 0, 0, 0
19.167, -0, 0, 0, 0
19.179, -0, 0, 0, 0
19.193, -0, 0, 0, 0
19.205, -0, 0, 0, 0
19.218, -0, 0, 0, 0
19.23, -0, 0, 0, 0
19.243, -0, 0, 0, 0
19.255, -0, 0, 0, 0
19.267, -0, 0, 0, 0
19.28, -0, 0, 0, 0
19.292, -0, 0, 0, 0
19.304, -0, 0, 0, 0
19.317, -0, 0, 0, 0
19.329, -0, 0, 0, 0
19.341, -0, 0, 0, 0
19.354, -0, 0, 0, 0
19.366, -0, 0, 0, 0
19.378, -0, 0, 0, 0
19.391, -0, 0, 0, 0
19.403, -0, 0, 0, 0
19.415, -0, 0, 0, 0
19.428, -0, 0, 0, 0
19.44, -0, 0, 0, 0
19.452, -0, 0, 0, 0
19.465, -0, 0, 0, 0
19.477, -0, 0, 0, 0
19.489, -0, 0, 0, 0
19.502, -0, 0, 0, 0
19.514, -0, 0, 0, 0
19.526, -0, 0, 0, 0
19.539, -0, 0, 0, 0
19.551, -0, 0, 0, 0
19.563, -0, 0, 0, 0
19.576, -0, 0, 0, 0
19.588, -0, 0, 0, 0
19.6, -0, 0, 0, 0
19.613, -0, 0, 0, 0
19.625, -0, 0, 0, 0
19.637, -0, 0, 0, 0
19.65, -0, 0, 0, 0
19.662, -0, 0, 0, 0
19.674, -0, 0, 0, 0
19.687, -0, 0, 0, 0
19.699, -0, 0, 0, 0
19.711, -0, 0, 0, 0
19.724, -0, 0, 0, 0
19.736, -0, 0, 0, 0
19.748, -0, 0, 0, 0
19.761, -0, 0, 0, 0
19.773, -0, 0, 0, 0
19.785, -0, 0, 0, 0
19.798, -0, 0, 0, 0
19.81, -0, 0, 0, 0
19.822, -0, 0, 0, 0
19.835, -0, 0, 0, 0
19.847, -0, 0, 0, 0
19.866, -0, 0, 0, 0
19.879, -0, 0, 0, 0
19.891, -0, 0, 0, 0
19.904, -0, 0, 0, 0
19.916, -0, 0, 0, 0
19.929, -0, 0, 0, 0
19.941, -0, 0, 0, 0
19.953, -0, 0, 0, 0
19.966, -0, 0, 0, 0
19.978, -0, 0, 0, 0
19.991, -0, 0, 0, 0
20.003, -0, 0, 0, 0
20.015, -0, 0, 0, 0
20.028, -0, 0, 0, 0
20.04, -0, 0, 0, 0
20.052, -0, 0, 0, 0
20.065, -0, 0, 0, 0
20.077, -0, 0, 0, 0
20.089, -0, 0, 0, 0
20.102, -0, 0, 0, 0
20.114, -0, 0, 0, 0
20.126, -0, 0, 0, 0
20.139, -0, 0, 0, 0
20.151, -0, 0, 0, 0
20.163, -0, 0, 0, 0
20.176, -0, 0, 0, 0
20.188, -0, 0, 0, 0
20.2, -0, 0, 0, 0
20.213, -0, 0, 0, 0
20.225, -0, 0, 0, 0
20.237, -0, 0, 0, 0
20.25, -0, 0, 0, 0
20.262, -0, 0, 0, 0
20.274, -0, 0, 0, 0
20.287, -0, 0, 0, 0
20.299, -0, 0, 0, 0
20.311, -0, 0, 0, 0
20.324, -0, 0, 0, 0
20.336, -0, 0, 0, 0
20.348, -0, 0, 0, 0
20.361, -0, 0, 0, 0
20.373, -0, 0, 0, 0
20.386, -0, 0, 0, 0
20.398, -0, 0, 0, 0
20.41, -0, 0, 0, 0
20.423, -0, 0, 0, 0
20.435, -0, 0, 0, 0
20.447, -0, 0, 0, 0
20.46, -0, 0, 0, 0
20.472, -0, 0, 0, 0
20.484, -0, 0, 0, 0
20.497, -0, 0, 0, 0
20.509, -0, 0, 0, 0
20.522, -0, 0, 0, 0
20.534, -0, 0, 0, 0
20.546, -0, 0, 0, 0
20.559, -0, 0, 0, 0
20.571, -0, 0, 0, 0
20.583, -0, 0, 0, 0
20.596, -0, 0, 0, 0
20.608, -0, 0, 0, 0
20.62, -0, 0, 0, 0
20.633, -0, 0, 0, 0
20.645, -0, 0, 0, 0
20.658, -0, 0, 0, 0
20.67, -0, 0, 0, 0
20.682, -0, 0, 0, 0
20.695, -0, 0, 0, 0
20.707, -0, 0, 0, 0
20.719, -0, 0, 0, 0
20.732, -0, 0, 0, 0
20.744, -0, 0, 0, 0
20.756, -0, 0, 0, 0
20.769, -0, 0, 0, 0
20.781, -0, 0, 0, 0
20.794, -0, 0, 0, 0
20.806, -0, 0, 0, 0
20.818, -0, 0, 0, 0
20.831, -0, 0, 0, 0
20.843, -0, 0, 0, 0
20.856, -0, 0, 0, 0
20.868, -0, 0, 0, 0
20.88, -0, 0, 0, 0
20.892, -0, 0, 0, 0
20.905, -0, 0, 0, 0
20.917, -0, 0, 0, 0
20.93, -0, 0, 0, 0
20.942, -0, 0, 0, 0
20.954, -0, 0, 0, 0
20.967, -0, 0, 0, 0
20.979, -0, 0, 0, 0
20.991, -0, 0, 0, 0
21.004, -0, 0, 0, 0
21.016, -0, 0, 0, 0
21.028, -0, 0, 0, 0
21.041, -0, 0, 0, 0
21.053, -0, 0, 0, 0
21.066, -0, 0, 0, 0
21.078, -0, 0, 0, 0
21.09, -0, 0, 0, 0
21.103, -0, 0, 0, 0
21.115, -0, 0, 0, 0
21.127, -0, 0, 0, 0
21.14, -0, 0, 0, 0
21.152, -0, 0, 0, 0
21.164, -0, 0, 0, 0
21.177, -0, 0, 0, 0
21.189, -0, 0, 0, 0
21.201, -0, 0, 0, 0
21.214, -0, 0, 0, 0
21.226, -0, 0, 0, 0
21.238, -0, 0, 0, 0
21.251, -0, 0, 0, 0
21.263, -0, 0, 0, 0
21.275, -0, 0, 0, 0
21.288, -0, 0, 0, 0
21.3, -0, 0, 0, 0
21.312, -0, 0, 0, 0
21.325, -0, 0, 0, 0
21.337, -0, 0, 0, 0
21.35, -0, 0, 0, 0
21.362, -0, 0, 0, 0
21.374, -0, 0, 0, 0
21.387, -0, 0, 0, 0
21.399, -0, 0, 0, 0
21.411, -0, 0, 0, 0
21.424, -0, 0, 0, 0
21.436, -0, 0, 0, 0
21.448, -0, 0, 0, 0
21.461, -0, 0, 0, 0
21.473, -0, 0, 0, 0
21.485, -0, 0, 0, 0
21.498, -0, 0, 0, 0
21.51, -0, 0, 0, 0
21.522, -0, 0, 0, 0
21.535, -0, 0, 0, 0
21.547, -0, 0, 0, 0
21.559, -0, 0, 0, 0
21.572, -0, 0, 0, 0
21.584, -0, 0, 0, 0
21.596, -0, 0, 0, 0
21.608, -0, 0, 0, 0
21.621, -0, 0, 0, 0
21.633, -0, 0, 0, 0
21.645, -0, 0, 0, 0
21.658, -0, 0, 0, 0
21.67, -0, 0, 0, 0
21.682, -0, 0, 0, 0
21.695, -0, 0, 0, 0
21.707, -0, 0, 0, 0
21.719, -0, 0, 0, 0
21.732, -0, 0, 0, 0
21.744, -0, 0, 0, 0
21.756, -0, 0, 0, 0
21.769, -0, 0, 0, 0
21.781, -0, 0, 0, 0
21.793, -0, 0, 0, 0
21.806, -0, 0, 0, 0
21.818, -0, 0, 0, 0
21.83, -0, 0, 0, 0
21.843, -0, 0, 0, 0
21.855, -0, 0, 0, 0
21.867, -0, 0, 0, 0
21.88, -0, 0, 0, 0
21.892, -0, 0, 0, 0
21.904, -0, 0, 0, 0
21.917, -0, 0, 0, 0
21.929, -0, 0, 0, 0
21.941, -0, 0, 0, 0
21.954, -0, 0, 0, 0
21.966, -0, 0, 0, 0
21.978, -0, 0, 0, 0
21.991, -0, 0, 0, 0
22.003, -0, 0, 0, 0
22.015, -0, 0, 0, 0
22.027, -0, 0, 0, 0
22.04, -0, 0, 0, 0
22.052, -0, 0, 0, 0
22.064, -0, 0, 0, 0
22.077, -0, 0, 0, 0
22.089, -0, 0, 0, 0
22.102, -0, 0, 0, 0
22.114, -0, 0, 0, 0
22.126, -0, 0, 0, 0
22.139, -0, 0, 0, 0
22.151, -0, 0, 0, 0
22.163, -0, 0, 0, 0
22.176, -0, 0, 0, 0
22.188, -0, 0, 0, 0
22.2, -0, 0, 0, 0
22.212, -0, 0, 0, 0
22.225, -0, 0, 0, 0
22.237, -0, 0, 0, 0
22.249, -0, 0, 0, 0
22.262, -0, 0, 0, 0
22.274, -0, 0, 0, 0
22.286, -0, 0, 0, 0
22.299, -0, 0, 0, 0
22.311, -0, 0, 0, 0
22.323, -0, 0, 0, 0
22.336, -0, 0, 0, 0
22.348, -0, 0, 0, 0
22.36, -0, 0, 0, 0
22.373, -0, 0, 0, 0
22.385, -0, 0, 0, 0
22.397, -0, 0, 0, 0
22.41, -0, 0, 0, 0
22.422, -0, 0, 0, 0
22.435, -0, 0, 0, 0
22.447, -0, 0, 0, 0
22.459, -0, 0, 0, 0
22.472, -0, 0, 0, 0
22.484, -0, 0, 0, 0
22.496, -0, 0, 0, 0
22.508, -0, 0, 0, 0
22.521, -0, 0, 0, 0
22.533, -0, 0, 0, 0
22.545, -0, 0, 0, 0
22.558, -0, 0, 0, 0
22.57, -0, 0, 0, 0
22.582, -0, 0, 0, 0
22.595, -0, 0, 0, 0
22.607, -0, 0, 0, 0
22.62, -0, 0, 0, 0
22.632, -0, 0, 0, 0
22.644, -0, 0, 0, 0
22.657, -0, 0, 0, 0
22.669, -0, 0, 0, 0
22.681, -0, 0, 0, 0
22.694, -0, 0, 0, 0
22.706, -0, 0, 0, 0
22.718, -0, 0, 0, 0
22.731, -0, 0, 0, 0
22.743, -0, 0, 0, 0
22.755, -0, 0, 0, 0
22.768, -0, 0, 0, 0
22.78, -0, 0, 0, 0
22.792, -0, 0, 0, 0
22.805, -0, 0, 0, 0
22.817, -0, 0, 0, 0
22.829, -0, 0, 0, 0
22.842, -0, 0, 0, 0
22.854, -0, 0, 0, 0
22.867, -0, 0, 0, 0
22.879, -0, 0, 0, 0
22.891, -0, 0, 0, 0
22.904, -0, 0, 0, 0
22.916, -0, 0, 0, 0
22.928, -0, 0, 0, 0
22.941, -0, 0, 0, 0
22.953, -0, 0, 0, 0
22.965, -0, 0, 0, 0
22.978, -0, 0, 0, 0
22.99, -0, 0, 0, 0
23.002, -0, 0, 0, 0
23.015, -0, 0, 0, 0
23.027, -0, 0, 0, 0
23.038, -0, 0, 0, 0
23.051, -0, 0, 0, 0
23.063, -0, 0, 0, 0
23.076, -0, 0, 0, 0
23.088, -0, 0, 0, 0
23.1, -0, 0, 0, 0
23.112, -0, 0, 0, 0
23.125, -0, 0, 0, 0
23.137, -0, 0, 0, 0
23.15, -0, 0, 0, 0
23.162, -0, 0, 0, 0
23.174, -0, 0, 0, 0
23.187, -0, 0, 0, 0
23.199, -0, 0, 0, 0
23.211, -0, 0, 0, 0
23.224, -0, 0, 0, 0
23.236, -0, 0, 0, 0
23.248, -0, 0, 0, 0
23.261, -0, 0, 0, 0
23.273, -0, 0, 0, 0
23.286, -0, 0, 0, 0
23.298, -0, 0, 0, 0
23.31, -0, 0, 0, 0
23.323, -0, 0, 0, 0
23.335, -0, 0, 0, 0
23.347, -0, 0, 0, 0
23.36, -0, 0, 0, 0
23.372, -0, 0, 0, 0
23.384, -0, 0, 0, 0
23.397, -0, 0, 0, 0
23.409, -0, 0, 0, 0
23.421, -0, 0, 0, 0
23.434, -0, 0, 0, 0
23.446, -0, 0, 0, 0
23.458, -0, 0, 0, 0
23.471, -0, 0, 0, 0
23.483, -0, 0, 0, 0
23.495, -0, 0, 0, 0
23.508, -0, 0, 0, 0
23.52, -0, 0, 0, 0
23.531, -0, 0, 0, 0
23.544, -0, 0, 0, 0
23.556, -0, 0, 0, 0
23.568, -0, 0, 0, 0
23.581, -0, 0, 0, 0
23.593, -0, 0, 0, 0
23.605, -0, 0, 0, 0
23.618, -0, 0, 0, 0
23.63, -0, 0, 0, 0
23.642, -0, 0, 0, 0
23.655, -0, 0, 0, 0
23.667, -0, 0, 0, 0
23.679, -0, 0, 0, 0
23.692, -0, 0, 0, 0
23.704, -0, 0, 0, 0
23.717, -0, 0, 0, 0
23.729, -0, 0, 0, 0
23.741, -0, 0, 0, 0
23.754, -0, 0, 0, 0
23.766, -0, 0, 0, 0
23.778, -0, 0, 0, 0
23.791, -0, 0, 0, 0
23.803, -0, 0, 0, 0
23.815, -0, 0, 0, 0
23.828, -0, 0, 0, 0
23.84, -0, 0, 0, 0
23.852, -0, 0, 0, 0
23.865, -0, 0, 0, 0
23.878, -0, 0, 0, 0
23.89, -0, 0, 0, 0
23.902, -0, 0, 0, 0
23.915, -0, 0, 0, 0
23.927, -0, 0, 0, 0
23.939, -0, 0, 0, 0
23.952, -0, 0, 0, 0
23.964, -0, 0, 0, 0
23.976, -0, 0, 0, 0
23.989, -0, 0, 0, 0
24.001, -0, 0, 0, 0
24.013, -0, 0, 0, 0
24.026, -0, 0, 0, 0
24.038, -0, 0, 0, 0
24.051, -0, 0, 0, 0
24.063, -0, 0, 0, 0
24.075, -0, 0, 0, 0
24.088, -0, 0, 0, 0
24.1, -0, 0, 0, 0
24.112, -0, 0, 0, 0
24.124, -0, 0, 0, 0
24.137, -0, 0, 0, 0
24.149, -0, 0, 0, 0
24.161, -0, 0, 0, 0
24.174, -0, 0, 0, 0
24.186, -0, 0, 0, 0
24.199, -0, 0, 0, 0
24.211, -0, 0, 0, 0
24.223, -0, 0, 0, 0
24.235, -0, 0, 0, 0
24.248, -0, 0, 0, 0
24.26, -0, 0, 0, 0
24.272, -0, 0, 0, 0
24.285, -0, 0, 0, 0
24.297, -0, 0, 0, 0
24.309, -0, 0, 0, 0
24.322, -0, 0, 0, 0
24.334, -0, 0, 0, 0
24.346, -0, 0, 0, 0
24.359, -0, 0, 0, 0
24.371, -0, 0, 0, 0
24.383, -0, 0, 0, 0
24.396, -0, 0, 0, 0
24.408, -0, 0, 0, 0
24.42, -0, 0, 0, 0
24.433, -0, 0, 0, 0
24.445, -0, 0, 0, 0
24.457, -0, 0, 0, 0
24.47, -0, 0, 0, 0
24.482, -0, 0, 0, 0
24.494, -0, 0, 0, 0
24.507, -0, 0, 0, 0
24.519, -0, 0, 0, 0
24.531, -0, 0, 0, 0
24.544, -0, 0, 0, 0
24.556, -0, 0, 0, 0
24.568, -0, 0, 0, 0
24.581, -0, 0, 0, 0
24.593, -0, 0, 0, 0
24.605, -0, 0, 0, 0
24.618, -0, 0, 0, 0
24.63, -0, 0, 0, 0
24.643, -0, 0, 0, 0
24.655, -0, 0, 0, 0
24.667, -0, 0, 0, 0
24.68, -0, 0, 0, 0
24.692, -0, 0, 0, 0
24.704, -0, 0, 0, 0
24.716, -0, 0, 0, 0
24.729, -0, 0, 0, 0
24.741, -0, 0, 0, 0
24.754, -0, 0, 0, 0
24.766, -0, 0, 0, 0
24.778, -0, 0, 0, 0
24.791, -0, 0, 0, 0
24.803, -0, 0, 0, 0
24.815, -0, 0, 0, 0
24.828, -0, 0, 0, 0
24.84, -0, 0, 0, 0
24.852, -0, 0, 0, 0
24.864, -0, 0, 0, 0
24.877, -0, 0, 0, 0
24.889, -0, 0, 0, 0
24.902, -0, 0, 0, 0
24.914, -0, 0, 0, 0
24.926, -0, 0, 0, 0
24.939, -0, 0, 0, 0
24.951, -0, 0, 0, 0
24.963, -0, 0, 0, 0
24.976, -0, 0, 0, 0
24.988, -0, 0, 0, 0
25, -0, 0, 0, 0
25.013, -0, 0, 0, 0
25.025, -0, 0, 0, 0
25.037, -0, 0, 0, 0
25.05, -0, 0, 0, 0
25.062, -0, 0, 0, 0
25.074, -0, 0, 0, 0
25.087, -0, 0, 0, 0
25.099, -0, 0, 0, 0
25.112, -0, 0, 0, 0
25.124, -0, 0, 0, 0
25.136, -0, 0, 0, 0
25.149, -0, 0, 0, 0
25.161, -0, 0, 0, 0
25.173, -0, 0, 0, 0
25.186, -0, 0, 0, 0
25.198, -0, 0, 0, 0
25.21, -0, 0, 0, 0
25.223, -0, 0, 0, 0
25.235, -0, 0, 0, 0
25.247, -0, 0, 0, 0
25.26, -0, 0, 0, 0
25.272, -0, 0, 0, 0
25.284, -0, 0, 0, 0
25.297, -0, 0, 0, 0
25.309, -0, 0, 0, 0
25.321, -0, 0, 0, 0
25.334, -0, 0, 0, 0
25.346, -0, 0, 0, 0
25.358, -0, 0, 0, 0
25.371, -0, 0, 0, 0
25.383, -0, 0, 0, 0
25.395, -0, 0, 0, 0
25.408, -0, 0, 0, 0
25.42, -0, 0, 0, 0
25.432, -0, 0, 0, 0
25.445, -0, 0, 0, 0
25.457, -0, 0, 0, 0
25.469, -0, 0, 0, 0
25.482, -0, 0, 0, 0
25.494, -0, 0, 0, 0
25.506, -0, 0, 0, 0
25.519, -0, 0, 0, 0
25.531, -0, 0, 0, 0
25.543, -0, 0, 0, 0
25.556, -0, 0, 0, 0
25.568, -0, 0, 0, 0
25.58, -0, 0, 0, 0
25.593, -0, 0, 0, 0
25.605, -0, 0, 0, 0
25.617, -0, 0, 0, 0
25.63, -0, 0, 0, 0
25.642, -0, 0, 0, 0
25.655, -0, 0, 0, 0
25.667, -0, 0, 0, 0
25.679, -0, 0, 0, 0
25.691, -0, 0, 0, 0
25.704, -0, 0, 0, 0
25.716, -0, 0, 0, 0
25.728, -0, 0, 0, 0
25.741, -0, 0, 0, 0
25.753, -0, 0, 0, 0
25.766, -0, 0, 0, 0
25.778, -0, 0, 0, 0
25.79, -0, 0, 0, 0
25.803, -0, 0, 0, 0
25.815, -0, 0, 0, 0
25.827, -0, 0, 0, 0
25.84, -0, 0, 0, 0
25.852, -0, 0, 0, 0
25.864, -0, 0, 0, 0
25.877, -0, 0, 0, 0
25.889, -0, 0, 0, 0
25.901, -0, 0, 0, 0
25.914, -0, 0, 0, 0
25.926, -0, 0, 0, 0
25.938, -0, 0, 0, 0
25.951, -0, 0, 0, 0
25.963, -0, 0, 0, 0
25.975, -0, 0, 0, 0
25.988, -0, 0, 0, 0
26, -0, 0, 0, 0
26.012, -0, 0, 0, 0
26.025, -0, 0, 0, 0
26.037, -0, 0, 0, 0
26.049, -0, 0, 0, 0
26.062, -0, 0, 0, 0
26.074, -0, 0, 0, 0
26.086, -0, 0, 0, 0
26.099, -0, 0, 0, 0
26.111, -0, 0, 0, 0
26.123, -0, 0, 0, 0
26.136, -0, 0, 0, 0
26.148, -0, 0, 0, 0
26.16, -0, 0, 0, 0
26.173, -0, 0, 0, 0
26.185, -0, 0, 0, 0
26.197, -0, 0, 0, 0
26.21, -0, 0, 0, 0
26.222, -0, 0, 0, 0
26.234, -0, 0, 0, 0
26.247, -0, 0, 0, 0
26.259, -0, 0, 0, 0
26.271, -0, 0, 0, 0
26.284, -0, 0, 0, 0
26.296, -0, 0, 0, 0
26.308, -0, 0, 0, 0
26.321, -0, 0, 0, 0
26.333, -0, 0, 0, 0
26.345, -0, 0, 0, 0
26.358, -0, 0, 0, 0
26.37, -0, 0, 0, 0
26.383, -0, 0, 0, 0
26.395, -0, 0, 0, 0
26.407, -0, 0, 0, 0
26.42, -0, 0, 0, 0
26.432, -0, 0, 0, 0
26.444, -0, 0, 0, 0
26.457, -0, 0, 0, 0
26.469, -0, 0, 0, 0
26.481, -0, 0, 0, 0
26.494, -0, 0, 0, 0
26.506, -0, 0, 0, 0
26.518, -0, 0, 0, 0
26.531, -0, 0, 0, 0
26.543, -0, 0, 0, 0
26.555, -0, 0, 0, 0
26.568, -0, 0, 0, 0
26.58, -0, 0, 0, 0
26.592, -0, 0, 0, 0
26.605, -0, 0, 0, 0
26.617, -0, 0, 0, 0
26.629, -0, 0, 0, 0
26.641, -0, 0, 0, 0
26.654, -0, 0, 0, 0
26.666, -0, 0, 0, 0
26.678, -0, 0, 0, 0
26.691, -0, 0, 0, 0
26.703, -0, 0, 0, 0
26.715, -0, 0, 0, 0
26.728, -0, 0, 0, 0
26.74, -0, 0, 0, 0
26.752, -0, 0, 0, 0
26.765, -0, 0, 0, 0
26.777, -0, 0, 0, 0
26.789, -0, 0, 0, 0
26.802, -0, 0, 0, 0
26.814, -0, 0, 0, 0
26.826, -0, 0, 0, 0
26.839, -0, 0, 0, 0
26.851, -0, 0, 0, 0
26.863, -0, 0, 0, 0
26.876, -0, 0, 0, 0
26.888, -0, 0, 0, 0
26.9, -0, 0, 0, 0
26.913, -0, 0, 0, 0
26.925, -0, 0, 0, 0
26.937, -0, 0, 0, 0
26.95, -0, 0, 0, 0
26.962, -0, 0, 0, 0
26.974, -0, 0, 0, 0
26.987, -0, 0, 0, 0
26.999, -0, 0, 0, 0
27.011, -0, 0, 0, 0
27.024, -0, 0, 0, 0
27.036, -0, 0, 0, 0
27.048, -0, 0, 0, 0
27.061, -0, 0, 0, 0
27.073, -0, 0, 0, 0
27.085, -0, 0, 0, 0
27.098, -0, 0, 0, 0
27.11, -0, 0, 0, 0
27.123, -0, 0, 0, 0
27.135, -0, 0, 0, 0
27.147, -0, 0, 0, 0
27.159, -0, 0, 0, 0
27.172, -0, 0, 0, 0
27.184, -0, 0, 0, 0
27.196, -0, 0, 0, 0
27.209, -0, 0, 0, 0
27.221, -0, 0, 0, 0
27.233, -0, 0, 0, 0
27.246, -0, 0, 0, 0
27.258, -0, 0, 0, 0
27.27, -0, 0, 0, 0
27.283, -0, 0, 0, 0
27.295, -0, 0, 0, 0
27.307, -0, 0, 0, 0
27.32, -0, 0, 0, 0
27.332, -0, 0, 0, 0
27.344, -0, 0, 0, 0
27.357, -0, 0, 0, 0
27.369, -0, 0, 0, 0
27.382, -0, 0, 0, 0
27.394, -0, 0, 0, 0
27.406, -0, 0, 0, 0
27.419, -0, 0, 0, 0
27.431, -0, 0, 0, 0
27.443, -0, 0, 0, 0
27.456, -0, 0, 0, 0
27.468, -0, 0, 0, 0
27.48, -0, 0, 0, 0
27.493, -0, 0, 0, 0
27.505, -0, 0, 0, 0
27.517, -0, 0, 0, 0
27.529, -0, 0, 0, 0
27.542, -0, 0, 0, 0
27.554, -0, 0, 0, 0
27.566, -0, 0, 0, 0
27.579, -0, 0, 0, 0
27.591, -0, 0, 0, 0
27.603, -0, 0, 0, 0
27.616, -0, 0, 0, 0
27.628, -0, 0, 0, 0
27.64, -0, 0, 0, 0
27.653, -0, 0, 0, 0
27.665, -0, 0, 0, 0
27.678, -0, 0, 0, 0
27.69, -0, 0, 0, 0
27.702, -0, 0, 0, 0
27.715, -0, 0, 0, 0
27.727, -0, 0, 0, 0
27.739, -0, 0, 0, 0
27.752, -0, 0, 0, 0
27.764, -0, 0, 0, 0
27.776, -0, 0, 0, 0
27.789, -0, 0, 0, 0
27.801, -0, 0, 0, 0
27.813, -0, 0, 0, 0
27.826, -0, 0, 0, 0
27.838, -0, 0, 0, 0
27.85, -0, 0, 0, 0
27.863, -0, 0, 0, 0
27.875, -0, 0, 0, 0
27.887, -0, 0, 0, 0
27.9, -0, 0, 0, 0
27.912, -0, 0, 0, 0
27.924, -0, 0, 0, 0
27.937, -0, 0, 0, 0
27.949, -0, 0, 0, 0
27.961, -0, 0, 0, 0
27.974, -0, 0, 0, 0
27.986, -0, 0, 0, 0
27.998, -0, 0, 0, 0
28.011, -0, 0, 0, 0
28.023, -0, 0, 0, 0
28.035, -0, 0, 0, 0
28.048, -0, 0, 0, 0
28.06, -0, 0, 0, 0
28.072, -0, 0, 0, 0
28.084, -0, 0, 0, 0
28.097, -0, 0, 0, 0
28.109, -0, 0, 0, 0
28.121, -0, 0, 0, 0
28.134, -0, 0, 0, 0
28.146, -0, 0, 0, 0
28.158, -0, 0, 0, 0
28.171, -0, 0, 0, 0
28.183, -0, 0, 0, 0
28.195, -0, 0, 0, 0
28.208, -0, 0, 0, 0
28.22, -0, 0, 0, 0
28.232, -0, 0, 0, 0
28.245, -0, 0, 0, 0
28.257, -0, 0, 0, 0
28.27, -0, 0, 0, 0
28.282, -0, 0, 0, 0
28.294, -0, 0, 0, 0
28.307, -0, 0, 0, 0
28.319, -0, 0, 0, 0
28.331, -0, 0, 0, 0
28.344, -0, 0, 0, 0
28.356, -0, 0, 0, 0
28.368, -0, 0, 0, 0
28.381, -0, 0, 0, 0
28.393, -0, 0, 0, 0
28.405, -0, 0, 0, 0
28.418, -0, 0, 0, 0
28.43, -0, 0, 0, 0
28.442, -0, 0, 0, 0
28.455, -0, 0, 0, 0
28.467, -0, 0, 0, 0
28.479, -0, 0, 0, 0
28.492, -0, 0, 0, 0
28.504, -0, 0, 0, 0
28.516, -0, 0, 0, 0
28.529, -0, 0, 0, 0
28.541, -0, 0, 0, 0
28.553, -0, 0, 0, 0
28.566, -0, 0, 0, 0
28.578, -0, 0, 0, 0
28.59, -0, 0, 0, 0
28.603, -0, 0, 0, 0
28.615, -0, 0, 0, 0
28.627, -0, 0, 0, 0
28.64, -0, 0, 0, 0
28.652, -0, 0, 0, 0
28.664, -0, 0, 0, 0
28.677, -0, 0, 0, 0
28.689, -0, 0, 0, 0
28.701, -0, 0, 0, 0
28.714, -0, 0, 0, 0
28.726, -0, 0, 0, 0
28.738, -0, 0, 0, 0
28.751, -0, 0, 0, 0
28.763, -0, 0, 0, 0
28.775, -0, 0, 0, 0
28.788, -0, 0, 0, 0
28.8, -0, 0, 0, 0
28.812, -0, 0, 0, 0
28.825, -0, 0, 0, 0
28.837, -0, 0, 0, 0
28.849, -0, 0, 0, 0
28.862, -0, 0, 0, 0
28.874, -0, 0, 0, 0
28.886, -0, 0, 0, 0
28.899, -0, 0, 0, 0
28.911, -0, 0, 0, 0
28.923, -0, 0, 0, 0
28.936, -0, 0, 0, 0
28.948, -0, 0, 0, 0
28.96, -0, 0, 0, 0
28.973, -0, 0, 0, 0
28.985, -0, 0, 0, 0
28.997, -0, 0, 0, 0
29.01, -0, 0, 0, 0
29.022, -0, 0, 0, 0
29.034, -0, 0, 0, 0
29.047, -0, 0, 0, 0
29.059, -0, 0, 0, 0
29.072, -0, 0, 0, 0
29.084, -0, 0, 0, 0
29.096, -0, 0, 0, 0
29.108, -0, 0, 0, 0
29.121, -0, 0, 0, 0
29.133, -0, 0, 0, 0
29.146, -0, 0, 0, 0
29.158, -0, 0, 0, 0
29.17, -0, 0, 0, 0
29.183, -0, 0, 0, 0
29.195, -0, 0, 0, 0
29.207, -0, 0, 0, 0
29.22, -0, 0, 0, 0
29.232, -0, 0, 0, 0
29.244, -0, 0, 0, 0
29.257, -0, 0, 0, 0
29.269, -0, 0, 0, 0
29.281, -0, 0, 0, 0
29.294, -0, 0, 0, 0
29.306, -0, 0, 0, 0
29.318, -0, 0, 0, 0
29.331, -0, 0, 0, 0
29.343, -0, 0, 0, 0
29.355, -0, 0, 0, 0
29.368, -0, 0, 0, 0
29.38, -0, 0, 0, 0
29.392, -0, 0, 0, 0
29.405, -0, 0, 0, 0
29.417, -0, 0, 0, 0
29.429, -0, 0, 0, 0
29.442, -0, 0, 0, 0
29.454, -0, 0, 0, 0
29.466, -0, 0, 0, 0
29.479, -0, 0, 0, 0
29.491, -0, 0, 0, 0
29.503, -0, 0, 0, 0
29.516, -0, 0, 0, 0
29.528, -0, 0, 0, 0
29.54, -0, 0, 0, 0
29.553, -0, 0, 0, 0
29.565, -0, 0, 0, 0
29.577, -0, 0, 0, 0
29.59, -0, 0, 0, 0
29.602, -0, 0, 0, 0
29.614, -0, 0, 0, 0
29.626, -0, 0, 0, 0
29.639, -0, 0, 0, 0
29.651, -0, 0, 0, 0
29.663, -0, 0, 0, 0
29.676, -0, 0, 0, 0
29.688, -0, 0, 0, 0
29.7, -0, 0, 0, 0
29.713, -0, 0, 0, 0
29.725, -0, 0, 0, 0
29.737, -0, 0, 0, 0
29.75, -0, 0, 0, 0
29.762, -0, 0, 0, 0
29.775, -0, 0, 0, 0
29.787, -0, 0, 0, 0
29.799, -0, 0, 0, 0
29.812, -0, 0, 0, 0
29.824, -0, 0, 0, 0
29.836, -0, 0, 0, 0
29.849, -0, 0, 0, 0
29.861, -0, 0, 0, 0
29.873, -0, 0, 0, 0
29.886, -0, 0, 0, 0
29.898, -0, 0, 0, 0
29.91, -0, 0, 0, 0
29.923, -0, 0, 0, 0
29.935, -0, 0, 0, 0
29.947, -0, 0, 0, 0
29.96, -0, 0, 0, 0
29.972, -0, 0, 0, 0
29.984, -0, 0, 0, 0
29.997, -0, 0, 0, 0
30.009, -0, 0, 0, 0
30.021, -0, 0, 0, 0
30.034, -0, 0, 0, 0
30.046, -0, 0, 0, 0
30.058, -0, 0, 0, 0
30.071, -0, 0, 0, 0
30.083, -0, 0, 0, 0
30.095, -0, 0, 0, 0
30.108, -0, 0, 0, 0
30.12, -0, 0, 0, 0
30.132, -0, 0, 0, 0
30.145, -0, 0, 0, 0
30.157, -0, 0, 0, 0
30.169, -0, 0, 0, 0
30.182, -0, 0, 0, 0
30.194, -0, 0, 0, 0
30.206, -0, 0, 0, 0
30.219, -0, 0, 0, 0
30.231, -0, 0, 0, 0
30.243, -0, 0, 0, 0
30.256, -0, 0, 0, 0
30.268, -0, 0, 0, 0
30.28, -0, 0, 0, 0
30.293, -0, 0, 0, 0
30.305, -0, 0, 0, 0
30.317, -0, 0, 0, 0
30.33, -0, 0, 0, 0
30.342, -0, 0, 0, 0
30.354, -0, 0, 0, 0
30.367, -0, 0, 0, 0
30.379, -0, 0, 0, 0
30.391, -0, 0, 0, 0
30.404, -0, 0, 0, 0
30.416, -0, 0, 0, 0
30.428, -0, 0, 0, 0
30.441, -0, 0, 0, 0
30.453, -0, 0, 0, 0
30.465, -0, 0, 0, 0
30.478, -0, 0, 0, 0
30.49, -0, 0, 0, 0
30.503, -0, 0, 0, 0
30.515, -0, 0, 0, 0
30.527, -0, 0, 0, 0
30.539, -0, 0, 0, 0
30.552, -0, 0, 0, 0
30.564, -0, 0, 0, 0
30.577, -0, 0, 0, 0
30.589, -0, 0, 0, 0
30.601, -0, 0, 0, 0
30.614, -0, 0, 0, 0
30.626, -0, 0, 0, 0
30.638, -0, 0, 0, 0
30.651, -0, 0, 0, 0
30.663, -0, 0, 0, 0
30.675, -0, 0, 0, 0
30.688, -0, 0, 0, 0
30.7, -0, 0, 0, 0
30.712, -0, 0, 0, 0
30.725, -0, 0, 0, 0
30.737, -0, 0, 0, 0
30.749, -0, 0, 0, 0
30.762, -0, 0, 0, 0
30.774, -0, 0, 0, 0
30.787, -0, 0, 0, 0
30.799, -0, 0, 0, 0
30.811, -0, 0, 0, 0
30.824, -0, 0, 0, 0
30.836, -0, 0, 0, 0
30.848, -0, 0, 0, 0
30.861, -0, 0, 0, 0
30.873, -0, 0, 0, 0
30.885, -0, 0, 0, 0
30.898, -0, 0, 0, 0
30.91, -0, 0, 0, 0
30.923, -0, 0, 0, 0
30.935, -0, 0, 0, 0
30.947, -0, 0, 0, 0
30.96, -0, 0, 0, 0
30.972, -0, 0, 0, 0
30.984, -0, 0, 0, 0
30.996, -0, 0, 0, 0
31.009, -0, 0, 0, 0
31.021, -0, 0, 0, 0
31.033, -0, 0, 0, 0
31.046, -0, 0, 0, 0
31.058, -0, 0, 0, 0
31.07, -0, 0, 0, 0
31.083, -0, 0, 0, 0
31.095, -0, 0, 0, 0
31.107, -0, 0, 0, 0
31.12, -0, 0, 0, 0
31.132, -0, 0, 0, 0
31.144, -0, 0, 0, 0
31.157, -0, 0, 0, 0
31.169, -0, 0, 0, 0
31.181, -0, 0, 0, 0
31.194, -0, 0, 0, 0
31.206, -0, 0, 0, 0
31.218, -0, 0, 0, 0
31.231, -0, 0, 0, 0
31.243, -0, 0, 0, 0
31.255, -0, 0, 0, 0
31.268, -0, 0, 0, 0
31.28, -0, 0, 0, 0
31.292, -0, 0, 0, 0
31.305, -0, 0, 0, 0
31.317, -0, 0, 0, 0
31.329, -0, 0, 0, 0
31.342, -0, 0, 0, 0
31.354, -0, 0, 0, 0
31.367, -0, 0, 0, 0
31.379, -0, 0, 0, 0
31.391, -0, 0, 0, 0
31.404, -0, 0, 0, 0
31.416, -0, 0, 0, 0
31.428, -0, 0, 0, 0
31.441, -0, 0, 0, 0
31.453, -0, 0, 0, 0
31.465, -0, 0, 0, 0
31.478, -0, 0, 0, 0
31.49, -0, 0, 0, 0
31.502, -0, 0, 0, 0
31.515, -0, 0, 0, 0
31.527, -0, 0, 0, 0
31.539, -0, 0, 0, 0
31.552, -0, 0, 0, 0
31.564, -0, 0, 0, 0
31.576, -0, 0, 0, 0
31.589, -0, 0, 0, 0
31.601, -0, 0, 0, 0
31.613, -0, 0, 0, 0
31.626, -0, 0, 0, 0
31.638, -0, 0, 0, 0
31.65, -0, 0, 0, 0
31.663, -0, 0, 0, 0
31.675, -0, 0, 0, 0
31.687, -0, 0, 0, 0
31.7, -0, 0, 0, 0
31.712, -0, 0, 0, 0
31.724, -0, 0, 0, 0
31.737, -0, 0, 0, 0
31.749, -0, 0, 0, 0
31.761, -0, 0, 0, 0
31.774, -0, 0, 0, 0
31.786, -0, 0, 0, 0
31.798, -0, 0, 0, 0
31.811, -0, 0, 0, 0
31.823, -0, 0, 0, 0
31.836, -0, 0, 0, 0
31.848, -0, 0, 0, 0
31.86, -0, 0, 0, 0
31.872, -0, 0, 0, 0
31.885, -0, 0, 0, 0
31.897, -0, 0, 0, 0
31.909, -0, 0, 0, 0
31.922, -0, 0, 0, 0
31.934, -0, 0, 0, 0
31.947, -0, 0, 0, 0
31.959, -0, 0, 0, 0
31.971, -0, 0, 0, 0
31.983, -0, 0, 0, 0
31.996, -0, 0, 0, 0
32.008, -0, 0, 0, 0
32.02, -0, 0, 0, 0
32.033, -0, 0, 0, 0
32.045, -0, 0, 0, 0
32.058, -0, 0, 0, 0
32.07, -0, 0, 0, 0
32.082, -0, 0, 0, 0
32.095, -0, 0, 0, 0
32.107, -0, 0, 0, 0
32.119, -0, 0, 0, 0
32.132, -0, 0, 0, 0
32.144, -0, 0, 0, 0
32.156, -0, 0, 0, 0
32.169, -0, 0, 0, 0
32.181, -0, 0, 0, 0
32.193, -0, 0, 0, 0
32.206, -0, 0, 0, 0
32.218, -0, 0, 0, 0
32.23, -0, 0, 0, 0
32.243, -0, 0, 0, 0
32.255, -0, 0, 0, 0
32.267, -0, 0, 0, 0
32.28, -0, 0, 0, 0
32.292, -0, 0, 0, 0
32.304, -0, 0, 0, 0
32.317, -0, 0, 0, 0
32.329, -0, 0, 0, 0
32.341, -0, 0, 0, 0
32.354, -0, 0, 0, 0
32.366, -0, 0, 0, 0
32.378, -0, 0, 0, 0
32.391, -0, 0, 0, 0
32.403, -0, 0, 0, 0
32.415, -0, 0, 0, 0
32.428, -0, 0, 0, 0
32.44, -0, 0, 0, 0
32.453, -0, 0, 0, 0
32.465, -0, 0, 0, 0
32.477, -0, 0, 0, 0
32.49, -0, 0, 0, 0
32.502, -0, 0, 0, 0
32.514, -0, 0, 0, 0
32.527, -0, 0, 0, 0
32.539, -0, 0, 0, 0
32.551, -0, 0, 0, 0
32.564, -0, 0, 0, 0
32.576, -0, 0, 0, 0
32.588, -0, 0, 0, 0
32.601, -0, 0, 0, 0
32.613, -0, 0, 0, 0
32.625, -0, 0, 0, 0
32.638, -0, 0, 0, 0
32.65, -0, 0, 0, 0
32.662, -0, 0, 0, 0
32.675, -0, 0, 0, 0
32.687, -0, 0, 0, 0
32.699, -0, 0, 0, 0
32.712, -0, 0, 0, 0
32.724, -0, 0, 0, 0
32.736, -0, 0, 0, 0
32.749, -0, 0, 0, 0
32.761, -0, 0, 0, 0
32.773, -0, 0, 0, 0
32.786, -0, 0, 0, 0
32.798, -0, 0, 0, 0
32.81, -0, 0, 0, 0
32.823, -0, 0, 0, 0
32.835, -0, 0, 0, 0
32.847, -0, 0, 0, 0
32.86, -0, 0, 0, 0
32.872, -0, 0, 0, 0
32.884, -0, 0, 0, 0
32.897, -0, 0, 0, 0
32.909, -0, 0, 0, 0
32.921, -0, 0, 0, 0
32.934, -0, 0, 0, 0
32.946, -0, 0, 0, 0
32.958, -0, 0, 0, 0
32.971, -0, 0, 0, 0
32.983, -0, 0, 0, 0
32.996, -0, 0, 0, 0
33.008, -0, 0, 0, 0
33.02, -0, 0, 0, 0
33.033, -0, 0, 0, 0
33.045, -0, 0, 0, 0
33.057, -0, 0, 0, 0
33.07, -0, 0, 0, 0
33.082, -0, 0, 0, 0
33.094, -0, 0, 0, 0
33.107, -0, 0, 0, 0
33.119, -0, 0, 0, 0
33.131, -0, 0, 0, 0
33.144, -0, 0, 0, 0
33.156, -0, 0, 0, 0
33.168, -0, 0, 0, 0
33.181, -0, 0, 0, 0
33.193, -0, 0, 0, 0
33.205, -0, 0, 0, 0
33.218, -0, 0, 0, 0
33.23, -0, 0, 0, 0
33.243, -0, 0, 0, 0
33.255, -0, 0, 0, 0
33.267, -0, 0, 0, 0
33.279, -0, 0, 0, 0
33.292, -0, 0, 0, 0
33.304, -0, 0, 0, 0
33.316, -0, 0, 0, 0
33.329, -0, 0, 0, 0
33.341, -0, 0, 0, 0
33.353, -0, 0, 0, 0
33.366, -0, 0, 0, 0
33.378, -0, 0, 0, 0
33.39, -0, 0, 0, 0
33.403, -0, 0, 0, 0
33.415, -0, 0, 0, 0
33.428, -0, 0, 0, 0
33.44, -0, 0, 0, 0
33.452, -0, 0, 0, 0
33.465, -0, 0, 0, 0
33.477, -0, 0, 0, 0
33.489, -0, 0, 0, 0
33.502, -0, 0, 0, 0
33.514, -0, 0, 0, 0
33.526, -0, 0, 0, 0
33.539, -0, 0, 0, 0
33.551, -0, 0, 0, 0
33.563, -0, 0, 0, 0
33.576, -0, 0, 0, 0
33.588, -0, 0, 0, 0
33.6, -0, 0, 0, 0
33.612, -0, 0, 0, 0
33.624, -0, 0, 0, 0
33.637, -0, 0, 0, 0
33.649, -0, 0, 0, 0
33.662, -0, 0, 0, 0
33.674, -0, 0, 0, 0
33.686, -0, 0, 0, 0
33.699, -0, 0, 0, 0
33.711, -0, 0, 0, 0
33.723, -0, 0, 0, 0
33.736, -0, 0, 0, 0
33.748, -0, 0, 0, 0
33.76, -0, 0, 0, 0
33.773, -0, 0, 0, 0
33.785, -0, 0, 0, 0
33.797, -0, 0, 0, 0
33.81, -0, 0, 0, 0
33.822, -0, 0, 0, 0
33.835, -0, 0, 0, 0
33.847, -0, 0, 0, 0
33.859, -0, 0, 0, 0
33.872, -0, 0, 0, 0
33.884, -0, 0, 0, 0
33.896, -0, 0, 0, 0
33.909, -0, 0, 0, 0
33.921, -0, 0, 0, 0
33.933, -0, 0, 0, 0
33.946, -0, 0, 0, 0
33.958, -0, 0, 0, 0
33.971, -0, 0, 0, 0
33.983, -0, 0, 0, 0
33.995, -0, 0, 0, 0
34.008, -0, 0, 0, 0
34.02, -0, 0, 0, 0
34.032, -0, 0, 0, 0
34.045, -0, 0, 0, 0
34.057, -0, 0, 0, 0
34.069, -0, 0, 0, 0
34.082, -0, 0, 0, 0
34.094, -0, 0, 0, 0
34.106, -0, 0, 0, 0
34.119, -0, 0, 0, 0
34.131, -0, 0, 0, 0
34.143, -0, 0, 0, 0
34.156, -0, 0, 0, 0
34.168, -0, 0, 0, 0
34.18, -0, 0, 0, 0
34.193, -0, 0, 0, 0
34.205, -0, 0, 0, 0
34.217, -0, 0, 0, 0
34.23, -0, 0, 0, 0
34.242, -0, 0, 0, 0
34.255, -0, 0, 0, 0
34.267, -0, 0, 0, 0
34.279, -0, 0, 0, 0
34.292, -0, 0, 0, 0
34.304, -0, 0, 0, 0
34.316, -0, 0, 0, 0
34.329, -0, 0, 0, 0
34.341, -0, 0, 0, 0
34.353, -0, 0, 0, 0
34.366, -0, 0, 0, 0
34.378, -0, 0, 0, 0
34.39, -0, 0, 0, 0
34.403, -0, 0, 0, 0
34.415, -0, 0, 0, 0
34.427, -0, 0, 0, 0
34.44, -0, 0, 0, 0
34.452, -0, 0, 0, 0
34.464, -0, 0, 0, 0
34.477, -0, 0, 0, 0
34.489, -0, 0, 0, 0
34.501, -0, 0, 0, 0
34.514, -0, 0, 0, 0
34.526, -0, 0, 0, 0
34.538, -0, 0, 0, 0
34.551, -0, 0, 0, 0
34.563, -0, 0, 0, 0
34.575, -0, 0, 0, 0
34.588, -0, 0, 0, 0
34.6, -0, 0, 0, 0
34.612, -0, 0, 0, 0
34.625, -0, 0, 0, 0
34.637, -0, 0, 0, 0
34.649, -0, 0, 0, 0
34.662, -0, 0, 0, 0
34.674, -0, 0, 0, 0
34.686, -0, 0, 0, 0
34.698, -0, 0, 0, 0
34.711, -0, 0, 0, 0
34.723, -0, 0, 0, 0
34.735, -0, 0, 0, 0
34.748, -0, 0, 0, 0
34.76, -0, 0, 0, 0
34.772, -0, 0, 0, 0
34.785, -0, 0, 0, 0
34.797, -0, 0, 0, 0
34.81, -0, 0, 0, 0
34.822, -0, 0, 0, 0
34.834, -0, 0, 0, 0
34.847, -0, 0, 0, 0
34.859, -0, 0, 0, 0
34.871, -0, 0, 0, 0
34.884, -0, 0, 0, 0
34.896, -0, 0, 0, 0
34.908, -0, 0, 0, 0
34.921, -0, 0, 0, 0
34.933, -0, 0, 0, 0
34.945, -0, 0, 0, 0
34.958, -0, 0, 0, 0
34.97, -0, 0, 0, 0
34.982, -0, 0, 0, 0
34.995, -0, 0, 0, 0
35.007, -0, 0, 0, 0
35.019, -0, 0, 0, 0
35.032, -0, 0, 0, 0
35.044, -0, 0, 0, 0
35.057, -0, 0, 0, 0
35.069, -0, 0, 0, 0
35.081, -0, 0, 0, 0
35.094, -0, 0, 0, 0
35.106, -0, 0, 0, 0
35.118, -0, 0, 0, 0
35.131, -0, 0, 0, 0
35.143, -0, 0, 0, 0
35.155, -0, 0, 0, 0
35.168, -0, 0, 0, 0
35.18, -0, 0, 0, 0
35.192, -0, 0, 0, 0
35.205, -0, 0, 0, 0
35.217, -0, 0, 0, 0
35.23, -0, 0, 0, 0
35.242, -0, 0, 0, 0
35.254, -0, 0, 0, 0
35.267, -0, 0, 0, 0
35.279, -0, 0, 0, 0
35.291, -0, 0, 0, 0
35.304, -0, 0, 0, 0
35.316, -0, 0, 0, 0
35.328, -0, 0, 0, 0
35.341, -0, 0, 0, 0
35.353, -0, 0, 0, 0
35.365, -0, 0, 0, 0
35.378, -0, 0, 0, 0
35.39, -0, 0, 0, 0
35.403, -0, 0, 0, 0
35.415, -0, 0, 0, 0
35.427, -0, 0, 0, 0
35.44, -0, 0, 0, 0
35.452, -0, 0, 0, 0
35.464, -0, 0, 0, 0
35.477, -0, 0, 0, 0
35.489, -0, 0, 0, 0
35.501, -0, 0, 0, 0
35.514, -0, 0, 0, 0
35.526, -0, 0, 0, 0
35.538, -0, 0, 0, 0
35.551, -0, 0, 0, 0
35.563, -0, 0, 0, 0
35.575, -0, 0, 0, 0
35.588, -0, 0, 0, 0
35.6, -0, 0, 0, 0
35.612, -0, 0, 0, 0
35.625, -0, 0, 0, 0
35.637, -0, 0, 0, 0
35.649, -0, 0, 0, 0
35.662, -0, 0, 0, 0
35.674, -0, 0, 0, 0
35.687, -0, 0, 0, 0
35.699, -0, 0, 0, 0
35.711, -0, 0, 0, 0
35.724, -0, 0, 0, 0
35.736, -0, 0, 0, 0
35.748, -0, 0, 0, 0
35.761, -0, 0, 0, 0
35.773, -0, 0, 0, 0
35.785, -0, 0, 0, 0
35.798, -0, 0, 0, 0
35.81, -0, 0, 0, 0
35.822, -0, 0, 0, 0
35.835, -0, 0, 0, 0
35.847, -0, 0, 0, 0
35.859, -0, 0, 0, 0
35.872, -0, 0, 0, 0
35.884, -0, 0, 0, 0
35.896, -0, 0, 0, 0
35.909, -0, 0, 0, 0
35.921, -0, 0, 0, 0
35.933, -0, 0, 0, 0
35.946, -0, 0, 0, 0
35.958, -0, 0, 0, 0
35.97, -0, 0, 0, 0
35.983, -0, 0, 0, 0
35.995, -0, 0, 0, 0
36.007, -0, 0, 0, 0
36.02, -0, 0, 0, 0
36.032, -0, 0, 0, 0
36.044, -0, 0, 0, 0
36.057, -0, 0, 0, 0
36.069, -0, 0, 0, 0
36.082, -0, 0, 0, 0
36.094, -0, 0, 0, 0
36.106, -0, 0, 0, 0
36.119, -0, 0, 0, 0
36.131, -0, 0, 0, 0
36.143, -0, 0, 0, 0
36.155, -0, 0, 0, 0
36.168, -0, 0, 0, 0
36.18, -0, 0, 0, 0
36.192, -0, 0, 0, 0
36.205, -0, 0, 0, 0
36.217, -0, 0, 0, 0
36.229, -0, 0, 0, 0
36.242, -0, 0, 0, 0
36.254, -0, 0, 0, 0
36.266, -0, 0, 0, 0
36.279, -0, 0, 0, 0
36.291, -0, 0, 0, 0
36.303, -0, 0, 0, 0
36.316, -0, 0, 0, 0
36.328, -0, 0, 0, 0
36.34, -0, 0, 0, 0
36.353, -0, 0, 0, 0
36.365, -0, 0, 0, 0
36.377, -0, 0, 0, 0
36.39, -0, 0, 0, 0
36.402, -0, 0, 0, 0
36.415, -0, 0, 0, 0
36.427, -0, 0, 0, 0
36.439, -0, 0, 0, 0
36.452, -0, 0, 0, 0
36.464, -0, 0, 0, 0
36.476, -0, 0, 0, 0
36.488, -0, 0, 0, 0
36.501, -0, 0, 0, 0
36.513, -0, 0, 0, 0
36.526, -0, 0, 0, 0
36.538, -0, 0, 0, 0
36.55, -0, 0, 0, 0
36.563, -0, 0, 0, 0
36.575, -0, 0, 0, 0
36.587, -0, 0, 0, 0
36.6, -0, 0, 0, 0
36.612, -0, 0, 0, 0
36.624, -0, 0, 0, 0
36.637, -0, 0, 0, 0
36.649, -0, 0, 0, 0
36.662, -0, 0, 0, 0
36.674, -0, 0, 0, 0
36.686, -0, 0, 0, 0
36.699, -0, 0, 0, 0
36.711, -0, 0, 0, 0
36.723, -0, 0, 0, 0
36.736, -0, 0, 0, 0
36.748, -0, 0, 0, 0
36.76, -0, 0, 0, 0
36.773, -0, 0, 0, 0
36.785, -0, 0, 0, 0
36.797, -0, 0, 0, 0
36.81, -0, 0, 0, 0
36.822, -0, 0, 0, 0
36.834, -0, 0, 0, 0
36.847, -0, 0, 0, 0
36.859, -0, 0, 0, 0
36.871, -0, 0, 0, 0
36.884, -0, 0, 0, 0
36.896, -0, 0, 0, 0
36.908, -0, 0, 0, 0
36.921, -0, 0, 0, 0
36.933, -0, 0, 0, 0
36.945, -0, 0, 0, 0
36.958, -0, 0, 0, 0
36.97, -0, 0, 0, 0
36.983, -0, 0, 0, 0
36.995, -0, 0, 0, 0
37.007, -0, 0, 0, 0
37.02, -0, 0, 0, 0
37.032, -0, 0, 0, 0
37.044, -0, 0, 0, 0
37.057, -0, 0, 0, 0
37.069, -0, 0, 0, 0
37.081, -0, 0, 0, 0
37.094, -0, 0, 0, 0
37.106, -0, 0, 0, 0
37.118, -0, 0, 0, 0
37.131, -0, 0, 0, 0
37.143, -0, 0, 0, 0
37.155, -0, 0, 0, 0
37.168, -0, 0, 0, 0
37.18, -0, 0, 0, 0
37.192, -0, 0, 0, 0
37.205, -0, 0, 0, 0
37.217, -0, 0, 0, 0
37.229, -0, 0, 0, 0
37.242, -0, 0, 0, 0
37.254, -0, 0, 0, 0
37.266, -0, 0, 0, 0
37.279, -0, 0, 0, 0
37.291, -0, 0, 0, 0
37.303, -0, 0, 0, 0
37.316, -0, 0, 0, 0
37.328, -0, 0, 0, 0
37.34, -0, 0, 0, 0
37.353, -0, 0, 0, 0
37.365, -0, 0, 0, 0
37.378, -0, 0, 0, 0
37.39, -0, 0, 0, 0
37.402, -0, 0, 0, 0
37.415, -0, 0, 0, 0
37.427, -0, 0, 0, 0
37.439, -0, 0, 0, 0
37.452, -0, 0, 0, 0
37.464, -0, 0, 0, 0
37.476, -0, 0, 0, 0
37.489, -0, 0, 0, 0
37.501, -0, 0, 0, 0
37.513, -0, 0, 0, 0
37.526, -0, 0, 0, 0
37.538, -0, 0, 0, 0
37.55, -0, 0, 0, 0
37.563, -0, 0, 0, 0
37.575, -0, 0, 0, 0
37.587, -0, 0, 0, 0
37.6, -0, 0, 0, 0
37.612, -0, 0, 0, 0
37.624, -0, 0, 0, 0
37.637, -0, 0, 0, 0
37.649, -0, 0, 0, 0
37.662, -0, 0, 0, 0
37.674, -0, 0, 0, 0
37.686, -0, 0, 0, 0
37.699, -0, 0, 0, 0
37.711, -0, 0, 0, 0
37.723, -0, 0, 0, 0
37.736, -0, 0, 0, 0
37.748, -0, 0, 0, 0
37.76, -0, 0, 0, 0
37.773, -0, 0, 0, 0
37.785, -0, 0, 0, 0
37.797, -0, 0, 0, 0
37.81, -0, 0, 0, 0
37.822, -0, 0, 0, 0
37.834, -0, 0, 0, 0
37.847, -0, 0, 0, 0
37.859, -0, 0, 0, 0
37.871, -0, 0, 0, 0
37.884, -0, 0, 0, 0
37.896, -0, 0, 0, 0
37.908, -0, 0, 0, 0
37.921, -0, 0, 0, 0
37.933, -0, 0, 0, 0
37.945, -0, 0, 0, 0
37.958, -0, 0, 0, 0
37.97, -0, 0, 0, 0
37.982, -0, 0, 0, 0
37.995, -0, 0, 0, 0
38.007, -0, 0, 0, 0
38.019, -0, 0, 0, 0
38.031, -0, 0, 0, 0
38.044, -0, 0, 0, 0
38.056, -0, 0, 0, 0
38.068, -0, 0, 0, 0
38.081, -0, 0, 0, 0
38.093, -0, 0, 0, 0
38.105, -0, 0, 0, 0
38.118, -0, 0, 0, 0
38.13, -0, 0, 0, 0
38.142, -0, 0, 0, 0
38.155, -0, 0, 0, 0
38.167, -0, 0, 0, 0
38.179, -0, 0, 0, 0
38.192, -0, 0, 0, 0
38.204, -0, 0, 0, 0
38.216, -0, 0, 0, 0
38.229, -0, 0, 0, 0
38.241, -0, 0, 0, 0
38.253, -0, 0, 0, 0
38.266, -0, 0, 0, 0
38.278, -0, 0, 0, 0
38.29, -0, 0, 0, 0
38.303, -0, 0, 0, 0
38.315, -0, 0, 0, 0
38.327, -0, 0, 0, 0
38.34, -0, 0, 0, 0
38.352, -0, 0, 0, 0
38.364, -0, 0, 0, 0
38.376, -0, 0, 0, 0
38.389, -0, 0, 0, 0
38.401, -0, 0, 0, 0
38.414, -0, 0, 0, 0
38.426, -0, 0, 0, 0
38.438, -0, 0, 0, 0
38.451, -0, 0, 0, 0
38.463, -0, 0, 0, 0
38.475, -0, 0, 0, 0
38.488, -0, 0, 0, 0
38.5, -0, 0, 0, 0
38.512, -0, 0, 0, 0
38.525, -0, 0, 0, 0
38.537, -0, 0, 0, 0
38.549, -0, 0, 0, 0
38.562, -0, 0, 0, 0
38.574, -0, 0, 0, 0
38.586, -0, 0, 0, 0
38.599, -0, 0, 0, 0
38.611, -0, 0, 0, 0
38.623, -0, 0, 0, 0
38.636, -0, 0, 0, 0
38.648, -0, 0, 0, 0
38.66, -0, 0, 0, 0
38.673, -0, 0, 0, 0
38.685, -0, 0, 0, 0
38.698, -0, 0, 0, 0
38.71, -0, 0, 0, 0
38.722, -0, 0, 0, 0
38.735, -0, 0, 0, 0
38.747, -0, 0, 0, 0
38.759, -0, 0, 0, 0
38.772, -0, 0, 0, 0
38.784, -0, 0, 0, 0
38.796, -0, 0, 0, 0
38.809, -0, 0, 0, 0
38.821, -0, 0, 0, 0
38.834, -0, 0, 0, 0
38.846, -0, 0, 0, 0
38.858, -0, 0, 0, 0
38.871, -0, 0, 0, 0
38.883, -0, 0, 0, 0
38.895, -0, 0, 0, 0
38.908, -0, 0, 0, 0
38.92, -0, 0, 0, 0
38.932, -0, 0, 0, 0
38.945, -0, 0, 0, 0
38.957, -0, 0, 0, 0
38.969, -0, 0, 0, 0
38.982, -0, 0, 0, 0
38.994, -0, 0, 0, 0
39.007, -0, 0, 0, 0
39.019, -0, 0, 0, 0
39.031, -0, 0, 0, 0
39.044, -0, 0, 0, 0
39.057, -0, 0, 0, 0
39.07, -0, 0, 0, 0
39.082, -0, 0, 0, 0
39.095, -0, 0, 0, 0
39.107, -0, 0, 0, 0
39.119, -0, 0, 0, 0
39.132, -0, 0, 0, 0
39.145, -0, 0, 0, 0
39.158, -0, 0, 0, 0
39.171, -0, 0, 0, 0
39.183, -0, 0, 0, 0
39.195, -0, 0, 0, 0
39.208, -0, 0, 0, 0
39.22, -0, 0, 0, 0
39.233, -0, 0, 0, 0
39.245, -0, 0, 0, 0
39.258, -0, 0, 0, 0
39.27, -0, 0, 0, 0
39.283, -0, 0, 0, 0
39.295, -0, 0, 0, 0
39.307, -0, 0, 0, 0
39.32, -0, 0, 0, 0
39.332, -0, 0, 0, 0
39.345, -0, 0, 0, 0
39.357, -0, 0, 0, 0
39.369, -0, 0, 0, 0
39.382, -0, 0, 0, 0
39.394, -0, 0, 0, 0
39.407, -0, 0, 0, 0
39.419, -0, 0, 0, 0
39.432, -0, 0, 0, 0
39.444, -0, 0, 0, 0
39.457, -0, 0, 0, 0
39.469, -0, 0, 0, 0
39.482, -0, 0, 0, 0
39.494, -0, 0, 0, 0
39.506, -0, 0, 0, 0
39.519, -0, 0, 0, 0
39.531, -0, 0, 0, 0
39.544, -0, 0, 0, 0
39.556, -0, 0, 0, 0
39.569, -0, 0, 0, 0
39.582, -0, 0, 0, 0
39.594, -0, 0, 0, 0
39.606, -0, 0, 0, 0
39.618, -0, 0, 0, 0
39.63, -0, 0, 0, 0
39.643, -0, 0, 0, 0
39.656, -0, 0, 0, 0
39.668, -0, 0, 0, 0
39.681, -0, 0, 0, 0
39.693, -0, 0, 0, 0
39.706, -0, 0, 0, 0
39.718, -0, 0, 0, 0
39.731, -0, 0, 0, 0
39.743, -0, 0, 0, 0
39.756, -0, 0, 0, 0
39.768, -0, 0, 0, 0
39.781, -0, 0, 0, 0
39.793, -0, 0, 0, 0
39.806, -0, 0, 0, 0
39.819, -0, 0, 0, 0
39.832, -0, 0, 0, 0
39.844, -0, 0, 0, 0
39.857, -0, 0, 0, 0
39.87, -0, 0, 0, 0
39.882, -0, 0, 0, 0
39.895, -0, 0, 0, 0
39.907, -0, 0, 0, 0
39.92, -0, 0, 0, 0
39.932, -0, 0, 0, 0
39.944, -0, 0, 0, 0
39.957, -0, 0, 0, 0
39.969, -0, 0, 0, 0
39.982, -0, 0, 0, 0
39.994, -0, 0, 0, 0
40.006, -0, 0, 0, 0
40.019, -0, 0, 0, 0
40.032, -0, 0, 0, 0
40.044, -0, 0, 0, 0
40.057, -0, 0, 0, 0
40.069, -0, 0, 0, 0
40.082, -0, 0, 0, 0
40.094, -0, 0, 0, 0
40.107, -0, 0, 0, 0
40.119, -0, 0, 0, 0
40.135, -0, 0, 0, 0
40.148, -0, 0, 0, 0
40.16, -0, 0, 0, 0
40.173, -0, 0, 0, 0
40.186, -0, 0, 0, 0
40.199, -0, 0, 0, 0
40.211, -0, 0, 0, 0
40.224, -0, 0, 0, 0
40.237, -0, 0, 0, 0
40.249, -0, 0, 0, 0
40.262, -0, 0, 0, 0
40.275, -0, 0, 0, 0
40.288, -0, 0, 0, 0
40.3, -0, 0, 0, 0
40.315, -0, 0, 0, 0
40.327, -0, 0, 0, 0
40.339, -0, 0, 0, 0
40.352, -0, 0, 0, 0
40.364, -0, 0, 0, 0
40.376, -0, 0, 0, 0
40.389, -0, 0, 0, 0
40.401, -0, 0, 0, 0
40.413, -0, 0, 0, 0
40.426, -0, 0, 0, 0
40.438, -0, 0, 0, 0
40.451, -0, 0, 0, 0
40.464, -0, 0, 0, 0
40.477, -0, 0, 0, 0
40.489, -0, 0, 0, 0
40.502, -0, 0, 0, 0
40.514, -0, 0, 0, 0
40.527, -0, 0, 0, 0
40.539, -0, 0, 0, 0
40.551, -0, 0, 0, 0
40.564, -0, 0, 0, 0
40.576, -0, 0, 0, 0
40.589, -0, 0, 0, 0
40.601, -0, 0, 0, 0
40.615, -0, 0, 0, 0
40.627, -0, 0, 0, 0
40.639, -0, 0, 0, 0
40.652, -0, 0, 0, 0
40.664, -0, 0, 0, 0
40.676, -0, 0, 0, 0
40.689, -0, 0, 0, 0
40.701, -0, 0, 0, 0
40.713, -0, 0, 0, 0
40.726, -0, 0, 0, 0
40.738, -0, 0, 0, 0
40.75, -0, 0, 0, 0
40.763, -0, 0, 0, 0
40.775, -0, 0, 0, 0
40.787, -0, 0, 0, 0
40.8, -0, 0, 0, 0
40.812, -0, 0, 0, 0
40.824, -0, 0, 0, 0
40.837, -0, 0, 0, 0
40.849, -0, 0, 0, 0
40.861, -0, 0, 0, 0
40.874, -0, 0, 0, 0
40.886, -0, 0, 0, 0
40.899, -0, 0, 0, 0
40.911, -0, 0, 0, 0
40.923, -0, 0, 0, 0
40.936, -0, 0, 0, 0
40.948, -0, 0, 0, 0
40.96, -0, 0, 0, 0
40.973, -0, 0, 0, 0
40.985, -0, 0, 0, 0
40.998, -0, 0, 0, 0
41.01, -0, 0, 0, 0
41.023, -0, 0, 0, 0
41.035, -0, 0, 0, 0
41.048, -0, 0, 0, 0
41.06, -0, 0, 0, 0
41.075, -0, 0, 0, 0
41.088, -0, 0, 0, 0
41.1, -0, 0, 0, 0
41.112, -0, 0, 0, 0
41.125, -0, 0, 0, 0
41.137, -0, 0, 0, 0
41.149, -0, 0, 0, 0
41.161, -0, 0, 0, 0
41.174, -0, 0, 0, 0
41.186, -0, 0, 0, 0
41.198, -0, 0, 0, 0
41.211, -0, 0, 0, 0
41.223, -0, 0, 0, 0
41.235, -0, 0, 0, 0
41.248, -0, 0, 0, 0
41.26, -0, 0, 0, 0
41.272, -0, 0, 0, 0
41.285, -0, 0, 0, 0
42.549, -0, 0, 0, 0
42.562, -0, 0, 0, 0
42.574, -0, 0, 0, 0
42.587, -0, 0, 0, 0
42.599, -0, 0, 0, 0
42.611, -0, 0, 0, 0
42.624, -0, 0, 0, 0
42.636, -0, 0, 0, 0
42.648, -0, 0, 0, 0
42.661, -0, 0, 0, 0
42.673, -0, 0, 0, 0
42.685, -0, 0, 0, 0
42.698, -0, 0, 0, 0
42.71, -0, 0, 0, 0
42.722, -0, 0, 0, 0
42.735, -0, 0, 0, 0
42.747, -0, 0, 0, 0
42.759, -0, 0, 0, 0
42.772, -0, 0, 0, 0
42.784, -0, 0, 0, 0
42.796, -0, 0, 0, 0
42.809, -0, 0, 0, 0
42.821, -0, 0, 0, 0
42.834, -0, 0, 0, 0
42.846, -0, 0, 0, 0
42.858, -0, 0, 0, 0
42.871, -0, 0, 0, 0
42.883, -0, 0, 0, 0
42.895, -0, 0, 0, 0
42.908, -0, 0, 0, 0
42.92, -0, 0, 0, 0
42.932, -0, 0, 0, 0
42.945, -0, 0, 0, 0
42.957, -0, 0, 0, 0
42.969, -0, 0, 0, 0
42.982, -0, 0, 0, 0
42.994, -0, 0, 0, 0
43.006, -0, 0, 0, 0
43.019, -0, 0, 0, 0
43.031, -0, 0, 0, 0
43.044, -0, 0, 0, 0
43.056, -0, 0, 0, 0
43.068, -0, 0, 0, 0
43.081, -0, 0, 0, 0
43.093, -0, 0, 0, 0
43.105, -0, 0, 0, 0
43.118, -0, 0, 0, 0
43.13, -0, 0, 0, 0
43.142, -0, 0, 0, 0
43.155, -0, 0, 0, 0
43.167, -0, 0, 0, 0
43.179, -0, 0, 0, 0
43.192, -0, 0, 0, 0
43.204, -0, 0, 0, 0
43.216, -0, 0, 0, 0
43.229, -0, 0, 0, 0
43.241, -0, 0, 0, 0
43.253, -0, 0, 0, 0
43.266, -0, 0, 0, 0
43.278, -0, 0, 0, 0
43.291, -0, 0, 0, 0
43.303, -0, 0, 0, 0
43.316, -0, 0, 0, 0
43.328, -0, 0, 0, 0
43.341, -0, 0, 0, 0
43.353, -0, 0, 0, 0
43.365, -0, 0, 0, 0
43.378, -0, 0, 0, 0
43.391, -0, 0, 0, 0
43.403, -0, 0, 0, 0
43.416, -0, 0, 0, 0
43.428, -0, 0, 0, 0
43.44, -0, 0, 0, 0
43.453, -0, 0, 0, 0
43.465, -0, 0, 0, 0
43.477, -0, 0, 0, 0
43.49, -0, 0, 0, 0
43.502, -0, 0, 0, 0
43.515, -0, 0, 0, 0
43.527, -0, 0, 0, 0
43.539, -0, 0, 0, 0
43.552, -0, 0, 0, 0
43.564, -0, 0, 0, 0
43.577, -0, 0, 0, 0
43.589, -0, 0, 0, 0
43.602, -0, 0, 0, 0
43.615, -0, 0, 0, 0
43.627, -0, 0, 0, 0
43.64, -0, 0, 0, 0
43.652, -0, 0, 0, 0
43.665, -0, 0, 0, 0
43.677, -0, 0, 0, 0
43.69, -0, 0, 0, 0
43.703, -0, 0, 0, 0
43.715, -0, 0, 0, 0
43.727, -0, 0, 0, 0
43.74, -0, 0, 0, 0
43.752, -0, 0, 0, 0
43.765, -0, 0, 0, 0
43.777, -0, 0, 0, 0
43.789, -0, 0, 0, 0
43.802, -0, 0, 0, 0
43.815, -0, 0, 0, 0
43.827, -0, 0, 0, 0
43.84, -0, 0, 0, 0
43.852, -0, 0, 0, 0
43.866, -0, 0, 0, 0
43.88, -0, 0, 0, 0
43.892, -0, 0, 0, 0
43.905, -0, 0, 0, 0
43.918, -0, 0, 0, 0
43.93, -0, 0, 0, 0
43.942, -0, 0, 0, 0
43.955, -0, 0, 0, 0
43.967, -0, 0, 0, 0
43.98, -0, 0, 0, 0
43.992, -0, 0, 0, 0
44.004, -0, 0, 0, 0
44.017, -0, 0, 0, 0
44.029, -0, 0, 0, 0
44.042, -0, 0, 0, 0
44.054, -0, 0, 0, 0
44.067, -0, 0, 0, 0
44.079, -0, 0, 0, 0
44.091, -0, 0, 0, 0
44.104, -0, 0, 0, 0
44.116, -0, 0, 0, 0
44.13, -0, 0, 0, 0
44.142, -0, 0, 0, 0
44.154, -0, 0, 0, 0
44.166, -0, 0, 0, 0
44.178, -0, 0, 0, 0
44.191, -0, 0, 0, 0
44.203, -0, 0, 0, 0
44.216, -0, 0, 0, 0
44.228, -0, 0, 0, 0
44.24, -0, 0, 0, 0
44.253, -0, 0, 0, 0
44.265, -0, 0, 0, 0
44.278, -0, 0, 0, 0
44.292, -0, 0, 0, 0
44.304, -0, 0, 0, 0
44.316, -0, 0, 0, 0
44.329, -0, 0, 0, 0
44.342, -0, 0, 0, 0
44.354, -0, 0, 0, 0
44.367, -0, 0, 0, 0
44.379, -0, 0, 0, 0
44.391, -0, 0, 0, 0
44.404, -0, 0, 0, 0
44.416, -0, 0, 0, 0
44.429, -0, 0, 0, 0
44.441, -0, 0, 0, 0
44.454, -0, 0, 0, 0
44.466, -0, 0, 0, 0
44.479, -0, 0, 0, 0
44.491, -0, 0, 0, 0
44.503, -0, 0, 0, 0
44.516, -0, 0, 0, 0
44.528, -0, 0, 0, 0
44.54, -0, 0, 0, 0
44.553, -0, 0, 0, 0
44.566, -0, 0, 0, 0
44.578, -0, 0, 0, 0
44.591, -0, 0, 0, 0
44.603, -0, 0, 0, 0
44.616, -0, 0, 0, 0
44.628, -0, 0, 0, 0
44.64, -0, 0, 0, 0
44.653, -0, 0, 0, 0
44.665, -0, 0, 0, 0
44.678, -0, 0, 0, 0
44.69, -0, 0, 0, 0
44.702, -0, 0, 0, 0
44.715, -0, 0, 0, 0
44.727, -0, 0, 0, 0
44.74, -0, 0, 0, 0
44.753, -0, 0, 0, 0
44.765, -0, 0, 0, 0
44.778, -0, 0, 0, 0
44.79, -0, 0, 0, 0
44.802, -0, 0, 0, 0
44.815, -0, 0, 0, 0
44.827, -0, 0, 0, 0
44.84, -0, 0, 0, 0
44.852, -0, 0, 0, 0
44.864, -0, 0, 0, 0
44.877, -0, 0, 0, 0
44.889, -0, 0, 0, 0
44.901, -0, 0, 0, 0
44.914, -0, 0, 0, 0
44.926, -0, 0, 0, 0
44.938, -0, 0, 0, 0
44.951, -0, 0, 0, 0
44.963, -0, 0, 0, 0
44.975, -0, 0, 0, 0
44.988, -0, 0, 0, 0
45, -0, 0, 0, 0
45.012, -0, 0, 0, 0
45.025, -0, 0, 0, 0
45.037, -0, 0, 0, 0
45.049, -0, 0, 0, 0
45.062, -0, 0, 0, 0
45.074, -0, 0, 0, 0
45.086, -0, 0, 0, 0
45.099, -0, 0, 0, 0
45.111, -0, 0, 0, 0
45.123, -0, 0, 0, 0
45.136, -0, 0, 0, 0
45.148, -0, 0, 0, 0
45.16, -0, 0, 0, 0
45.173, -0, 0, 0, 0
45.185, -0, 0, 0, 0
45.198, -0, 0, 0, 0
45.21, -0, 0, 0, 0
45.222, -0, 0, 0, 0
45.235, -0, 0, 0, 0
45.247, -0, 0, 0, 0
45.259, -0, 0, 0, 0
45.272, -0, 0, 0, 0
45.284, -0, 0, 0, 0
45.296, -0, 0, 0, 0
45.309, -0, 0, 0, 0
45.321, -0, 0, 0, 0
45.333, -0, 0, 0, 0
45.346, -0, 0, 0, 0
45.358, -0, 0, 0, 0
45.371, -0, 0, 0, 0
45.383, -0, 0, 0, 0
45.394, -0, 0, 0, 0
45.407, -0, 0, 0, 0
45.419, -0, 0, 0, 0
45.432, -0, 0, 0, 0
45.444, -0, 0, 0, 0
45.456, -0, 0, 0, 0
45.469, -0, 0, 0, 0
45.481, -0, 0, 0, 0
45.493, -0, 0, 0, 0
45.506, -0, 0, 0, 0
45.518, -0, 0, 0, 0
45.53, -0, 0, 0, 0
45.543, -0, 0, 0, 0
45.555, -0, 0, 0, 0
45.568, -0, 0, 0, 0
45.58, -0, 0, 0, 0
45.592, -0, 0, 0, 0
45.605, -0, 0, 0, 0
45.617, -0, 0, 0, 0
45.629, -0, 0, 0, 0
45.642, -0, 0, 0, 0
45.654, -0, 0, 0, 0
45.666, -0, 0, 0, 0
45.679, -0, 0, 0, 0
45.691, -0, 0, 0, 0
45.704, -0, 0, 0, 0
45.716, -0, 0, 0, 0
45.729, -0, 0, 0, 0
45.741, -0, 0, 0, 0
45.755, -0, 0, 0, 0
45.771, -0, 0, 0, 0
45.785, -0, 0, 0, 0
45.797, -0, 0, 0, 0
45.81, -0, 0, 0, 0
45.822, -0, 0, 0, 0
45.834, -0, 0, 0, 0
45.847, -0, 0, 0, 0
45.86, -0, 0, 0, 0
45.872, -0, 0, 0, 0
45.884, -0, 0, 0, 0
45.897, -0, 0, 0, 0
45.909, -0, 0, 0, 0
45.922, -0, 0, 0, 0
45.934, -0, 0, 0, 0
45.946, -0, 0, 0, 0
45.959, -0, 0, 0, 0
45.971, -0, 0, 0, 0
45.983, -0, 0, 0, 0
45.996, -0, 0, 0, 0
46.009, -0, 0, 0, 0
46.021, -0, 0, 0, 0
46.034, -0, 0, 0, 0
46.046, -0, 0, 0, 0
46.058, -0, 0, 0, 0
46.071, -0, 0, 0, 0
46.083, -0, 0, 0, 0
46.096, -0, 0, 0, 0
46.108, -0, 0, 0, 0
46.121, -0, 0, 0, 0
46.133, -0, 0, 0, 0
46.146, -0, 0, 0, 0
46.158, -0, 0, 0, 0
46.171, -0, 0, 0, 0
46.183, -0, 0, 0, 0
46.195, -0, 0, 0, 0
46.21, -0, 0, 0, 0
46.223, -0, 0, 0, 0
46.235, -0, 0, 0, 0
46.248, -0, 0, 0, 0
46.262, -0, 0, 0, 0
46.274, -0, 0, 0, 0
46.287, -0, 0, 0, 0
46.299, -0, 0, 0, 0
46.312, -0, 0, 0, 0
46.324, -0, 0, 0, 0
46.336, -0, 0, 0, 0
46.349, -0, 0, 0, 0
46.361, -0, 0, 0, 0
46.373, -0, 0, 0, 0
46.386, -0, 0, 0, 0
46.398, -0, 0, 0, 0
46.411, -0, 0, 0, 0
46.423, -0, 0, 0, 0
46.435, -0, 0, 0, 0
46.448, -0, 0, 0, 0
46.46, -0, 0, 0, 0
46.472, -0, 0, 0, 0
46.485, -0, 0, 0, 0
46.497, -0, 0, 0, 0
46.509, -0, 0, 0, 0
46.522, -0, 0, 0, 0
46.534, -0, 0, 0, 0
46.546, -0, 0, 0, 0
46.559, -0, 0, 0, 0
46.571, -0, 0, 0, 0
46.583, -0, 0, 0, 0
46.596, -0, 0, 0, 0
46.608, -0, 0, 0, 0
46.62, -0, 0, 0, 0
46.633, -0, 0, 0, 0
46.645, -0, 0, 0, 0
46.657, -0, 0, 0, 0
46.67, -0, 0, 0, 0
46.682, -0, 0, 0, 0
46.694, -0, 0, 0, 0
46.707, -0, 0, 0, 0
46.719, -0, 0, 0, 0
46.732, -0, 0, 0, 0
46.744, -0, 0, 0, 0
46.756, -0, 0, 0, 0
46.769, -0, 0, 0, 0
46.781, -0, 0, 0, 0
46.794, -0, 0, 0, 0
46.806, -0, 0, 0, 0
46.819, -0, 0, 0, 0
46.831, -0, 0, 0, 0
46.843, -0, 0, 0, 0
46.856, -0, 0, 0, 0
46.868, -0, 0, 0, 0
46.88, -0, 0, 0, 0
46.893, -0, 0, 0, 0
46.905, -0, 0, 0, 0
46.917, -0, 0, 0, 0
46.93, -0, 0, 0, 0
46.942, -0, 0, 0, 0
46.954, -0, 0, 0, 0
46.967, -0, 0, 0, 0
46.979, -0, 0, 0, 0
46.991, -0, 0, 0, 0
47.004, -0, 0, 0, 0
47.016, -0, 0, 0, 0
47.029, -0, 0, 0, 0
47.041, -0, 0, 0, 0
47.053, -0, 0, 0, 0
47.066, -0, 0, 0, 0
47.078, -0, 0, 0, 0
47.09, -0, 0, 0, 0
47.103, -0, 0, 0, 0
47.115, -0, 0, 0, 0
47.127, -0, 0, 0, 0
47.14, -0, 0, 0, 0
47.153, -0, 0, 0, 0
47.165, -0, 0, 0, 0
47.178, -0, 0, 0, 0
47.19, -0, 0, 0, 0
47.202, -0, 0, 0, 0
47.215, -0, 0, 0, 0
47.227, -0, 0, 0, 0
47.24, -0, 0, 0, 0
47.252, -0, 0, 0, 0
47.264, -0, 0, 0, 0
47.277, -0, 0, 0, 0
47.289, -0, 0, 0, 0
47.301, -0, 0, 0, 0
47.314, -0, 0, 0, 0
47.326, -0, 0, 0, 0
47.339, -0, 0, 0, 0
47.353, -0, 0, 0, 0
47.365, -0, 0, 0, 0
47.378, -0, 0, 0, 0
47.391, -0, 0, 0, 0
47.403, -0, 0, 0, 0
47.416, -0, 0, 0, 0
47.428, -0, 0, 0, 0
47.441, -0, 0, 0, 0
47.453, -0, 0, 0, 0
47.465, -0, 0, 0, 0
47.478, -0, 0, 0, 0
47.49, -0, 0, 0, 0
47.502, -0, 0, 0, 0
47.515, -0, 0, 0, 0
47.527, -0, 0, 0, 0
47.54, -0, 0, 0, 0
47.552, -0, 0, 0, 0
47.564, -0, 0, 0, 0
47.577, -0, 0, 0, 0
47.589, -0, 0, 0, 0
47.601, -0, 0, 0, 0
47.614, -0, 0, 0, 0
47.626, -0, 0, 0, 0
47.638, -0, 0, 0, 0
47.651, -0, 0, 0, 0
47.663, -0, 0, 0, 0
47.675, -0, 0, 0, 0
47.688, -0, 0, 0, 0
47.7, -0, 0, 0, 0
47.712, -0, 0, 0, 0
47.725, -0, 0, 0, 0
47.737, -0, 0, 0, 0
47.749, -0, 0, 0, 0
47.762, -0, 0, 0, 0
47.774, -0, 0, 0, 0
47.786, -0, 0, 0, 0
47.799, -0, 0, 0, 0
47.811, -0, 0, 0, 0
47.823, -0, 0, 0, 0
47.836, -0, 0, 0, 0
47.848, -0, 0, 0, 0
47.86, -0, 0, 0, 0
47.873, -0, 0, 0, 0
47.885, -0, 0, 0, 0
47.897, -0, 0, 0, 0
47.91, -0, 0, 0, 0
47.922, -0, 0, 0, 0
47.935, -0, 0, 0, 0
47.947, -0, 0, 0, 0
47.96, -0, 0, 0, 0
47.972, -0, 0, 0, 0
47.984, -0, 0, 0, 0
47.997, -0, 0, 0, 0
48.009, -0, 0, 0, 0
48.021, -0, 0, 0, 0
48.033, -0, 0, 0, 0
48.046, -0, 0, 0, 0
48.058, -0, 0, 0, 0
48.07, -0, 0, 0, 0
48.083, -0, 0, 0, 0
48.095, -0, 0, 0, 0
48.107, -0, 0, 0, 0
48.12, -0, 0, 0, 0
48.132, -0, 0, 0, 0
48.144, -0, 0, 0, 0
48.157, -0, 0, 0, 0
48.169, -0, 0, 0, 0
48.182, -0, 0, 0, 0
48.194, -0, 0, 0, 0
48.206, -0, 0, 0, 0
48.219, -0, 0, 0, 0
48.231, -0, 0, 0, 0
48.244, -0, 0, 0, 0
48.256, -0, 0, 0, 0
48.268, -0, 0, 0, 0
48.281, -0, 0, 0, 0
48.294, -0, 0, 0, 0
48.306, -0, 0, 0, 0
48.318, -0, 0, 0, 0
48.331, -0, 0, 0, 0
48.343, -0, 0, 0, 0
48.356, -0, 0, 0, 0
48.368, -0, 0, 0, 0
48.38, -0, 0, 0, 0
48.393, -0, 0, 0, 0
48.405, -0, 0, 0, 0
48.417, -0, 0, 0, 0
48.43, -0, 0, 0, 0
48.442, -0, 0, 0, 0
48.454, -0, 0, 0, 0
48.467, -0, 0, 0, 0
48.479, -0, 0, 0, 0
48.492, -0, 0, 0, 0
48.504, -0, 0, 0, 0
48.516, -0, 0, 0, 0
48.529, -0, 0, 0, 0
48.541, -0, 0, 0, 0
48.553, -0, 0, 0, 0
48.566, -0, 0, 0, 0
48.579, -0, 0, 0, 0
48.591, -0, 0, 0, 0
48.603, -0, 0, 0, 0
48.616, -0, 0, 0, 0
48.628, -0, 0, 0, 0
48.641, -0, 0, 0, 0
48.656, -0, 0, 0, 0
48.671, -0, 0, 0, 0
48.683, -0, 0, 0, 0
48.695, -0, 0, 0, 0
48.708, -0, 0, 0, 0
48.72, -0, 0, 0, 0
48.732, -0, 0, 0, 0
48.745, -0, 0, 0, 0
48.757, -0, 0, 0, 0
48.769, -0, 0, 0, 0
48.782, -0, 0, 0, 0
48.794, -0, 0, 0, 0
48.807, -0, 0, 0, 0
48.819, -0, 0, 0, 0
48.831, -0, 0, 0, 0
48.844, -0, 0, 0, 0
48.857, -0, 0, 0, 0
48.87, -0, 0, 0, 0
48.882, -0, 0, 0, 0
48.895, -0, 0, 0, 0
48.907, -0, 0, 0, 0
48.92, -0, 0, 0, 0
48.932, -0, 0, 0, 0
48.944, -0, 0, 0, 0
48.957, -0, 0, 0, 0
48.969, -0, 0, 0, 0
48.981, -0, 0, 0, 0
48.994, -0, 0, 0, 0
49.006, -0, 0, 0, 0
49.018, -0, 0, 0, 0
49.031, -0, 0, 0, 0
49.043, -0, 0, 0, 0
49.056, -0, 0, 0, 0
49.068, -0, 0, 0, 0
49.081, -0, 0, 0, 0
49.094, -0, 0, 0, 0
49.106, -0, 0, 0, 0
49.118, -0, 0, 0, 0
49.131, -0, 0, 0, 0
49.143, -0, 0, 0, 0
49.155, -0, 0, 0, 0
49.168, -0, 0, 0, 0
49.181, -0, 0, 0, 0
49.193, -0, 0, 0, 0
49.206, -0, 0, 0, 0
49.218, -0, 0, 0, 0
49.231, -0, 0, 0, 0
49.243, -0, 0, 0, 0
49.255, -0, 0, 0, 0
49.268, -0, 0, 0, 0
49.28, -0, 0, 0, 0
49.292, -0, 0, 0, 0
49.305, -0, 0, 0, 0
49.317, -0, 0, 0, 0
49.33, -0, 0, 0, 0
49.343, -0, 0, 0, 0
49.355, -0, 0, 0, 0
49.368, -0, 0, 0, 0
49.38, -0, 0, 0, 0
49.393, -0, 0, 0, 0
49.405, -0, 0, 0, 0
49.417, -0, 0, 0, 0
49.43, -0, 0, 0, 0
49.442, -0, 0, 0, 0
49.454, -0, 0, 0, 0
49.467, -0, 0, 0, 0
49.479, -0, 0, 0, 0
49.491, -0, 0, 0, 0
49.504, -0, 0, 0, 0
49.516, -0, 0, 0, 0
49.529, -0, 0, 0, 0
49.541, -0, 0, 0, 0
49.553, -0, 0, 0, 0
49.566, -0, 0, 0, 0
49.578, -0, 0, 0, 0
49.592, -0, 0, 0, 0
49.604, -0, 0, 0, 0
49.617, -0, 0, 0, 0
49.629, -0, 0, 0, 0
49.641, -0, 0, 0, 0
49.654, -0, 0, 0, 0
49.666, -0, 0, 0, 0
49.678, -0, 0, 0, 0
49.691, -0, 0, 0, 0
49.703, -0, 0, 0, 0
49.716, -0, 0, 0, 0
49.729, -0, 0, 0, 0
49.741, -0, 0, 0, 0
49.754, -0, 0, 0, 0
49.766, -0, 0, 0, 0
49.778, -0, 0, 0, 0
49.791, -0, 0, 0, 0
49.804, -0, 0, 0, 0
49.816, -0, 0, 0, 0
49.829, -0, 0, 0, 0
49.842, -0, 0, 0, 0
49.855, -0, 0, 0, 0
49.867, -0, 0, 0, 0
49.88, -0, 0, 0, 0
49.892, -0, 0, 0, 0
49.904, -0, 0, 0, 0
49.917, -0, 0, 0, 0
49.929, -0, 0, 0, 0
49.941, -0, 0, 0, 0
49.954, -0, 0, 0, 0
49.966, -0, 0, 0, 0
49.979, -0, 0, 0, 0
49.991, -0, 0, 0, 0
50.003, -0, 0, 0, 0
50.016, -0, 0, 0, 0
50.028, -0, 0, 0, 0
50.04, -0, 0, 0, 0
50.053, -0, 0, 0, 0
50.065, -0, 0, 0, 0
50.077, -0, 0, 0, 0
50.09, -0, 0, 0, 0
50.102, -0, 0, 0, 0
50.114, -0, 0, 0, 0
50.127, -0, 0, 0, 0
50.139, -0, 0, 0, 0
50.151, -0, 0, 0, 0
50.164, -0, 0, 0, 0
50.176, -0, 0, 0, 0
50.188, -0, 0, 0, 0
50.201, -0, 0, 0, 0
50.213, -0, 0, 0, 0
50.225, -0, 0, 0, 0
50.238, -0, 0, 0, 0
50.25, -0, 0, 0, 0
50.263, -0, 0, 0, 0
50.275, -0, 0, 0, 0
50.287, -0, 0, 0, 0
50.3, -0, 0, 0, 0
50.312, -0, 0, 0, 0
50.324, -0, 0, 0, 0
50.337, -0, 0, 0, 0
50.349, -0, 0, 0, 0
50.362, -0, 0, 0, 0
50.374, -0, 0, 0, 0
50.386, -0, 0, 0, 0
50.399, -0, 0, 0, 0
50.411, -0, 0, 0, 0
50.423, -0, 0, 0, 0
50.436, -0, 0, 0, 0
50.449, -0, 0, 0, 0
50.462, -0, 0, 0, 0
50.474, -0, 0, 0, 0
50.487, -0, 0, 0, 0
50.5, -0, 0, 0, 0
50.512, -0, 0, 0, 0
50.525, -0, 0, 0, 0
50.537, -0, 0, 0, 0
50.549, -0, 0, 0, 0
50.562, -0, 0, 0, 0
50.574, -0, 0, 0, 0
50.586, -0, 0, 0, 0
50.599, -0, 0, 0, 0
50.611, -0, 0, 0, 0
50.623, -0, 0, 0, 0
50.636, -0, 0, 0, 0
50.648, -0, 0, 0, 0
50.66, -0, 0, 0, 0
50.673, -0, 0, 0, 0
50.685, -0, 0, 0, 0
50.698, -0, 0, 0, 0
50.71, -0, 0, 0, 0
50.723, -0, 0, 0, 0
50.735, -0, 0, 0, 0
50.747, -0, 0, 0, 0
50.76, -0, 0, 0, 0
50.772, -0, 0, 0, 0
50.784, -0, 0, 0, 0
50.797, -0, 0, 0, 0
50.809, -0, 0, 0, 0
50.822, -0, 0, 0, 0
50.834, -0, 0, 0, 0
50.846, -0, 0, 0, 0
50.859, -0, 0, 0, 0
50.871, -0, 0, 0, 0
50.884, -0, 0, 0, 0
50.896, -0, 0, 0, 0
50.908, -0, 0, 0, 0
50.921, -0, 0, 0, 0
50.934, -0, 0, 0, 0
50.946, -0, 0, 0, 0
50.959, -0, 0, 0, 0
50.972, -0, 0, 0, 0
50.985, -0, 0, 0, 0
50.997, -0, 0, 0, 0
51.009, -0, 0, 0, 0
51.022, -0, 0, 0, 0
51.034, -0, 0, 0, 0
51.047, -0, 0, 0, 0
51.059, -0, 0, 0, 0
51.071, -0, 0, 0, 0
51.084, -0, 0, 0, 0
51.096, -0, 0, 0, 0
51.108, -0, 0, 0, 0
51.121, -0, 0, 0, 0
51.133, -0, 0, 0, 0
51.145, -0, 0, 0, 0
51.158, -0, 0, 0, 0
51.17, -0, 0, 0, 0
51.183, -0, 0, 0, 0
51.195, -0, 0, 0, 0
51.208, -0, 0, 0, 0
51.22, -0, 0, 0, 0
51.233, -0, 0, 0, 0
51.245, -0, 0, 0, 0
51.257, -0, 0, 0, 0
51.269, -0, 0, 0, 0
51.282, -0, 0, 0, 0
51.294, -0, 0, 0, 0
51.307, -0, 0, 0, 0
51.319, -0, 0, 0, 0
51.331, -0, 0, 0, 0
51.344, -0, 0, 0, 0
51.356, -0, 0, 0, 0
51.368, -0, 0, 0, 0
51.38, -0, 0, 0, 0
51.393, -0, 0, 0, 0
51.405, -0, 0, 0, 0
51.417, -0, 0, 0, 0
51.43, -0, 0, 0, 0
51.442, -0, 0, 0, 0
51.455, -0, 0, 0, 0
51.467, -0, 0, 0, 0
51.479, -0, 0, 0, 0
51.492, -0, 0, 0, 0
51.504, -0, 0, 0, 0
51.516, -0, 0, 0, 0
51.53, -0, 0, 0, 0
51.542, -0, 0, 0, 0
51.555, -0, 0, 0, 0
51.567, -0, 0, 0, 0
51.579, -0, 0, 0, 0
51.592, -0, 0, 0, 0
51.604, -0, 0, 0, 0
51.617, -0, 0, 0, 0
51.629, -0, 0, 0, 0
51.641, -0, 0, 0, 0
51.654, -0, 0, 0, 0
51.666, -0, 0, 0, 0
51.679, -0, 0, 0, 0
51.691, -0, 0, 0, 0
51.703, -0, 0, 0, 0
51.716, -0, 0, 0, 0
51.728, -0, 0, 0, 0
51.74, -0, 0, 0, 0
51.753, -0, 0, 0, 0
51.765, -0, 0, 0, 0
51.778, -0, 0, 0, 0
51.791, -0, 0, 0, 0
51.803, -0, 0, 0, 0
51.816, -0, 0, 0, 0
51.828, -0, 0, 0, 0
51.84, -0, 0, 0, 0
51.853, -0, 0, 0, 0
51.866, -0, 0, 0, 0
51.879, -0, 0, 0, 0
51.892, -0, 0, 0, 0
51.904, -0, 0, 0, 0
51.916, -0, 0, 0, 0
51.929, -0, 0, 0, 0
51.941, -0, 0, 0, 0
51.954, -0, 0, 0, 0
51.967, -0, 0, 0, 0
51.979, -0, 0, 0, 0
51.992, -0, 0, 0, 0
52.004, -0, 0, 0, 0
52.016, -0, 0, 0, 0
52.029, -0, 0, 0, 0
52.041, -0, 0, 0, 0
52.054, -0, 0, 0, 0
52.067, -0, 0, 0, 0
52.079, -0, 0, 0, 0
52.091, -0, 0, 0, 0
52.104, -0, 0, 0, 0
52.116, -0, 0, 0, 0
52.129, -0, 0, 0, 0
52.141, -0, 0, 0, 0
52.153, -0, 0, 0, 0
52.166, -0, 0, 0, 0
52.178, -0, 0, 0, 0
52.19, -0, 0, 0, 0
52.203, -0, 0, 0, 0
52.215, -0, 0, 0, 0
52.227, -0, 0, 0, 0
52.24, -0, 0, 0, 0
52.252, -0, 0, 0, 0
52.265, -0, 0, 0, 0
52.278, -0, 0, 0, 0
52.29, -0, 0, 0, 0
52.303, -0, 0, 0, 0
52.315, -0, 0, 0, 0
52.329, -0, 0, 0, 0
52.342, -0, 0, 0, 0
52.355, -0, 0, 0, 0
52.367, -0, 0, 0, 0
52.38, -0, 0, 0, 0
52.392, -0, 0, 0, 0
52.405, -0, 0, 0, 0
52.417, -0, 0, 0, 0
52.429, -0, 0, 0, 0
52.442, -0, 0, 0, 0
52.454, -0, 0, 0, 0
52.467, -0, 0, 0, 0
52.479, -0, 0, 0, 0
52.491, -0, 0, 0, 0
52.504, -0, 0, 0, 0
52.516, -0, 0, 0, 0
52.528, -0, 0, 0, 0
52.541, -0, 0, 0, 0
52.553, -0, 0, 0, 0
52.566, -0, 0, 0, 0
52.578, -0, 0, 0, 0
52.59, -0, 0, 0, 0
52.603, -0, 0, 0, 0
52.615, -0, 0, 0, 0
52.628, -0, 0, 0, 0
52.64, -0, 0, 0, 0
52.652, -0, 0, 0, 0
52.665, -0, 0, 0, 0
52.677, -0, 0, 0, 0
52.689, -0, 0, 0, 0
52.702, -0, 0, 0, 0
52.715, -0, 0, 0, 0
52.727, -0, 0, 0, 0
52.74, -0, 0, 0, 0
52.752, -0, 0, 0, 0
52.764, -0, 0, 0, 0
52.777, -0, 0, 0, 0
52.789, -0, 0, 0, 0
52.801, -0, 0, 0, 0
52.814, -0, 0, 0, 0
52.826, -0, 0, 0, 0
52.838, -0, 0, 0, 0
52.851, -0, 0, 0, 0
52.863, -0, 0, 0, 0
52.875, -0, 0, 0, 0
52.888, -0, 0, 0, 0
52.9, -0, 0, 0, 0
52.912, -0, 0, 0, 0
52.925, -0, 0, 0, 0
52.937, -0, 0, 0, 0
52.949, -0, 0, 0, 0
52.962, -0, 0, 0, 0
52.974, -0, 0, 0, 0
52.987, -0, 0, 0, 0
52.999, -0, 0, 0, 0
53.011, -0, 0, 0, 0
53.024, -0, 0, 0, 0
53.036, -0, 0, 0, 0
53.048, -0, 0, 0, 0
53.061, -0, 0, 0, 0
53.073, -0, 0, 0, 0
53.085, -0, 0, 0, 0
53.098, -0, 0, 0, 0
53.11, -0, 0, 0, 0
53.122, -0, 0, 0, 0
53.135, -0, 0, 0, 0
53.147, -0, 0, 0, 0
53.159, -0, 0, 0, 0
53.172, -0, 0, 0, 0
53.184, -0, 0, 0, 0
53.196, -0, 0, 0, 0
53.209, -0, 0, 0, 0
53.221, -0, 0, 0, 0
53.234, -0, 0, 0, 0
53.247, -0, 0, 0, 0
53.259, -0, 0, 0, 0
53.271, -0, 0, 0, 0
53.284, -0, 0, 0, 0
53.296, -0, 0, 0, 0
53.308, -0, 0, 0, 0
53.321, -0, 0, 0, 0
53.333, -0, 0, 0, 0
53.345, -0, 0, 0, 0
53.358, -0, 0, 0, 0
53.37, -0, 0, 0, 0
53.382, -0, 0, 0, 0
53.395, -0, 0, 0, 0
53.407, -0, 0, 0, 0
53.42, -0, 0, 0, 0
53.432, -0, 0, 0, 0
53.445, -0, 0, 0, 0
53.458, -0, 0, 0, 0
53.47, -0, 0, 0, 0
53.482, -0, 0, 0, 0
53.495, -0, 0, 0, 0
53.507, -0, 0, 0, 0
53.519, -0, 0, 0, 0
53.532, -0, 0, 0, 0
53.544, -0, 0, 0, 0
53.557, -0, 0, 0, 0
53.569, -0, 0, 0, 0
53.581, -0, 0, 0, 0
53.594, -0, 0, 0, 0
53.606, -0, 0, 0, 0
53.619, -0, 0, 0, 0
53.631, -0, 0, 0, 0
53.643, -0, 0, 0, 0
53.656, -0, 0, 0, 0
53.668, -0, 0, 0, 0
53.68, -0, 0, 0, 0
53.693, -0, 0, 0, 0
53.705, -0, 0, 0, 0
53.717, -0, 0, 0, 0
53.73, -0, 0, 0, 0
53.742, -0, 0, 0, 0
53.755, -0, 0, 0, 0
53.767, -0, 0, 0, 0
53.779, -0, 0, 0, 0
53.791, -0, 0, 0, 0
53.804, -0, 0, 0, 0
53.816, -0, 0, 0, 0
53.828, -0, 0, 0, 0
53.841, -0, 0, 0, 0
53.853, -0, 0, 0, 0
53.866, -0, 0, 0, 0
53.878, -0, 0, 0, 0
53.89, -0, 0, 0, 0
53.903, -0, 0, 0, 0
53.915, -0, 0, 0, 0
53.927, -0, 0, 0, 0
53.94, -0, 0, 0, 0
53.952, -0, 0, 0, 0
53.964, -0, 0, 0, 0
53.977, -0, 0, 0, 0
53.989, -0, 0, 0, 0
54.002, -0, 0, 0, 0
54.014, -0, 0, 0, 0
54.026, -0, 0, 0, 0
54.039, -0, 0, 0, 0
54.051, -0, 0, 0, 0
54.063, -0, 0, 0, 0
54.076, -0, 0, 0, 0
54.088, -0, 0, 0, 0
54.101, -0, 0, 0, 0
54.113, -0, 0, 0, 0
54.126, -0, 0, 0, 0
54.138, -0, 0, 0, 0
54.151, -0, 0, 0, 0
54.164, -0, 0, 0, 0
54.176, -0, 0, 0, 0
54.188, -0, 0, 0, 0
54.201, -0, 0, 0, 0
54.213, -0, 0, 0, 0
54.225, -0, 0, 0, 0
54.238, -0, 0, 0, 0
54.25, -0, 0, 0, 0
54.262, -0, 0, 0, 0
54.275, -0, 0, 0, 0
54.287, -0, 0, 0, 0
54.299, -0, 0, 0, 0
54.312, -0, 0, 0, 0
54.324, -0, 0, 0, 0
54.336, -0, 0, 0, 0
54.349, -0, 0, 0, 0
54.361, -0, 0, 0, 0
54.374, -0, 0, 0, 0
54.387, -0, 0, 0, 0
54.399, -0, 0, 0, 0
54.412, -0, 0, 0, 0
54.424, -0, 0, 0, 0
54.437, -0, 0, 0, 0
54.449, -0, 0, 0, 0
54.462, -0, 0, 0, 0
54.475, -0, 0, 0, 0
54.488, -0, 0, 0, 0
54.5, -0, 0, 0, 0
54.513, -0, 0, 0, 0
54.525, -0, 0, 0, 0
54.537, -0, 0, 0, 0
54.55, -0, 0, 0, 0
54.562, -0, 0, 0, 0
54.574, -0, 0, 0, 0
54.587, -0, 0, 0, 0
54.599, -0, 0, 0, 0
54.611, -0, 0, 0, 0
54.624, -0, 0, 0, 0
54.638, -0, 0, 0, 0
54.65, -0, 0, 0, 0
54.662, -0, 0, 0, 0
54.675, -0, 0, 0, 0
54.687, -0, 0, 0, 0
54.7, -0, 0, 0, 0
54.712, -0, 0, 0, 0
54.724, -0, 0, 0, 0
54.736, -0, 0, 0, 0
54.749, -0, 0, 0, 0
54.761, -0, 0, 0, 0
54.775, -0, 0, 0, 0
54.787, -0, 0, 0, 0
54.799, -0, 0, 0, 0
54.812, -0, 0, 0, 0
54.824, -0, 0, 0, 0
54.836, -0, 0, 0, 0
54.849, -0, 0, 0, 0
54.861, -0, 0, 0, 0
54.874, -0, 0, 0, 0
54.886, -0, 0, 0, 0
54.898, -0, 0, 0, 0
54.911, -0, 0, 0, 0
54.923, -0, 0, 0, 0
54.935, -0, 0, 0, 0
54.948, -0, 0, 0, 0
54.96, -0, 0, 0, 0
54.972, -0, 0, 0, 0
54.985, -0, 0, 0, 0
54.997, -0, 0, 0, 0
55.009, -0, 0, 0, 0
55.022, -0, 0, 0, 0
55.034, -0, 0, 0, 0
55.048, -0, 0, 0, 0
55.06, -0, 0, 0, 0
55.073, -0, 0, 0, 0
55.085, -0, 0, 0, 0
55.097, -0, 0, 0, 0
55.11, -0, 0, 0, 0
55.122, -0, 0, 0, 0
55.134, -0, 0, 0, 0
55.147, -0, 0, 0, 0
55.16, -0, 0, 0, 0
55.173, -0, 0, 0, 0
55.185, -0, 0, 0, 0
55.2, -0, 0, 0, 0
55.213, -0, 0, 0, 0
55.226, -0, 0, 0, 0
55.237, -0, 0, 0, 0
55.25, -0, 0, 0, 0
55.265, -0, 0, 0, 0
55.278, -0, 0, 0, 0
55.291, -0, 0, 0, 0
55.303, -0, 0, 0, 0
55.316, -0, 0, 0, 0
55.328, -0, 0, 0, 0
55.341, -0, 0, 0, 0
55.353, -0, 0, 0, 0
55.365, -0, 0, 0, 0
55.378, -0, 0, 0, 0
55.39, -0, 0, 0, 0
55.403, -0, 0, 0, 0
55.415, -0, 0, 0, 0
55.427, -0, 0, 0, 0
55.44, -0, 0, 0, 0
55.452, -0, 0, 0, 0
55.464, -0, 0, 0, 0
55.477, -0, 0, 0, 0
55.489, -0, 0, 0, 0
55.502, -0, 0, 0, 0
55.515, -0, 0, 0, 0
55.528, -0, 0, 0, 0
55.54, -0, 0, 0, 0
55.552, -0, 0, 0, 0
55.566, -0, 0, 0, 0
55.578, -0, 0, 0, 0
55.591, -0, 0, 0, 0
55.603, -0, 0, 0, 0
55.616, -0, 0, 0, 0
55.628, -0, 0, 0, 0
55.641, -0, 0, 0, 0
55.653, -0, 0, 0, 0
55.666, -0, 0, 0, 0
55.678, -0, 0, 0, 0
55.691, -0, 0, 0, 0
55.703, -0, 0, 0, 0
55.716, -0, 0, 0, 0
55.728, -0, 0, 0, 0
55.741, -0, 0, 0, 0
55.753, -0, 0, 0, 0
55.766, -0, 0, 0, 0
55.779, -0, 0, 0, 0
55.791, -0, 0, 0, 0
55.803, -0, 0, 0, 0
55.816, -0, 0, 0, 0
55.828, -0, 0, 0, 0
55.841, -0, 0, 0, 0
55.854, -0, 0, 0, 0
55.866, -0, 0, 0, 0
55.879, -0, 0, 0, 0
55.891, -0, 0, 0, 0
55.904, -0, 0, 0, 0
55.916, -0, 0, 0, 0
55.928, -0, 0, 0, 0
55.941, -0, 0, 0, 0
55.953, -0, 0, 0, 0
55.966, -0, 0, 0, 0
55.981, -0, 0, 0, 0
55.994, -0, 0, 0, 0
56.007, -0, 0, 0, 0
56.019, -0, 0, 0, 0
56.032, -0, 0, 0, 0
56.044, -0, 0, 0, 0
56.057, -0, 0, 0, 0
56.069, -0, 0, 0, 0
56.082, -0, 0, 0, 0
56.095, -0, 0, 0, 0
56.107, -0, 0, 0, 0
56.119, -0, 0, 0, 0
56.132, -0, 0, 0, 0
56.144, -0, 0, 0, 0
56.157, -0, 0, 0, 0
56.169, -0, 0, 0, 0
56.181, -0, 0, 0, 0
56.194, -0, 0, 0, 0
56.205, -0, 0, 0, 0
56.218, -0, 0, 0, 0
56.23, -0, 0, 0, 0
56.243, -0, 0, 0, 0
56.255, -0, 0, 0, 0
56.268, -0, 0, 0, 0
56.281, -0, 0, 0, 0
56.293, -0, 0, 0, 0
56.306, -0, 0, 0, 0
56.319, -0, 0, 0, 0
56.331, -0, 0, 0, 0
56.344, -0, 0, 0, 0
56.356, -0, 0, 0, 0
56.369, -0, 0, 0, 0
56.382, -0, 0, 0, 0
56.394, -0, 0, 0, 0
56.406, -0, 0, 0, 0
56.419, -0, 0, 0, 0
56.431, -0, 0, 0, 0
56.448, -0, 0, 0, 0
56.46, -0, 0, 0, 0
56.474, -0, 0, 0, 0
