0, 0, 0, 0, 0
0.017, 1, 360, 0.478723, 23.9962
0.038, 1, 360, 1.50456, 66.6235
0.055, 1, 360, 2.59878, 116.506
0.068, 1, 360, 3.62462, 91.5516
0.083, 1, 360, 4.71884, 45.6231
0.097, 1, 360, 5.81307, 125.14
0.11, 1, 360, 6.83891, 48.6409
0.124, 1, 360, 8.27508, 3799.39
0.14, 1, 360, 9.57447, 124.457
0.157, 1, 360, 10.6687, 85.4151
0.174, 1, 360, 12.1733, 84.3268
0.194, 1, 360, 12.652, 1532.01
0.206, 1, 360, 14.8404, 72.5382
0.228, 1, 360, 16.6185, 70.0708
0.248, 1, 360, 18.0547, 179.813
0.263, 1, 360, 19.4909, 211.731
0.281, 1, 360, 20.5167, 100.094
0.297, 1, 360, 22.0213, -68389.1
0.313, 1, 360, 23.1155, 0
0.327, 1, 360, 24.2781, 90.9429
0.342, 1, 360, 25.5091, 62.3135
0.357, 1, 360, 26.535, 170.973
0.37, 1, 360, 27.6292, 0
0.383, 1, 360, 28.655, 94.135
0.399, 1, 360, 30.0912, 78.1143
0.419, 1, 360, 31.9377, 98.3072
0.439, 1, 360, 33.3739, 0
0.456, 1, 360, 34.81, 68.7327
0.477, 1, 360, 36.5881, 61.4733
0.496, 1, 360, 38.0927, 120.509
0.514, 1, 360, 39.5973, 30.8198
0.533, 1, 360, 40.8967, 82.8757
0.553, 1, 360, 42.6748, 100.696
0.574, 1, 360, 44.3845, 75.2355
0.596, 1, 360, 46.231, -30.993
0.646, 1, 360, 47.5304, 80.4911
0.691, 1, 360, 53.3435, 96.9027
0.706, 1, 360, 54.7796, 65.8537
0.725, 1, 360, 56.6945, 81.962
0.747, 1, 360, 57.9939, 60.8985
0.76, 1, 360, 59.0881, 0
0.772, 1, 360, 60.4559, 62.2851
0.792, 1, 360, 61.7553, 84.6609
0.81, 1, 360, 63.465, 113.04
0.83, 1, 360, 64.8328, 47.3281
0.847, 1, 360, 66.269, 87.7533
0.868, 1, 360, 68.1155, 118.474
0.89, 1, 360, 69.7568, 81.6099
0.91, 1, 360, 71.1246, 94.5035
0.925, 1, 360, 72.6976, 76.0893
0.947, 1, 360, 74.4073, 0
0.969, 1, 360, 76.1854, 61.9279
0.99, 1, 360, 77.6216, 87.1568
1.007, 1, 360, 79.0578, 88.8747
1.027, 1, 360, 80.8359, 115.816
1.049, 1, 360, 82.5456, 89.828
1.07, 1, 360, 83.9818, 91.4292
1.085, 1, 360, 85.8967, 90.6015
1.111, 1, 360, 87.6748, 204.053
1.14, 1, 360, 90.0684, 71.938
1.162, 1, 360, 91.5046, 78.563
1.179, 1, 360, 92.7356, 51.2662
1.192, 1, 360, 94.1033, 68.5261
1.214, 1, 360, 94.5821, 60.5213
1.23, 1, 360, 96.8389, 124.912
1.243, 1, 360, 97.9331, 159.044
1.26, 1, 360, 99.2325, 82.0997
1.274, 1, 360, 100.395, -84507.7
1.288, 1, 360, 101.284, 29.44
1.302, 1, 360, 101.216, 43.6991
1.33, 1, 360, 102.515, 68.5261
1.352, 1, 360, 103.815, 898.28
1.366, 1, 360, 104.909, 60.5213
1.38, 1, 360, 106.071, 58.6276
1.395, 1, 360, 107.097, 62.6847
1.409, 1, 360, 108.26, 120.403
1.422, 1, 360, 109.354, 57.9814
1.437, 1, 360, 110.448, 54.0625
1.45, 1, 360, 111.406, 0
1.462, 1, 360, 112.432, 40.017
1.476, 1, 360, 113.526, 60.361
1.49, 1, 360, 114.825, 84.3788
1.51, 1, 360, 116.672, 74.6605
1.53, 1, 360, 118.108, 88.9325
1.55, 1, 360, 119.544, 70.8695
1.57, 1, 360, 121.117, 57.8343
1.585, 1, 360, 122.69, 61.8346
1.604, 1, 360, 123.853, 62.9444
1.618, 1, 360, 125.015, 60.9528
1.633, 1, 360, 126.041, 58.2035
1.645, 1, 360, 127.135, 46.2714
1.659, 1, 360, 128.298, 176.26
1.673, 1, 360, 129.324, 56.9909
1.69, 1, 360, 130.691, 0
1.704, 1, 360, 131.786, 0
1.719, 1, 360, 132.948, 118.218
1.733, 1, 360, 133.085, 857.927
1.744, 1, 360, 134.932, 124.57
1.757, 1, 360, 135.957, 78.1589
1.771, 1, 360, 137.052, 0
1.786, 1, 360, 138.146, 36.1656
1.799, 1, 360, 139.24, 120.297
1.813, 1, 360, 140.334, 94.1134
1.827, 1, 360, 141.429, 61.1162
1.84, 1, 360, 142.523, 269.248
1.854, 1, 360, 143.617, 120.403
1.868, 1, 360, 144.711, 0
1.882, 1, 360, 145.805, 42.4513
1.896, 1, 360, 146.9, 46.6501
1.912, 1, 360, 148.199, 61.9466
1.926, 1, 360, 149.293, 87.2309
1.94, 1, 360, 150.456, 61.4733
1.955, 1, 360, 151.619, 117.709
1.968, 1, 360, 152.644, 90.3025
1.983, 1, 360, 153.807, 61.1162
1.997, 1, 360, 154.901, 59.6503
2.011, 1, 360, 156.132, 92.7519
2.032, 1, 360, 158.116, 72.8577
2.054, 1, 360, 159.62, 38.9903
2.071, 1, 360, 161.056, 71.8523
2.092, 1, 360, 162.903, 144.586
2.111, 1, 360, 163.997, 101.392
2.126, 1, 360, 165.502, 34194.5
2.15, 1, 360, 165.502, 807.134
2.163, 1, 360, 168.237, 92.6681
2.178, 1, 360, 169.742, 119.457
2.196, 1, 360, 171.246, 81.1066
2.218, 1, 360, 172.956, 0
2.236, 1, 360, 174.05, 91.7153
2.251, 1, 360, 175.35, 91.9208
2.266, 1, 360, 176.922, 56.778
2.289, 1, 360, 179.726, 83.0771
2.323, 1, 360, 181.983, -inf
2.361, 1, 360, 184.582, 83.0973
2.383, 1, 360, 186.018, 97.4005
2.402, 1, 360, 187.933, 77.2467
2.423, 1, 360, 189.369, 78.2483
2.444, 1, 360, 191.284, 72.039
2.465, 1, 360, 192.789, 71.1793
2.485, 1, 360, 195.182, 85.9231
2.544, 1, 360, 200.312, 81.7492
2.59, 1, 360, 203.594, 83.6257
2.636, 1, 360, 208.997, -13.0663
2.691, 1, 360, 210.98, 92.2514
2.706, 1, 360, 212.143, 0
2.721, 1, 360, 213.305, 63.8852
2.735, 1, 360, 214.4, 49.1301
2.748, 1, 360, 215.494, 59.5723
2.762, 1, 360, 216.52, 94.6343
2.776, 1, 360, 217.682, 52.7693
2.79, 1, 360, 218.777, 998.38
2.802, 1, 360, 219.802, 79.093
2.82, 1, 360, 221.375, 57.086
2.841, 1, 360, 223.222, 153.683
2.86, 1, 360, 224.384, 73.0184
2.878, 1, 360, 226.163, 70.2868
2.9, 1, 360, 228.078, 71.1941
2.924, 1, 360, 229.924, 66.5425
2.946, 1, 360, 230.334, 38.7254
2.959, 1, 360, 232.386, 124.006
2.973, 1, 360, 233.412, 63.1478
2.987, 1, 360, 234.506, 42.0338
3, 1, 360, 235.737, 29.6057
3.015, 1, 360, 236.9, 630.314
3.029, 1, 360, 238.267, 39.8306
3.049, 1, 360, 240.182, 79.6518
3.076, 1, 360, 242.097, 87.9791
3.097, 1, 360, 243.602, 58.7031
3.114, 1, 360, 245.517, 0
3.138, 1, 360, 247.021, 85.1245
3.159, 1, 360, 248.389, 90.2429
3.177, 1, 360, 250.236, 73.0808
3.205, 1, 360, 252.766, 89.3391
3.229, 1, 360, 254.271, 495.573
3.245, 1, 360, 255.433, 62.3419
3.261, 1, 360, 256.664, 69.3953
3.277, 1, 360, 258.169, 88.5486
3.299, 1, 360, 259.947, 117.105
3.316, 1, 360, 260.084, 110.572
3.331, 1, 360, 262.204, 119.249
3.345, 1, 360, 263.298, 94.4166
3.359, 1, 360, 264.46, 56.6135
3.373, 1, 360, 265.555, 122.781
3.386, 1, 360, 266.649, 89.5731
3.4, 1, 360, 267.675, 0
3.414, 1, 360, 268.837, 59.4687
3.427, 1, 360, 269.863, 39.9936
3.441, 1, 360, 271.299, 68.8712
3.461, 1, 360, 272.667, 116.572
3.478, 1, 360, 274.103, 82.1589
3.498, 1, 360, 275.881, 67.4781
3.518, 1, 360, 277.386, 68.8712
3.54, 1, 360, 278.822, 73.1277
3.557, 1, 360, 280.669, 0
3.579, 1, 360, 282.447, 65.1531
3.601, 1, 360, 283.815, 61.1709
3.614, 1, 360, 284.772, 0
3.627, 1, 360, 285.798, 0
3.638, 1, 360, 286.619, 139.285
3.651, 1, 360, 288.328, 61.7787
3.671, 1, 360, 289.422, 196.145
3.69, 1, 360, 291.201, 85.5933
3.711, 1, 360, 292.979, 91.5108
3.73, 1, 360, 294.552, 58.9053
3.748, 1, 360, 295.988, 57.5423
3.767, 1, 360, 297.287, 104.283
3.791, 1, 360, 299.339, -23.3065
3.817, 1, 360, 301.459, 97.9786
3.836, 1, 360, 302.69, 129.036
3.852, 1, 360, 304.605, 112.021
3.88, 1, 360, 306.52, 60.6107
3.9, 1, 360, 307.819, 78.4878
3.917, 1, 360, 309.324, 106.882
3.937, 1, 360, 310.76, 80.0965
3.963, 1, 360, 313.222, 76.8416
3.985, 1, 360, 314.658, 87.866
4.004, 1, 360, 316.505, 94.4861
4.026, 1, 360, 318.283, 471.649
4.049, 1, 360, 320.129, 81.2222
4.071, 1, 360, 321.907, 67.9981
4.093, 1, 360, 323.343, 86.4408
4.112, 1, 360, 325.19, 57.9814
4.131, 1, 360, 326.695, 0
4.15, 1, 360, 328.199, 96.3
4.172, 1, 360, 330.114, 79.3837
4.203, 1, 360, 333.533, 76.9081
4.245, 1, 360, 336.543, 126.646
4.272, 1, 360, 338.868, 94.9848
4.3, 1, 360, 340.03, 121.581
4.328, 1, 360, 342.629, 118.32
4.345, 1, 360, 344.407, 59.4171
4.373, 1, 360, 345.98, 1000.57
4.397, 1, 360, 346.938, 80.0809
4.414, 1, 360, 349.536, 87.9791
4.435, 1, 360, 351.315, -1085.54
4.453, 1, 360, 352.409, 118.218
4.469, 1, 360, 353.982, 61.3905
4.486, 1, 360, 354.119, 361.043
4.509, 1, 360, 357.333, 179.185
4.527, 1, 360, 358.427, 93.6836
4.541, 0.557112, 360, 359.726, 30.8615
4.56, 0.0968541, 360, 360.205, 0
4.578, 0.0412918, 360, 360.205, 0
4.606, 0.0980547, 360, 360.205, 0
4.623, 0.108313, 360, 360.205, 0
4.645, 0.11652, 360, 360.205, 0
4.684, 0.130881, 360, 360.205, 0
4.713, 0.139088, 360, 360.205, 0
4.801, 0.161657, 360, 360.205, 0
4.848, 0.176018, 360, 360.205, 0
4.875, 0.180122, 360, 360.205, 0
4.916, 0.19038, 360, 360.205, 0
4.943, 0.20269, 360, 360.205, 0
4.975, 0.225258, 360, 360.205, 0
4.993, 0.235517, 360, 360.205, 0
5.016, 0.243723, 360, 360.205, 0
5.036, 0.256033, 360, 360.205, 0
5.053, 0.274498, 360, 360.205, 0
5.066, 0.286809, 360, 360.205, 0
5.08, 0.297067, 360, 360.205, 0
5.095, 0.311429, 360, 360.205, 0
5.108, 0.323739, 360, 360.205, 0
5.124, 0.32579, 360, 360.205, 0
5.137, 0.333997, 360, 360.205, 0
5.155, 0.35041, 360, 360.205, 0
5.174, 0.360669, 360, 360.205, 0
5.193, 0.370927, 360, 360.205, 0
5.213, 0.379134, 360, 360.137, 0
5.229, 0.35041, 360, 360.068, 0
5.252, 0.325106, 360, 360.068, 0
5.276, 0.330578, 360, 360.068, 0
5.297, 0.333313, 360, 360.068, 0
5.312, 0.337416, 360, 360.068, 0
5.327, 0.340152, 360, 360.068, 0
5.349, 0.344255, 360, 360.068, 0
5.376, 0.349726, 360, 360.068, 0
5.402, 0.353146, 360, 360.068, 0
5.42, 0.354514, 360, 360.068, 0
5.442, 0.0282979, 360, 360.068, 0
5.463, 0.0310334, 360, 360.068, 0
5.478, 0.0330851, 360, 360.068, 0
5.5, 0.0371884, 360, 360.068, 0
5.523, 0.0282979, 360, 360.068, 0
5.541, 0.0296657, 360, 360.068, -330589
5.563, 0.0262462, 360, 360.068, 0
5.578, 0.0310334, 360, 360.068, 0
5.591, 0.033769, 360, 360.068, 0
5.606, 0.0385562, 360, 360.068, 0
5.62, 0.0426596, 360, 360.068, 0
5.632, 0.0467629, 360, 360.068, 0
5.647, 0.0515502, 360, 360.068, 0
5.662, 0.0556535, 360, 360.068, 0
5.675, 0.0590729, 360, 360.068, 0
5.694, 0.0624924, 360, 360.068, 0
5.715, 0.065228, 360, 360.068, 0
5.731, 0.0686474, 360, 360.068, 0
5.749, 0.071383, 360, 360.068, 0
5.763, 0.071383, 360, 360.068, 0
5.785, 0.0789058, 360, 360.068, 0
5.803, 0.0823252, 360, 360.068, 0
5.825, 0.0871125, 360, 360.068, 0
5.847, 0.0905319, 360, 360.068, 0
5.862, 0.0953191, 360, 360.068, 0
5.878, 0.0987386, 360, 360.068, 0
5.898, 0.102158, 360, 360.068, 0
5.918, 0.104894, 360, 360.068, 0
5.935, 0.106945, 360, 360.068, 0
5.957, 0.1131, 360, 360.068, 0
5.974, 0.114468, 360, 360.068, 0
5.991, 0.117204, 360, 360.068, 0
6.012, 0.121991, 360, 360.068, 0
6.029, 0.124043, 360, 360.068, 77644.4
6.045, 0.0953191, 360, 360.547, 0
6.064, 0.206109, 360, 360.752, 0
6.081, 0.424271, 360, 360.752, -15.0075
6.119, 0.448207, 360, 360.616, 0
6.139, 0.44, 360, 360.616, 0
6.156, 0.458465, 360, 360.616, 0
6.178, 0.51386, 360, 360.616, 0
6.193, 0.53848, 360, 360.616, 0
6.212, 0.5631, 360, 360.547, -15.4099
6.239, 0.543951, 360, 360.41, 0
6.313, 0.479666, 360, 360.205, 0
6.345, 0.425638, 360, 360.068, 0
6.365, 0.394179, 360, 360.068, 0
6.385, 0.39965, 360, 360.068, 0
6.401, 0.402386, 360, 360, 0
6.424, 0.368191, 360, 360, 0
6.444, 0.368191, 360, 360, 0
6.463, 0.368191, 360, 360, 0
6.485, 0.368191, 360, 360, 0
6.505, 0.368191, 360, 360, 0
6.526, 0.368191, 360, 360, 0
6.541, 0.368191, 360, 360, 0
6.552, 0.368191, 360, 360, 0
6.566, 0.368191, 360, 360, 0
6.581, 0.368191, 360, 360, 0
6.594, 0.368191, 360, 360, 0
6.609, 0.368191, 360, 360, 0
6.622, 0.368191, 360, 360, 0
6.636, 0.368191, 360, 360, 0
6.65, 0.368191, 360, 360, 0
6.663, 0.368191, 360, 360, 0
6.677, 0.368191, 360, 360, 0
6.691, 0.368191, 360, 360, 0
6.706, 0.368191, 360, 360, 0
6.72, 0.368191, 360, 360, 0
6.734, 0.368191, 360, 360, 0
6.748, 0.368191, 360, 360, 0
6.762, 0.368191, 360, 360, 0
6.776, 0.368191, 360, 360, 0
6.79, 0.368191, 360, 360, 0
6.805, 0.368191, 360, 360, 0
6.817, 0.368191, 360, 360, 0
6.831, 0.368191, 360, 360, 0
6.843, 0.368191, 360, 360, 0
6.856, 0.368191, 360, 360, 0
6.869, 0.368191, 360, 360, 0
6.884, 0.368191, 360, 360, 0
6.897, 0.368191, 360, 360, 0
6.91, 0.368191, 360, 360, 0
6.923, 0.368191, 360, 360, 0
6.937, 0.368191, 360, 360, 0
6.949, 0.368191, 360, 360, 0
6.963, 0.368191, 360, 360, 0
6.978, 0.368191, 360, 360, 0
6.992, 0.368191, 360, 360, 0
7.006, 0.368191, 360, 360, 0
7.02, 0.368191, 360, 360, 0
7.039, 0.368191, 360, 360, 0
7.059, 0.368191, 360, 360, 0
7.079, 0.368191, 360, 360, 0
7.098, 0.368191, 360, 360, 0
7.116, 0.368191, 360, 360, 0
7.137, 0.368191, 360, 360, 0
7.17, 0.368191, 360, 360, 0
7.206, 0.368191, 360, 360, 0
7.228, 0.368191, 360, 360, 0
7.281, 0.368191, 360, 360, 0
7.319, 0.368191, 360, 360, 0
7.36, 0.368191, 360, 360, 0
7.382, 0.368191, 360, 360, 0
7.399, 0.368191, 360, 360, 0
7.418, 0.368191, 360, 360, 0
7.436, 0.368191, 360, 360, 0
7.458, 0.368191, 360, 360, 0
7.472, 0.368191, 360, 360, 0
7.488, 0.368191, 360, 360, 0
7.503, 0.368191, 360, 360, 0
7.517, 0.368191, 360, 360, 0
7.531, 0.368191, 360, 360, 0
7.545, 0.368191, 360, 360, 0
7.56, 0.368191, 360, 360, 0
7.573, 0.368191, 360, 360, 0
7.589, 0.368191, 360, 360, 0
7.602, 0.368191, 360, 360, 0
7.617, 0.368191, 360, 360, 0
7.631, 0.368191, 360, 360, 0
7.645, 0.368191, 360, 360, 0
7.659, 0.368191, 360, 360, 0
7.672, 0.368191, 360, 360, 0
7.687, 0.368191, 360, 360, 0
7.699, 0.368191, 360, 360, 0
7.719, 0.368191, 360, 360, 0
7.739, 0.368191, 360, 360, 0
7.762, 0.368191, 360, 360, 0
7.782, 0.368191, 360, 360, 0
7.805, 0.368191, 360, 360, 0
7.823, 0.368191, 360, 360, 0
7.844, 0.368191, 360, 360, 0
7.858, 0.368191, 360, 360, 0
7.879, 0.368191, 360, 360, 0
7.896, 0.368191, 360, 360, 0
7.918, 0.368191, 360, 360, 0
7.936, 0.368191, 360, 360, 0
7.957, 0.368191, 360, 360, 0
7.977, 0.368191, 360, 360, 0
7.998, 0.368191, 360, 360, 0
8.024, 0.368191, 360, 360, 0
8.056, 0.368191, 360, 360, 0
8.069, 0.368191, 360, 360, 0
8.086, 0.368191, 360, 360, 0
8.104, 0.368191, 360, 360, 0
8.125, 0.368191, 360, 360, 0
8.141, 0.368191, 360, 360, 0
8.162, 0.368191, 360, 360, 0
8.18, 0.368191, 360, 360, 0
8.193, 0.368191, 360, 360, 0
8.208, 0.368191, 360, 360, 0
8.227, 0.368191, 360, 360, 0
8.261, 0.368191, 360, 360, 0
8.296, 0.368191, 360, 360, 0
8.337, 0.368191, 360, 360, 0
8.383, 0.368191, 360, 360, 0
8.437, 0.368191, 360, 360, 0
8.456, 0.368191, 360, 360, 0
8.475, 0.368191, 360, 360, nan
8.497, 0.368191, 360, 360, 0
8.514, 0.368191, 360, 360, 0
8.527, 0.368191, 360, 360, 0
8.549, 0.368191, 360, 360, 0
8.571, 0.368191, 360, 360, 0
8.593, 0.368191, 360, 360, 0
8.61, 0.368191, 360, 360, 0
8.629, 0.368191, 360, 360, 0
8.65, 0.368191, 360, 360, 0
8.668, 0.368191, 360, 360, 0
8.689, 0.368191, 360, 360, 0
8.75, 0.368191, 360, 360, 0
8.767, 0.368191, 360, 360, 0
8.782, 0.368191, 360, 360, 0
8.8, 0.368191, 360, 360, 0
8.823, 0.368191, 360, 360, 0
8.845, 0.368191, 360, 360, 0
8.864, 0.368191, 360, 360, 0
8.882, 0.368191, 360, 360, 0
8.904, 0.368191, 360, 360, 0
8.923, 0.368191, 360, 360, 0
8.939, 0.368191, 360, 360, 0
8.96, 0.368191, 360, 360, 0
8.976, 0.368191, 360, 360, 0
8.996, 0.368191, 360, 360, 0
9.017, 0.368191, 360, 360, 0
9.041, 0.368191, 360, 360, 0
9.058, 0.368191, 360, 360, 0
9.074, 0.368191, 360, 360, 0
9.095, 0.368191, 360, 360, 0
9.114, 0.368191, 360, 360, 0
9.136, 0.368191, 360, 360, 0
9.154, 0.368191, 360, 360, 0
9.178, 0.368191, 360, 360, 0
9.192, 0.0946353, 360, 360.41, 30.3614
9.211, 0.243723, 360, 360.821, 0
9.23, 0.401018, 360, 360.821, 0
9.252, 0.49266, 360, 360.821, 0
9.275, 0.5419, 360, 360.821, 0
9.291, 0.56652, 360, 360.752, -14.7073
9.31, 0.558313, 360, 360.616, 0
9.331, 0.548739, 360, 360.547, 0
9.362, 0.51386, 360, 360.342, 0
9.408, 0.461884, 360, 360.274, 0
9.449, 0.443419, 360, 360.274, 0
9.486, 0.443419, 360, 360.205, 0
9.527, 0.411277, 360, 360.137, 0
9.547, 0.383237, 360, 360.068, 0
9.566, 0.388708, 360, 360.068, 0
9.582, 0.392128, 360, 360.068, 0
9.602, 0.395547, 360, 360.068, 0
9.627, 0.0255623, 360, 360.205, 0
9.647, 0.103526, 360, 360.205, 0
9.683, 0.117888, 360, 360.205, 0
9.712, 0.121991, 360, 360.205, 0
9.778, 0.138404, 360, 360.205, 0
9.8, 0.148663, 360, 360.205, 0
9.837, 0.160973, 360, 360.205, 0
9.856, 0.167128, 360, 360.205, 0
9.872, 0.175334, 360, 360.205, 0
9.89, 0.191748, 360, 360.205, 0
9.912, 0.199954, 360, 360.205, 0
9.928, 0.206109, 360, 360.205, 0
9.944, 0.222523, 360, 360.205, 0
9.964, 0.232781, 360, 360.205, 0
9.985, 0.240988, 360, 360.205, 0
10.001, 0.247143, 360, 360.205, 0
10.018, 0.25535, 360, 360.205, 0
10.039, 0.269711, 360, 360.205, 0
10.059, 0.286125, 360, 360.205, 0
10.08, 0.296383, 360, 360.205, 0
10.097, 0.300486, 360, 360.205, 0
10.123, 0.321003, 360, 360.205, 0
10.146, 0.335365, 360, 360.205, 0
10.166, 0.34152, 360, 360.205, 0
10.187, 0.357933, 360, 360.205, 0
10.207, 0.368191, 360, 360.205, 0
10.227, 0.376398, 360, 360.205, 0
10.244, 0.394863, 360, 360.205, 0
10.258, 0.372295, 360, 360.137, 0
10.273, 0.380502, 360, 360.137, 0
10.286, 0.35383, 360, 360.068, 0
10.3, 0.357249, 360, 360.068, 0
10.315, 0.361353, 360, 360.068, 0
10.33, 0.365456, 360, 360.068, 0
10.343, 0.369559, 360, 360.068, 0
10.357, 0.374347, 360, 360.068, 0
10.37, 0.377766, 360, 360.068, 0
10.385, 0.381869, 360, 360.068, 0
10.398, 0.385973, 360, 360.068, 0
10.412, 0.390076, 360, 360.068, 0
10.426, 0.393495, 360, 360.068, 0
10.439, 0.397599, 360, 360.068, 0
10.46, 0.40307, 360, 360.068, 0
10.472, 0.407173, 360, 360.068, 0
10.487, 0.41196, 360, 360.068, 0
10.501, 0.416064, 360, 360.068, 0
10.515, 0.420167, 360, 360.068, 0
10.532, 0.422903, 360, 360.068, 0
10.552, 0.0618085, 360, 360.205, 0
10.566, 0.145927, 360, 360.274, 0
10.582, 0.16234, 360, 360.274, 0
10.597, 0.178754, 360, 360.274, 0
10.61, 0.197903, 360, 360.274, 0
10.624, 0.208845, 360, 360.274, 0
10.638, 0.225258, 360, 360.274, 0
10.653, 0.244407, 360, 360.274, 0
10.667, 0.260821, 360, 360.274, 0
10.68, 0.266292, 360, 360.274, 0
10.698, 0.274498, 360, 360.274, 0
10.719, 0.299119, 360, 360.274, 0
10.737, 0.307325, 360, 360.274, 0
10.753, 0.315532, 360, 360.274, 0
10.783, 0.32921, 360, 360.274, 0
10.833, 0.348359, 360, 360.274, 0
10.891, 0.375714, 360, 360.274, 0
10.91, 0.389392, 360, 360.274, 0
10.928, 0.405805, 360, 360.274, 0
10.949, 0.416748, 360, 360.274, 0
10.963, 0.416748, 360, 360.274, 0
10.997, 0.446839, 360, 360.274, 0
11.021, 0.465988, 360, 360.274, 0
11.043, 0.47693, 360, 360.274, 0
11.06, 0.485137, 360, 360.205, 0
11.081, 0.471459, 360, 360.137, -5.69624
11.115, 0.443419, 360, 360, 0
11.148, 0.37845, 360, 360, 0
11.208, 0.37845, 360, 360, -5.70813
11.245, 0.37845, 360, 359.932, 0
11.307, 0.338784, 360, 359.932, 0
11.353, 0.334681, 360, 359.932, -0.721315
11.386, 0.329894, 360, 359.932, 0
11.406, 0.326474, 360, 359.932, 0
11.429, 0.323739, 360, 359.932, 0
11.444, 0.323739, 360, 359.932, 0
11.464, 0.317584, 360, 359.932, 0
11.509, 0.31348, 360, 359.932, 0
11.551, 0.309377, 360, 359.932, 0
11.593, 0.307325, 360, 359.932, 0
11.653, 0.301854, 360, 359.932, 0
11.68, 0.301854, 360, 359.932, 0
11.72, 0.296383, 360, 359.932, 0
11.758, 0.28886, 360, 359.932, 0
11.78, 0.286125, 360, 359.932, 0
11.808, 0.283389, 360, 359.932, 0
11.827, 0.282021, 360, 359.932, 0
11.875, 0.277234, 360, 359.932, -311899
11.902, 0.277234, 360, 359.932, 0
11.925, 0.0482979, 360, 359.932, 0
11.943, 0.0496657, 360, 359.932, 0
11.967, 0.0544529, 360, 359.932, 0
11.982, 0.0585562, 360, 359.932, 0
12.001, 0.0619757, 360, 359.932, 0
12.022, 0.0647112, 360, 359.932, -4.10334e+07
12.036, 0.0455623, 360, 359.932, 0
12.057, 0.0496657, 360, 359.932, 0
12.074, 0.0524012, 360, 359.932, 0
12.096, 0.0578723, 360, 359.932, 0
12.132, 0.0606079, 360, 359.932, 0
12.148, 0.0647112, 360, 359.932, 0
12.161, 0.0647112, 360, 359.932, 109572
12.217, 0.0708663, 360, 359.932, 0
12.24, 0.047614, 360, 359.932, 0
12.262, 0.0517173, 360, 359.932, 0
12.277, 0.0571884, 360, 359.932, 0
12.292, 0.0612918, 360, 359.932, 0
12.305, 0.0640274, 360, 359.932, -3.41945e+07
12.323, 0.0455623, 360, 359.932, 0
12.338, 0.0496657, 360, 359.932, 0
12.351, 0.053769, 360, 359.932, 0
12.365, 0.0578723, 360, 359.932, 0
12.378, 0.0612918, 360, 359.932, 0
12.397, 0.0647112, 360, 359.932, 0
12.418, 0.0694985, 360, 359.932, 0
12.444, 0.0749696, 360, 359.932, 0
12.462, 0.0783891, 360, 359.932, 0
12.49, 0.0838602, 360, 359.932, 0
12.506, 0.0872796, 360, 359.932, 0
12.521, 0.0900152, 360, 359.932, 0
12.54, 0.0934347, 360, 359.932, 0
12.562, 0.0982219, 360, 359.932, 0
12.583, 0.101641, 360, 359.932, 0
12.602, 0.105745, 360, 359.932, 0
12.622, 0.10848, 360, 359.932, 0
12.642, 0.1119, 360, 359.932, 0
12.662, 0.116003, 360, 359.932, 0
12.68, 0.12079, 360, 359.932, 0
12.702, 0.12421, 360, 359.932, 0
12.725, 0.128313, 360, 359.932, 0
12.757, 0.135836, 360, 359.932, 0
12.776, 0.139255, 360, 359.932, 0
12.795, 0.144726, 360, 359.932, 0
12.809, 0.14883, 360, 359.932, 0
12.822, 0.152249, 360, 359.932, 0
12.838, 0.15772, 360, 359.932, 0
12.856, 0.160456, 360, 359.932, 0
12.873, 0.163875, 360, 359.932, 0
12.892, 0.0455623, 360, 359.932, 0
12.905, 0.0496657, 360, 359.932, 0
12.919, 0.053769, 360, 359.932, 0
12.933, 0.0585562, 360, 359.932, 0
12.951, 0.0612918, 360, 359.932, 0
12.966, 0.0640274, 360, 359.932, 0
12.987, 0.066079, 360, 359.932, 0
13.01, 0.0708663, 360, 359.932, 0
13.026, 0.0756535, 360, 359.932, 0
13.051, 0.0783891, 360, 359.932, 0
13.07, 0.0838602, 360, 359.932, 0
13.087, 0.0872796, 360, 359.932, 0
13.107, 0.0920669, 360, 359.932, 0
13.12, 0.0961702, 360, 359.932, 0
13.134, 0.0995897, 360, 359.932, 0
13.149, 0.104377, 360, 359.932, 0
13.162, 0.107796, 360, 359.932, 0
13.18, 0.1119, 360, 359.932, 0
13.199, 0.115319, 360, 359.932, 0
13.233, 0.118739, 360, 359.932, 0
13.29, 0.122842, 360, 359.932, 0
13.343, 0.126261, 360, 359.932, 0
13.371, 0.131049, 360, 359.932, 0
13.393, 0.135836, 360, 359.932, 0
13.416, 0.139939, 360, 359.932, 0
13.436, 0.141991, 360, 359.932, 0
13.458, 0.148146, 360, 359.932, 0
13.491, 0.152249, 360, 359.932, 0
13.51, 0.157036, 360, 359.932, 0
13.53, 0.160456, 360, 359.932, 0
13.549, 0.163875, 360, 359.932, 0
13.567, 0.165243, 360, 359.932, 0
13.59, 0.17003, 360, 359.932, 0
13.618, 0.176869, 360, 359.932, 0
13.643, 0.180289, 360, 359.932, 0
13.663, 0.18576, 360, 359.932, 0
13.682, 0.189179, 360, 359.932, 0
13.705, 0.191915, 360, 359.932, 0
13.726, 0.197386, 360, 359.932, 0
13.749, 0.202173, 360, 359.932, 0
13.769, 0.204225, 360, 359.932, 0
13.794, 0.21038, 360, 359.932, 0
13.815, 0.213116, 360, 359.932, 0
13.831, 0.216535, 360, 359.932, 0
13.851, 0.221322, 360, 359.932, 0
13.87, 0.224742, 360, 359.932, 0
13.888, 0.228161, 360, 359.932, 0
13.907, 0.231581, 360, 359.932, 0
13.926, 0.234316, 360, 359.932, 0
13.948, 0.239787, 360, 359.932, 0
13.966, 0.243207, 360, 359.932, 0
13.99, 0.245942, 360, 359.932, 0
14.015, 0.250729, 360, 359.932, 0
14.036, 0.256201, 360, 359.932, 0
14.049, 0.0618085, 360, 359.726, 0
14.064, 0.148663, 360, 359.726, 0
14.079, 0.165076, 360, 359.726, 0
14.092, 0.181489, 360, 359.726, 0
14.107, 0.197903, 360, 359.726, 0
14.119, 0.211581, 360, 359.726, 0
14.134, 0.227994, 360, 359.726, 0
14.149, 0.249878, 360, 359.726, 0
14.162, 0.258085, 360, 359.726, 0
14.184, 0.269027, 360, 359.726, 0
14.201, 0.288176, 360, 359.726, 0
14.221, 0.301854, 360, 359.726, 0
14.246, 0.323739, 360, 359.726, 0
14.266, 0.337416, 360, 359.726, 0
14.286, 0.348359, 360, 359.726, 0
14.302, 0.356565, 360, 359.726, 0
14.319, 0.37845, 360, 359.726, 0
14.339, 0.392128, 360, 359.726, 0
14.359, 0.40307, 360, 359.726, 0
14.378, 0.422219, 360, 359.726, 0
14.397, 0.435897, 360, 359.726, 0
14.42, 0.446839, 360, 359.726, 0
14.444, 0.465988, 360, 359.795, 0
14.465, 0.414696, 360, 359.863, 16.7991
14.487, 0.38734, 360, 359.932, 0
14.506, 0.390076, 360, 359.932, 0
14.523, 0.394863, 360, 359.932, 0
14.542, 0.396231, 360, 359.932, 0
14.562, 0.402386, 360, 359.932, 0
14.581, 0.405805, 360, 359.932, 0
14.603, 0.409225, 360, 359.932, 0
14.624, 0.414696, 360, 359.932, 0
14.644, 0.418799, 360, 359.932, 0
14.658, 0.0120517, 360, 360.068, 0
14.673, 0.0611246, 360, 360.205, 0
14.685, 0.104894, 360, 360.205, 0
14.698, 0.119255, 360, 360.205, 0
14.711, 0.131565, 360, 360.205, 0
14.728, 0.135669, 360, 360.205, 0
14.758, 0.139772, 360, 360.205, 0
14.808, 0.158237, 360, 360.205, 0
14.848, 0.168495, 360, 360.205, 0
14.894, 0.180805, 360, 360.205, 0
14.928, 0.191064, 360, 360.205, 0
14.957, 0.203374, 360, 360.205, 0
14.979, 0.219787, 360, 360.205, 0
14.994, 0.221839, 360, 360.205, 0
15.014, 0.238252, 360, 360.205, 0
15.035, 0.246459, 360, 360.205, 0
15.052, 0.252614, 360, 360.205, 0
15.065, 0.273131, 360, 360.205, 0
15.079, 0.114635, 360, 360.205, -60.1487
15.091, 0.0175228, 360, 360, 0
15.106, 0.0175228, 360, 359.932, 0
15.119, 0.0207751, 360, 359.932, 0
15.133, 0.0241945, 360, 359.932, 0
15.147, 0.0282979, 360, 359.932, 0
15.167, 0.0317173, 360, 359.932, 0
15.189, 0.0365046, 360, 359.932, 0
15.206, 0.0392401, 360, 359.932, 0
15.22, 0.0419757, 360, 359.932, 0
15.241, 0.0440274, 360, 359.932, 0
15.257, 0.0501824, 360, 359.932, 0
15.27, 0.0542857, 360, 359.932, 0
15.284, 0.0590729, 360, 359.932, 0
15.297, 0.0448784, 360, 359.932, 0
15.313, 0.0489818, 360, 359.932, 0
15.33, 0.0524012, 360, 359.932, 0
15.355, 0.0558207, 360, 359.932, 0
15.375, 0.0585562, 360, 359.932, 0
15.394, 0.0647112, 360, 359.932, 0
15.411, 0.0681307, 360, 359.932, 0
15.433, 0.0708663, 360, 359.932, 0
15.45, 0.0742857, 360, 359.932, 0
15.477, 0.0797568, 360, 359.932, 0
15.496, 0.0824924, 360, 359.932, 0
15.523, 0.0886474, 360, 359.932, 0
15.541, 0.0920669, 360, 359.932, 0
15.563, 0.0968541, 360, 359.932, 0
15.581, 0.100274, 360, 359.932, 0
15.607, 0.105745, 360, 359.932, 0
15.626, 0.109164, 360, 359.932, 0
15.646, 0.113267, 360, 359.932, 0
15.667, 0.114635, 360, 359.932, 0
15.686, 0.118055, 360, 359.932, 0
15.709, 0.12421, 360, 359.932, 0
15.729, 0.127629, 360, 359.932, 0
15.749, 0.130365, 360, 359.932, 0
15.765, 0.132416, 360, 359.932, 0
15.789, 0.137204, 360, 359.932, 0
15.813, 0.141307, 360, 359.932, 0
15.834, 0.146778, 360, 359.932, 0
15.852, 0.151565, 360, 359.932, 0
15.867, 0.155669, 360, 359.932, 0
15.881, 0.159772, 360, 359.932, 0
15.895, 0.163875, 360, 359.932, 0
15.908, 0.168663, 360, 359.932, 0
15.922, 0.172766, 360, 359.932, 0
15.937, 0.176869, 360, 359.932, 0
15.95, 0.180289, 360, 359.932, 0
15.965, 0.184392, 360, 359.932, 0
15.979, 0.188495, 360, 359.932, 0
15.994, 0.193283, 360, 359.932, 0
16.007, 0.197386, 360, 359.932, 0
16.021, 0.200805, 360, 359.932, 0
16.034, 0.204909, 360, 359.932, 0
16.049, 0.209012, 360, 359.932, 0
16.064, 0.213799, 360, 359.932, 0
16.077, 0.217903, 360, 359.932, 0
16.091, 0.221322, 360, 359.932, 0
16.105, 0.226109, 360, 359.932, 0
16.119, 0.229529, 360, 360086, 0
16.14, 0.0448784, 360, 360, 0
16.153, 0.0597568, 360, 360.137, 0
16.167, 0.101474, 360, 360.205, 0
16.179, 0.111733, 360, 360.205, 0
16.194, 0.126094, 360, 360.205, 0
16.208, 0.138404, 360, 360.205, 0
16.222, 0.150714, 360, 360.205, 0
16.237, 0.163024, 360, 360.205, 0
16.25, 0.175334, 360, 360.205, 0
16.273, 0.183541, 360, 360.205, 0
16.296, 0.195851, 360, 360.205, 0
16.318, 0.208161, 360, 360.205, 0
16.334, 0.214316, 360, 360.205, 0
16.356, 0.234833, 360, 360.205, 0
16.375, 0.245091, 360, 360.205, 0
16.394, 0.249195, 360, 360.205, 0
16.41, 0.257401, 360, 360.205, 0
16.431, 0.240988, 360, 360.137, 0
16.45, 0.247827, 360, 360.137, 0
16.471, 0.253298, 360, 360.137, 0
16.488, 0.262872, 360, 360.137, 0
16.506, 0.269711, 360, 360.137, 0
16.522, 0.275182, 360, 360.137, 0
16.541, 0.279286, 360, 360.137, 0
16.563, 0.290228, 360, 360.137, 0
16.578, 0.295699, 360, 360.137, 0
16.597, 0.302538, 360, 360.068, 0
16.618, 0.272447, 360, 360.068, 0
16.635, 0.277234, 360, 360.068, 4.10334e+07
16.655, 0.0262462, 360, 360.205, 0
16.669, 0.146611, 360, 360.342, 0
16.683, 0.197903, 360, 360.342, 0
16.695, 0.215, 360, 360.342, 0
16.71, 0.235517, 360, 360.342, inf
16.722, 0.156353, 360, 360.274, 0
16.734, 0.13652, 360, 360.137, 0
16.748, 0.111216, 360, 360.137, 0
16.762, 0.119422, 360, 360.137, 0
16.778, 0.124894, 360, 360.137, 0
16.8, 0.134468, 360, 360.137, 0
16.821, 0.142675, 360, 360.137, 0
16.84, 0.148146, 360, 360.137, 0
16.862, 0.156353, 360, 360.137, 0
16.88, 0.160456, 360, 360.137, 0
16.9, 0.171398, 360, 360.137, 0
16.923, 0.178237, 360, 360.137, 0
16.94, 0.18234, 360, 360.137, 0
16.953, 0.191915, 360, 360.137, 0
16.973, 0.198754, 360, 360.137, 0
16.993, 0.204225, 360, 360.137, 0
17.01, 0.213799, 360, 360.137, 0
17.03, 0.219271, 360, 360.137, 0
17.044, 0.227477, 360, 0.410334, 161457
17.058, 0.0638602, 360, 360.137, 0
17.072, 0.0720669, 360, 360.137, 0
17.085, 0.0789058, 360, 360.137, 0
17.1, 0.0871125, 360, 360.137, 0
17.114, 0.0953191, 360, 360.137, 0
17.127, 0.103526, 360, 360.137, 0
17.142, 1, 360, 360.137, 0
17.156, 0.139088, 360, 360.274, 0
17.169, 0.188328, 360, 360.342, 0
17.181, 0.205426, 360, 360.342, 0
17.195, 0.225942, 360, 360.342, 0
17.209, 0.246459, 360, 360.342, 0
17.222, 0.263556, 360, 360.342, 0
17.237, 0.284073, 360, 360.342, 0
17.25, 0.30459, 360, 360.342, 0
17.264, 0.325106, 360, 360.342, 0
17.279, 0.349043, 360, 360.342, 0
17.292, 0.36272, 360, 360.342, 0
17.307, 0.35383, 360, 360.274, 0
17.321, 0.367508, 360, 360.274, 0
17.335, 0.383921, 360, 360.274, 0
17.349, 0.400334, 360, 360.274, 0
17.363, 0.416748, 360, 360.274, 0
17.377, 0.435897, 360, 360.274, 0
17.392, 0.45231, 360, 360.274, 0
17.406, 0.468723, 360, 360.274, 0
17.42, 0.485137, 360, 360.274, 0
17.433, 0.50155, 360, 360.274, 0
17.447, 0.517964, 360, 360.274, 0
17.461, 0.496079, 360, 360.205, 0
17.476, 0.473511, 360, 360.137, 0
17.49, 0.447523, 360, 360.068, -34.2116
17.504, 0.414696, 360, 360, 0
17.518, 0.414696, 360, 360, 0
17.532, 0.414696, 360, 360, 0
17.546, 0.37845, 360, 359.932, 0
17.56, 0.37503, 360, 359.932, 0
17.573, 0.370927, 360, 359.932, 0
17.586, 0.367508, 360, 359.932, 0
17.6, 0.367508, 360, 359.932, 0
17.617, 0.362036, 360, 359.932, 0
17.637, 0.359985, 360, 359.932, 0
17.657, 0.357249, 360, 359.932, 0
17.675, 0.351778, 360, 359.932, 0
17.693, 0.346991, 360, 359.932, 0
17.704, 0.344255, 360, 359.932, 0
17.719, 0.340152, 360, 359.932, 0
17.733, 0.336049, 360, 359.932, 0
17.755, 0.331945, 360, 359.932, 0
17.775, 0.32921, 360, 359.932, 0
17.789, 0.32921, 360, 359.932, 0
17.808, 0.322371, 360, 359.932, 0
17.828, 0.319635, 360, 359.932, 0
17.851, 0.315532, 360, 359.932, 0
17.869, 0.310745, 360, 359.932, -73938.3
17.889, 0.308693, 360, 359.932, -29.9558
17.915, 0.135669, 360, 359.726, 0
17.929, 0.149347, 360, 359.726, 0
17.946, 0.160289, 360, 359.726, 0
17.965, 0.173967, 360, 359.726, 0
17.98, 0.184909, 360, 359.726, 0
18.014, 0.195851, 360, 359.726, 0
18.047, 0.220471, 360, 359.726, 0
18.07, 0.23962, 360, 359.726, 0
18.093, 0.250562, 360, 359.726, 0
18.117, 0.269711, 360, 359.726, 0
18.134, 0.286125, 360, 359.726, 0
18.155, 0.305274, 360, 359.726, 0
18.179, 0.31348, 360, 359.726, 0
18.207, 0.340836, 360, 359.726, 0
18.226, 0.349043, 360, 359.726, 91429.2
18.24, 0.122842, 360, 359.932, 0
18.253, 0.0229939, 360, 360, 0
18.268, 0.0229939, 360, 360, 0
18.28, 0.0229939, 360, 360, 0
18.294, 0.0229939, 360, 360, 0
18.307, 0.0229939, 360, 360, 0
18.322, 0.0229939, 360, 360, 0
18.336, 0.0229939, 360, 360, 0
18.349, 0.0229939, 360, 360, 0
18.362, 0.0229939, 360, 360, 0
18.402, 0.0229939, 360, 360, 0
18.431, 0.0229939, 360, 360, 0
18.448, 0.0229939, 360, 360, 0
18.467, 0.0229939, 360, 360, 0
18.488, 0.0229939, 360, 360, 0
18.505, 0.0229939, 360, 360, 0
18.529, 0.0229939, 360, 360, 0
18.55, 0.0229939, 360, 360, 0
18.565, 0.0229939, 360, 360, 0
18.587, 0.0229939, 360, 360, 0
18.604, 0.0229939, 360, 360, 5.12918e+07
18.621, 0.0229939, 360, 360, 0
18.667, 0.01, 360, 360, 0
18.69, 0.01, 360, 360, 0
18.709, 0.01, 360, 360, 0
18.728, 0.01, 360, 360, 0
18.748, 0.01, 360, 360, 0
18.772, 0.01, 360, 360, 0
18.788, 0.01, 360, 360, 0
18.81, 0.01, 360, 360, 0
18.828, 0.01, 360, 360, 0
18.841, 0.01, 360, 360, 0
18.855, 0.01, 360, 360, 0
18.876, 0.01, 360, 360, 0
18.893, 0.01, 360, 360, 0
18.915, 0.01, 360, 360, 0
18.934, 0.01, 360, 360, 0
18.955, 0.01, 360, 360, 0
19.009, 0.01, 360, 360, 0
19.032, 0.01, 360, 3.60036e+06, 0
19.059, 0.01, 360, 360, 0
19.076, 0.01, 360, 360, 0
19.099, 0.01, 360, 360, 0
19.113, 0.01, 360, 360, 0
19.132, 0.01, 360, 360, 0
19.152, 0.01, 360, 360, 0
19.169, 0.01, 360, 360, 0
19.193, 0.01, 360, 360, 0
19.221, 0.01, 360, 360, 0
19.242, 0.01, 360, 360, 0
19.287, 0.01, 360, 360, 0
19.324, 0.01, 360, 360, 0
19.359, 0.01, 360, 360, 0
19.376, 0.01, 360, 360, 0
19.387, 0.01, 360, 360, 28.1205
19.403, 0.130198, 360, 360.547, 44.5048
19.423, 0.434529, 360, 360.889, 0
19.444, 0.503602, 360, 360.889, 0
19.459, 0.530274, 360, 360.821, 0
19.48, 0.548055, 360, 360.752, 0
19.496, 0.537796, 360, 360.684, 0
19.512, 0.533009, 360, 360.616, -14.7517
19.533, 0.519331, 360, 360.547, 0
19.551, 0.546687, 360, 360.479, 0
19.575, 0.500866, 360, 360.342, 0
19.593, 0.48924, 360, 360.274, 0
19.616, 1, 360, 360.274, 0
19.633, 0.25962, 360, 360.684, 29.5609
19.651, 0.538647, 360, 361.026, 0
19.666, 0.522918, 360, 361.026, 0
19.685, 0.498298, 360, 360.957, 0
19.704, 0.511292, 360, 360.821, 0
19.725, 0.511292, 360, 360.821, 0
19.747, 0.540699, 360, 360.684, 0
19.766, 0.541383, 360, 360.616, 0
19.786, 0.531809, 360, 360.547, 0
19.802, 0.515395, 360, 360.547, 262598
19.816, 0.274498, 360, 360.479, 0
19.83, 0.273815, 360, 360.479, 0
19.844, 0.297751, 360, 360.479, 0
19.857, 0.326474, 360, 360.479, 0
19.872, 0.355198, 360, 360.479, 0
19.887, 0.383921, 360, 360.479, 0
19.902, 0.412644, 360, 360.479, 0
19.915, 0.441368, 360, 360.479, 0
19.929, 0.474878, 360, 360.479, 0
19.942, 0.498815, 360, 360.479, 0
19.957, 0.532325, 360, 360.41, 0
19.97, 0.518647, 360, 360.41, 0
19.985, 0.547371, 360, 360.41, 0
19.998, 0.567888, 360, 360.342, 0
20.013, 0.519331, 360, 360.274, 0
20.028, 0.53848, 360, 360.274, 0
20.04, 0.518647, 360, 360.205, 0
20.056, 0.494027, 360, 360.068, 0
20.07, 0.429058, 360, 360, 0
20.082, 0.429058, 360, 360, 0
20.095, 0.429058, 360, 360, 0
20.11, 0.394179, 360, 359.932, 0
20.125, 0.390076, 360, 359.932, 0
20.139, 0.384605, 360, 359.932, 0
20.154, 0.380502, 360, 359.932, 0
20.169, 0.377082, 360, 359.932, 0
20.182, 0.372295, 360, 359.932, 0
20.196, 0.368191, 360, 359.932, 0
20.209, 0.365456, 360, 359.932, 0
20.224, 0.359985, 360, 359.932, -702991
20.239, 0.0462462, 360, 359.932, 0
20.253, 0.0503495, 360, 359.932, 0
20.268, 0.0551368, 360, 359.932, 0
20.281, 0.0585562, 360, 359.932, 0
20.296, 0.0626596, 360, 359.932, 0
20.309, 0.0667629, 360, 359.932, 0
20.323, 0.0708663, 360, 359.932, 0
20.336, 0.0749696, 360, 359.932, 0
20.35, 0.0790729, 360, 359.932, -316909
20.365, 0.0462462, 360, 359.932, 0
20.378, 0.0496657, 360, 359.932, 0
20.394, 0.0544529, 360, 359.932, 0
20.407, 0.0578723, 360, 359.932, 0
20.421, 0.0619757, 360, 359.932, 0
20.435, 0.0667629, 360, 359.932, 0
20.448, 0.0694985, 360, 359.932, 0
20.463, 0.0749696, 360, 359.932, 0
20.483, 0.0797568, 360, 359.932, 0
20.497, 0.0838602, 360, 359.932, 0
20.511, 0.0886474, 360, 359.932, 0
20.524, 0.0920669, 360, 359.932, 0
20.539, 0.0927508, 360, 359.932, 0
20.556, 0.0982219, 360, 359.932, 0
20.576, 0.101641, 360, 359.932, 0
20.596, 0.104377, 360, 359.932, 0
20.613, 0.107796, 360, 359.932, 0
20.63, 0.1119, 360, 359.932, 0
20.66, 0.113267, 360, 359.932, 0
20.71, 0.118739, 360, 359.932, 0
20.778, 0.125578, 360, 359.932, 0
20.813, 0.128997, 360, 359.932, 0
20.892, 0.135836, 360, 359.932, 0
20.92, 0.140623, 360, 359.932, 0
20.939, 0.144043, 360, 359.932, 0
20.961, 0.146778, 360, 359.932, 0
20.978, 0.14883, 360, 359.932, 0
21, 0.154985, 360, 359.932, 0
21.019, 0.157036, 360, 359.932, 0
21.037, 0.161824, 360, 359.932, 0
21.076, 0.165927, 360, 359.932, 0
21.111, 0.169347, 360, 359.932, 0
21.138, 0.169347, 360, 359.932, 0
21.172, 0.174134, 360, 359.932, 0
21.207, 0.177553, 360, 359.932, 0
21.245, 0.181657, 360, 359.932, 0
21.261, 0.187128, 360, 359.932, -832.55
21.273, 0.0455623, 360, 359.932, 0
21.293, 0.0489818, 360, 359.932, 0
21.314, 0.0544529, 360, 359.932, 0
21.329, 0.0585562, 360, 359.932, 0
21.343, 0.0448784, 360, 359.932, 0
21.356, 0.0489818, 360, 359.932, 0
21.368, 0.0530851, 360, 359.932, 0
21.381, 0.0571884, 360, 359.932, 0
21.394, 0.0612918, 360, 359.932, 0
21.408, 0.0653951, 360, 359.932, 0
21.422, 0.0694985, 360, 359.932, 0
21.435, 0.072234, 360, 359.932, 0
21.457, 0.0777052, 360, 359.932, 0
21.47, 0.0818085, 360, 359.932, 0
21.484, 0.0859119, 360, 359.932, 0
21.498, 0.0906991, 360, 359.932, 0
21.512, 0.0941185, 360, 359.932, 0
21.526, 0.0982219, 360, 359.932, 0
21.54, 0.102325, 360, 359.932, 0
21.553, 0.106429, 360, 359.932, 0
21.567, 0.109848, 360, 359.932, 0
21.582, 0.115319, 360, 359.932, 0
21.596, 0.119422, 360, 359.932, 0
21.611, 0.123526, 360, 359.932, 0
21.624, 0.126945, 360, 359.932, 0
21.637, 0.131049, 360, 359.932, 0
21.651, 0.135836, 360, 359.932, 0
21.665, 0.138571, 360, 359.932, 0
21.679, 0.143359, 360, 359.932, 0
21.693, 0.146778, 360, 359.932, 0
21.709, 0.151565, 360, 359.932, -731568
21.722, 0.152933, 360, 359.932, 0
21.744, 0.0282979, 360, 359.932, 0
21.762, 0.0317173, 360, 359.932, 0
21.781, 0.0351368, 360, 359.932, 0
21.8, 0.0378723, 360, 359.932, 0
21.82, 0.0433435, 360, 359.932, 0
21.836, 0.046079, 360, 359.932, 0
21.855, 0.0494985, 360, 359.932, 0
21.876, 0.052234, 360, 359.932, 0
21.893, 0.0563374, 360, 359.932, 0
21.911, 0.0577052, 360, 359.932, 0
21.938, 0.065228, 360, 359.932, 0
21.957, 0.0686474, 360, 359.932, 0
21.978, 0.071383, 360, 359.932, 0
22, 0.0768541, 360, 359.932, 0
22.022, 0.0795897, 360, 359.932, 0
22.04, 0.0843769, 360, 359.932, 0
22.063, 0.0871125, 360, 359.932, 0
22.082, 0.0918997, 360, 359.932, 0
22.103, 0.0946353, 360, 359.932, 0
22.12, 0.0994225, 360, 359.932, 0
22.134, 0.103526, 360, 359.932, 0
22.15, 0.108313, 360, 359.932, 0
22.163, 0.112416, 360, 359.932, 0
22.178, 0.11652, 360, 359.932, 0
22.194, 0.121307, 360, 359.932, 0
22.209, 0.12541, 360, 359.932, 0
22.224, 0.128146, 360, 359.932, 0
22.244, 0.132249, 360, 359.932, 0
22.261, 0.135669, 360, 359.932, 0
22.281, 0.139772, 360, 359.932, 0
22.305, 0.143875, 360, 359.932, 0
22.326, 0.145927, 360, 359.932, 0
22.342, 0.151398, 360, 359.932, 0
22.36, 0.154818, 360, 359.932, 0
22.377, 0.158237, 360, 359.932, 0
22.397, 0.161657, 360, 359.932, 0
22.411, 0.164392, 360, 359.932, 0
22.427, 0.167812, 360, 359.932, 0
22.443, 0.167812, 360, 359.932, 0
22.467, 0.17465, 360, 359.932, 0
22.487, 0.180122, 360, 359.932, 0
22.501, 0.184225, 360, 359.932, 0
22.515, 0.188328, 360, 359.932, 0
22.528, 0.191748, 360, 359.932, 0
22.543, 0.197219, 360, 359.932, 0
22.558, 0.201322, 360, 359.932, 0
22.571, 0.204742, 360, 359.932, 0
22.585, 0.208845, 360, 359.932, 0
22.6, 0.212948, 360, 359.932, 0
22.614, 0.217052, 360, 359.932, 0
22.629, 0.221155, 360, 359.932, 0
22.643, 0.225942, 360, 359.932, 0
22.657, 0.230046, 360, 359.932, 0
22.67, 0.234149, 360, 359.932, 0
22.686, 0.238252, 360, 359.932, 0
22.701, 0.242356, 360, 359.932, 0
22.713, 0.247143, 360, 359.932, 0
22.726, 0.251246, 360, 359.932, 0
22.738, 0.256033, 360, 359.932, 0
22.751, 0.260137, 360, 359.932, 0
22.763, 0.26424, 360, 359.932, 0
22.776, 0.268343, 360, 359.932, 0
22.788, 0.272447, 360, 359.932, 0
22.801, 0.277234, 360, 359.932, 0
22.813, 0.281337, 360, 359.932, 0
22.827, 0.283389, 360, 359.932, 0
22.849, 0.286809, 360, 359.932, 0
22.868, 0.289544, 360, 359.932, 0
22.884, 0.29228, 360, 359.932, 0
22.9, 0.295015, 360, 359.932, 0
22.921, 0.299802, 360, 359.932, 0
22.937, 0.302538, 360, 359.932, 0
22.96, 0.308009, 360, 359.932, 0
22.987, 0.31348, 360, 359.932, 0
23.008, 0.316216, 360, 359.932, 0
23.025, 0.321003, 360, 359.932, 0
23.044, 0.323055, 360, 359.932, 0
23.063, 0.327842, 360, 359.932, 0
23.079, 0.330578, 360, 359.932, 0
23.095, 0.334681, 360, 359.932, 0
23.109, 0.339468, 360, 359.932, 0
23.123, 0.34152, 360, 359.932, 0
23.142, 0.344939, 360, 359.932, 0
23.161, 0.346307, 360, 359.932, 0
23.184, 0.352462, 360, 359.932, 0
23.198, 0.355198, 360, 359.932, 0
23.216, 0.359301, 360, 359.932, 0
23.254, 0.36272, 360, 359.932, 0
23.292, 0.367508, 360, 359.932, 0
23.339, 0.370927, 360, 359.932, 0
23.417, 0.37845, 360, 359.932, 0
23.439, 0.383921, 360, 359.932, 0
23.462, 0.388024, 360, 359.932, 0
23.481, 0.392128, 360, 359.932, 0
23.502, 0.394179, 360, 359.932, 0
23.529, 0.398283, 360, 359.932, 0
23.543, 0.398283, 360, 359.932, 0
23.565, 0.407173, 360, 359.932, 0
23.578, 0.411277, 360, 359.932, 0
23.592, 0.414696, 360, 359.932, 0
23.605, 0.418799, 360, 359.932, 0
23.62, 0.422903, 360, 359.932, 0
23.631, 0.426322, 360, 359.932, 0
23.646, 0.430426, 360, 359.932, 0
23.662, 0.434529, 360, 359.932, 0
23.674, 0.438632, 360, 359.932, 0
23.688, 0.442736, 360, 359.932, 0
23.703, 0.446839, 360, 359.932, 0
23.715, 0.450258, 360, 359.932, 0
23.728, 0.453678, 360, 359.932, 0
23.741, 0.457097, 360, 359.932, 0
23.753, 0.462568, 360, 359.932, 0
23.766, 0.431109, 360, 360, 0
23.778, 0.431109, 360, 360, 0
23.791, 0.431109, 360, 360, 0
23.803, 0.431109, 360, 360, 0
23.814, 0.431109, 360, 360, 0
23.827, 0.395547, 360, 360.068, 0
23.841, 0.391444, 360, 360.068, 0
23.855, 0.388024, 360, 360.068, 0
23.867, 0.384605, 360, 360.068, 0
23.898, 0.381869, 360, 360.068, 0
23.949, 0.374347, 360, 360.068, 0.582448
23.962, 0.370927, 360, 360.068, 0
23.976, 0.36614, 360, 360.068, 0
23.99, 0.36272, 360, 360.068, 0
24.003, 0.357933, 360, 360.068, 0
24.016, 0.35383, 360, 360.068, 0
24.028, 0.349726, 360, 360.068, 0
24.041, 0.345623, 360, 360.068, 0
24.054, 0.34152, 360, 360.068, 0
24.069, 0.3381, 360, 360.068, 0
24.09, 0.336049, 360, 360.068, 0
24.113, 0.329894, 360, 360.068, 0
24.14, 0.32579, 360, 360.068, 0
24.156, 0.320319, 360, 360.068, 0
24.169, 0.315532, 360, 360.068, 0
24.184, 0.312796, 360, 360.068, 0
24.197, 0.308009, 360, 360.068, 0
24.21, 0.30459, 360, 360.068, 0
24.225, 0.300486, 360, 360.068, 0
24.238, 0.297067, 360, 360.068, 0
24.252, 0.291596, 360, 360.068, 0
24.267, 0.287492, 360, 360.068, 0
24.281, 0.283389, 360, 360.068, 0
24.296, 0.279286, 360, 360.068, 0
24.31, 0.275182, 360, 360.068, 0
24.324, 0.271763, 360, 360.068, 0
24.339, 0.266976, 360, 360.068, 0
24.353, 0.262872, 360, 360.068, 0
24.367, 0.258769, 360, 360.068, 0
24.38, 0.25535, 360, 360.068, 0
24.394, 0.251246, 360, 360.068, 0
24.409, 0.246459, 360, 360.068, 0
24.423, 0.242356, 360, 360.068, 0
24.437, 0.238252, 360, 360.068, 0
24.451, 0.234149, 360, 360.068, 0
24.504, 0.227994, 360, 360.068, 0
24.524, 0.224574, 360, 360.068, 0
24.544, 0.222523, 360, 3779.52, 16.9953
24.566, 0.152933, 360, 360.41, 0
24.591, 0.239787, 360, 360.41, 0
24.611, 0.264407, 360, 360.41, 0
24.627, 0.276717, 360, 0, -3.02485e+08
24.651, 0.276717, 360, 360.41, 0
24.678, 0.247994, 360, 360.41, 0
24.691, 0.247994, 360, 360.41, 0
24.71, 0.280821, 360, 360.41, 0
24.737, 0.297234, 360, 360.41, 0
24.752, 0.325957, 360, 360.41, 0
24.774, 0.342371, 360, 360.41, 0
24.791, 0.354681, 360, 360.41, 0
24.808, 0.371094, 360, 360.41, 0
24.827, 0.391611, 360, 360.41, 0
24.845, 0.424438, 360, 360.41, 0
24.88, 0.440851, 360, 360.41, 0
24.928, 0.485988, 360, 360.41, 0
24.949, 0.506505, 360, 360.41, 0
24.968, 0.48804, 360, 360.274, 0
25.006, 0.475729, 360, 360.205, 0
25.023, 0.457264, 360, 360.205, 0
25.046, 0.429909, 360, 360.068, 0
25.062, 0.399134, 360, 360.068, -25.1615
25.077, 0.369043, 360, 360, 0
25.098, 0.369043, 360, 360, 0
25.118, 0.369043, 360, 360, 0
25.131, 0.369043, 360, 360, 0
25.147, 0.369043, 360, 360, 0
25.165, 0.369043, 360, 360, 0
25.187, 0.369043, 360, 360, 0
25.209, 0.369043, 360, 360, 0
25.228, 0.369043, 360, 360, 0
25.247, 0.369043, 360, 360, 0
25.267, 0.369043, 360, 360, 0
25.291, 0.369043, 360, 360, 0
25.315, 0.369043, 360, 360, 0
25.332, 0.369043, 360, 360, 0
25.344, 0.369043, 360, 360, 0
25.362, 0.369043, 360, 360, 0
25.381, 0.369043, 360, 360, 0
25.402, 0.369043, 360, 360, 0
25.419, 0.369043, 360, 360, 0
25.436, 0.369043, 360, 360, 0
25.455, 0.369043, 360, 360, 0
25.474, 0.369043, 360, 360, 0
27.165, 0.369043, 360, 360, 0
27.179, 0.369043, 360, 360, 0
27.193, 0.369043, 360, 360, 0
27.206, 0.369043, 360, 360, 0
27.219, 0.369043, 360, 360, 0
27.231, 0.369043, 360, 360, 0
27.243, 0.369043, 360, 360, 0
27.256, 0.369043, 360, 360, 0
27.269, 0.369043, 360, 360, 0
27.281, 0.369043, 360, 360, 0
27.295, 0.369043, 360, 360, 0
27.308, 0.369043, 360, 360, 0
27.322, 0.369043, 360, 360, 0
27.335, 0.369043, 360, 360, 0
27.35, 0.369043, 360, 360, 0
27.363, 0.369043, 360, 360, 0
27.377, 0.369043, 360, 360, 0
27.391, 0.369043, 360, 360, 0
27.404, 0.369043, 360, 360, 0
27.419, 0.369043, 360, 360, 0
27.437, 0.369043, 360, 360, 0
27.456, 0.369043, 360, 360, 0
27.481, 0.369043, 360, 360, 0
27.499, 0.369043, 360, 360, 0
27.514, 0.369043, 360, 360, 0
27.53, 0.369043, 360, 360, 0
27.551, 0.369043, 360, 360, 0
27.567, 0.369043, 360, 360, 0
27.591, 0.369043, 360, 360, 0
27.613, 0.369043, 360, 360, 0
27.631, 0.369043, 360, 360, 0
27.654, 0.369043, 360, 360, 0
27.671, 0.369043, 360, 360, 0
27.688, 0.369043, 360, 360, 0
27.709, 0.369043, 360, 360, 0
27.726, 0.369043, 360, 360, 0
27.736, 0.369043, 360, 360, 0
27.751, 0.369043, 360, 360, 0
27.764, 0.369043, 360, 360, 0
27.783, 0.369043, 360, 360, 0
27.805, 0.369043, 360, 360, 0
27.826, 0.369043, 360, 360, 0
27.845, 0.369043, 360, 360, 0
27.866, 0.369043, 360, 360, 0
27.889, 0.369043, 360, 360, 0
27.906, 0.369043, 360, 360, 0
27.931, 0.369043, 360, 360, 0
27.951, 0.369043, 360, 360, 0
27.973, 0.369043, 360, 360, 0
27.989, 0.369043, 360, 360, 0
28.011, 0.369043, 360, 360, 0
28.03, 0.369043, 360, 360, 0
28.045, 0.369043, 360, 360, 0
28.071, 0.369043, 360, 360, 0
28.086, 0.369043, 360, 360, 0
28.1, 0.01, 360, 360, 0
28.115, 0.01, 360, 360, 0
28.128, 0.01, 360, 291.611, 31356.7
28.146, 0.0597568, 360, 360.205, 0
28.16, 0.14114, 360, 360.274, 0
28.173, 0.157553, 360, 360.274, 0
28.187, 0.168495, 360, 360.274, 0
28.206, 0.182173, 360, 360.274, 0
28.224, 0.195851, 360, 360.274, 0
28.246, 0.206793, 360, 360.274, 0
28.266, 0.225942, 360, 360.274, 0
28.287, 0.236884, 360, 360.274, 0
28.302, 0.245091, 360, 360.274, 0
28.324, 0.269711, 360, 360.274, 0
28.35, 0.286125, 360, 360.274, 0
28.37, 0.308009, 360, 360.274, 0
28.387, 0.318951, 360, 360.274, 0
28.405, 0.332629, 360, 360.274, 0
28.426, 0.349043, 360, 360.274, 0
28.46, 0.359985, 360, 360.274, 0
28.525, 0.38734, 360, 360.274, 0
28.538, 0.395547, 360, 360.274, 0
28.558, 0.417432, 360, 360.274, 0
28.579, 0.425638, 360, 360.274, 0
28.605, 0.450258, 360, 360.274, 0
28.628, 0.469407, 360, 360.274, 0
28.643, 0.469407, 360, 360.274, 0
28.659, 0.491292, 360, 360.274, -14.7868
28.679, 0.469407, 360, 360.137, 0
28.699, 0.473511, 360, 360.068, 0
28.722, 0.379134, 360, 360, 0
28.735, 0.379134, 360, 360, 0
28.749, 0.379134, 360, 360, 0
28.763, 0.379134, 360, 360, 0
28.776, 0.379134, 360, 360, 0
28.792, 0.379134, 360, 360, 0
28.807, 0.379134, 360, 360, 0
28.831, 0.379134, 360, 360, 0
28.847, 0.379134, 360, 360, 0
28.869, 0.379134, 360, 360, 0
28.891, 0.379134, 360, 360, 0
28.909, 0.379134, 360, 360, 0
28.932, 0.379134, 360, 360, 0
28.945, 0.379134, 360, 360, -0.274766
28.964, 0.379134, 360, 360, 0
28.988, 0.379134, 360, 360, 0
29.012, 0.379134, 360, 360, 0
29.027, 0.379134, 360, 360, 0
29.048, 0.379134, 360, 360, 0
29.089, 0.379134, 360, 360, 0
29.112, 0.379134, 360, 360, 0
29.131, 0.379134, 360, 360, 0
29.148, 0.379134, 360, 360, 0
29.165, 0.379134, 360, 360, 0
29.191, 0.0946353, 360, 360.479, 30.9593
29.21, 0.166444, 360, 360.752, 0
29.238, 0.444103, 360, 360.752, 0
29.253, 0.444103, 360, 360.752, -16.2021
29.274, 0.483769, 360, 360.616, 0
29.33, 0.474878, 360, 360.616, 0
29.359, 0.499498, 360, 360.616, 1.51599
29.38, 0.525486, 360, 360.547, -53.4707
29.399, 0.547371, 360, 360.479, 0
29.415, 0.497447, 360, 360.342, 0
29.432, 0.481717, 360, 360.274, 0
29.448, 0.491976, 360, 360.274, 0
29.47, 0.482401, 360, 360.274, 0
29.485, 0.493343, 360, 360.205, 0
29.504, 0.463252, 360, 360.137, 0
29.521, 0.407173, 360, 360.068, 0
29.544, 0.410593, 360, 360, 0
29.561, 0.377082, 360, 360, 0
29.58, 0.377082, 360, 360, 0
29.599, 0.377082, 360, 360, 0
29.619, 0.377082, 360, 360, 0
29.638, 0.377082, 360, 360, 0
29.656, 0.377082, 360, 360, 0
29.673, 0.377082, 360, 360, 0
29.691, 0.377082, 360, 360, 0
29.714, 0.377082, 360, 360, 0
29.728, 0.377082, 360, 360, 0
29.743, 0.377082, 360, 360, 0
29.764, 0.377082, 360, 360, 638298
29.781, 1, 360, 360.41, 31.6177
29.8, 0.364255, 360, 360.752, 0
29.814, 0.478465, 360, 360.821, 0
29.828, 0.527705, 360, 360.821, 0
29.842, 0.576945, 360, 360.752, 0
29.857, 0.588571, 360, 360.684, 0
29.872, 0.603617, 360, 360.616, 0
29.887, 0.571474, 360, 360.547, 0
29.9, 0.569422, 360, 360.479, 0
29.914, 0.557796, 360, 360.342, 0
29.927, 0.544802, 360, 360.274, -12.8551
29.957, 0.518815, 360, 360.068, 0
29.999, 0.421018, 360, 360, 0
30.018, 0.386824, 360, 359.932, 0
30.041, 0.348526, 360, 359.932, -1.80415
30.062, 0.34579, 360, 359.932, 0
30.08, 0.341003, 360, 359.932, 0
30.1, 0.336216, 360, 359.932, 0
30.112, 0.332796, 360, 359.932, 0
30.125, 0.331429, 360, 359.932, 0
30.141, 0.329377, 360, 359.932, 0
30.158, 0.323906, 360, 359.932, 0
30.175, 0.323222, 360, 359.932, 0
30.192, 0.317751, 360, 359.932, 0
30.211, 0.314331, 360, 359.932, 0
30.233, 0.310912, 360, 359.932, 0
30.257, 0.305441, 360, 359.932, 0
30.278, 0.302705, 360, 359.932, 0
30.295, 0.300653, 360, 359.932, 0
30.316, 0.294498, 360, 359.932, 0
30.337, 0.290395, 360, 359.932, 0
30.35, 0.286292, 360, 359.932, 0
30.364, 0.282188, 360, 359.932, 0
30.377, 0.278085, 360, 359.932, 0
30.391, 0.273982, 360, 359.932, 0
30.407, 0.269878, 360, 359.932, 0
30.421, 0.265775, 360, 359.932, 0
30.435, 0.261672, 360, 359.932, 0
30.45, 0.256884, 360, 359.932, 0
30.464, 0.256201, 360, 359.932, 0
30.481, 0.250729, 360, 359.932, 0
30.501, 0.24731, 360, 359.932, 0
30.521, 0.244574, 360, 359.932, 0
30.536, 0.244574, 360, 359.932, 0
30.557, 0.237052, 360, 359.932, 0
30.587, 0.235684, 360, 359.932, 0
30.62, 0.230897, 360, 359.932, 0
30.65, 0.228161, 360, 359.932, 0
30.697, 0.224058, 360, 359.932, 0
30.739, 0.22269, 360, 359.932, 0
30.768, 0.218587, 360, 359.932, 0
30.805, 0.218587, 360, 359.932, 0
30.872, 0.209012, 360, 359.932, 0
30.932, 0.203541, 360, 359.932, 0
30.977, 0.199438, 360, 359.932, 0
30.995, 0.195334, 360, 359.932, 0
31.017, 0.192599, 360, 359.932, 0
31.039, 0.187128, 360, 359.932, 0
31.059, 0.181657, 360, 359.932, 0
31.072, 0.177553, 360, 359.932, 0
31.087, 0.17345, 360, 359.932, 0
31.101, 0.168663, 360, 359.932, 0
31.115, 0.164559, 360, 359.932, 0
31.131, 0.163875, 360, 359.932, 0
31.154, 0.158404, 360, 359.932, 0
31.174, 0.152933, 360, 359.932, 0
31.202, 0.147462, 360, 359.932, 0
31.219, 0.144043, 360, 359.932, 0
31.236, 0.144043, 360, 359.932, 0
31.26, 0.137204, 360, 359.932, 0
31.296, 0.137204, 360, 359.932, 0
31.35, 0.132416, 360, 359.932, 0
31.377, 0.128997, 360, 359.932, 0
31.398, 0.122842, 360, 359.932, 0
31.418, 0.120106, 360, 359.932, 0
31.433, 0.116687, 360, 359.932, 0
31.446, 0.1119, 360, 359.932, 0
31.46, 0.10848, 360, 359.932, 0
31.476, 0.103693, 360, 359.932, 0
31.489, 0.0995897, 360, 359.932, 0
31.506, 0.0968541, 360, 359.932, 0
31.524, 0.0934347, 360, 359.932, 0
31.543, 0.0893313, 360, 359.932, 0
31.559, 0.0893313, 360, 359.932, 0
31.579, 0.0838602, 360, 359.932, 0
31.592, 0.0797568, 360, 359.932, 0
31.607, 0.0756535, 360, 359.932, 0
31.621, 0.0715502, 360, 359.932, 0
31.636, 0.0674468, 360, 359.932, 0
31.65, 0.0640274, 360, 359.932, 0
31.666, 0.0585562, 360, 359.932, 0
31.68, 0.0551368, 360, 359.932, 0
31.695, 0.0510334, 360, 359.932, 0
31.717, 0.0482979, 360, 359.932, 0
31.733, 0.0435106, 360, 359.932, 0
31.754, 0.0400912, 360, 359.932, 0
31.782, 0.0359878, 360, 359.932, 0
31.795, 0.0359878, 360, 359.932, 0
31.818, 0.028465, 360, 359.932, 0
31.839, 0.0236778, 360, 359.932, 0
31.86, 0.0202584, 360, 359.932, 0
31.874, 0.016155, 360, 359.932, 0
31.889, 0.0113678, 360, 359.932, 0
31.903, 0.00726444, 360, 359.932, 0
31.916, 0.00316109, 360, 359.932, 0
31.93, 0.000258359, 360, 359.932, 0
31.944, 0.00504559, 360, 359.932, 0
31.958, 0.00914894, 360, 359.932, 0
31.972, 0.0132523, 360, 359.932, 0
31.986, 0.0173556, 360, 359.932, 0
31.999, 0.0194073, 360, 359.932, 0
32.022, 0.0241945, 360, 359.932, 0
32.041, 0.027614, 360, 359.932, 0
32.104, 0.0324012, 360, 359.932, 0
32.144, 0.0378723, 360, 359.932, 0
32.171, 0.0440274, 360, 359.932, 0
32.193, 0.0488146, 360, 359.932, 0
32.212, 0.052234, 360, 359.932, 0
32.233, 0.0549696, 360, 359.932, 0
32.25, 0.0570213, 360, 359.932, 0
32.271, 0.0631763, 360, 359.932, 0
32.29, 0.0659119, 360, 359.932, 0
32.312, 0.0700152, 360, 359.932, 0
32.335, 0.0754863, 360, 359.932, 0
32.353, 0.0789058, 360, 359.932, 0
32.374, 0.0816413, 360, 359.932, 0
32.39, 0.083693, 360, 359.932, 0
32.404, 0.0884802, 360, 359.932, 0
32.427, 0.0939514, 360, 359.932, 0
32.44, 0.0980547, 360, 359.932, 0
32.454, 0.101474, 360, 359.932, 0
32.468, 0.105578, 360, 359.932, 0
32.49, 0.108313, 360, 359.932, 0
32.512, 0.113784, 360, 359.932, 0
32.534, 0.118571, 360, 359.932, 0
32.553, 0.121991, 360, 359.932, 0
32.574, 0.124726, 360, 359.932, 0
32.596, 0.130198, 360, 359.932, 0
32.617, 0.132933, 360, 359.932, 0
32.665, 0.138404, 360, 359.932, 0
32.686, 0.142508, 360, 359.932, 0
32.705, 0.147979, 360, 359.932, 0
32.72, 0.149347, 360, 359.932, 0
32.748, 0.154134, 360, 359.932, 0
32.764, 0.156185, 360, 359.932, -334941
32.777, 0.0455623, 360, 359.932, 0
32.792, 0.0496657, 360, 359.932, 0
32.807, 0.053769, 360, 359.932, 0
32.82, 0.0585562, 360, 359.932, 0
32.834, 0.0626596, 360, 359.932, 0
32.847, 0.066079, 360, 359.932, 0
32.862, 0.0701824, 360, 359.932, 0
32.878, 0.0736018, 360, 359.932, 0
32.901, 0.0777052, 360, 359.932, 0
32.92, 0.0804407, 360, 359.932, 0
32.942, 0.0859119, 360, 359.932, 0
32.966, 0.0886474, 360, 359.932, 0
32.981, 0.0934347, 360, 359.932, 0
33.002, 0.0968541, 360, 359.932, 0
33.021, 0.0995897, 360, 359.932, 0
33.043, 0.105061, 360, 359.932, -334941
33.056, 0.105061, 360, 359.932, 0
33.072, 0.0448784, 360, 0.205167, 130620
33.087, 0.0462462, 360, 359.932, 0
33.103, 0.0517173, 360, 359.932, 0
33.118, 0.0558207, 360, 359.932, 0
33.13, 0.0578723, 360, 359.932, 0
33.149, 0.0592401, 360, 359.932, 0
33.166, 0.0647112, 360, 359.932, 0
33.182, 0.0674468, 360, 359.932, 0
33.199, 0.0708663, 360, 359.932, 0
33.223, 0.0736018, 360, 359.932, 0
33.239, 0.0756535, 360, 359.932, 0
33.259, 0.0811246, 360, 359.932, 0
33.279, 0.0838602, 360, 359.932, 0
33.299, 0.0872796, 360, 359.932, 0
33.32, 0.0448784, 360, 360, 0
33.333, 0.0241945, 360, 360.137, 0
33.347, 0.0659119, 360, 360.137, 0
33.36, 0.0741185, 360, 360.137, 0
33.374, 0.0809574, 360, 360.137, 0
33.389, 0.0905319, 360, 360.137, 0
33.403, 0.0987386, 360, 360.137, 0
33.417, 0.106945, 360, 360.137, 0
33.431, 0.115152, 360, 360.137, 0
33.444, 0.123359, 360, 360.137, 0
33.459, 0.131565, 360, 360.137, 0
33.475, 0.14114, 360, 360.137, 0
33.488, 0.149347, 360, 360.137, 0
33.509, 0.157553, 360, 360.137, 0
33.522, 0.16576, 360, 360.137, 0.670596
33.538, 0.173967, 360, 360.137, 0
33.551, 0.183541, 360, 360.137, 0
33.566, 0.191748, 360, 360.137, 0
33.58, 0.199954, 360, 360.137, 0
33.594, 0.208161, 360, 360.137, 0
33.607, 0.215, 360, 360.137, 0
33.622, 0.223207, 360, 360.137, 0
33.635, 0.231413, 360, 360.137, 0
33.649, 0.236884, 360, 360.137, 0
33.668, 0.23962, 360, 360.137, 0
33.688, 0.25193, 360, 360.137, 0
33.708, 0.258769, 360, 360.137, 0
33.729, 0.26424, 360, 360.137, 0
33.746, 0.268343, 360, 360.137, 0
33.767, 0.280653, 360, 360.137, 0
33.785, 0.291596, 360, 360.137, 0
33.798, 0.295699, 360, 360.068, -20.9333
33.819, 0.268343, 360, 360.068, 0
33.839, 0.271763, 360, 360.068, 0
33.86, 0.274498, 360, 360.068, 0
33.88, 0.277918, 360, 360.068, 0
33.903, 0.283389, 360, 360.068, 0
33.921, 0.286809, 360, 360.068, 0
33.944, 0.290228, 360, 360.068, 0
33.964, 0.295699, 360, 360.068, 0
33.984, 0.297751, 360, 360.068, 0
34.016, 0.305274, 360, 360.068, 0
34.036, 0.308693, 360, 360.068, 0
34.057, 0.311429, 360, 360.068, 0
34.082, 0.31348, 360, 360.068, 0
34.106, 0.320319, 360, 360.068, 0
34.124, 0.323055, 360, 360.068, 0
34.145, 0.328526, 360, 360.068, 0
34.197, 0.331261, 360, 360.068, 0
34.238, 0.333997, 360, 360.068, 0
34.261, 0.3381, 360, 360.068, 0
34.303, 0.340152, 360, 360.068, -309733
34.347, 0.345623, 360, 360.068, 0
34.37, 0.0289818, 360, 360.068, 8.8652e+08
34.397, 0.0448784, 360, 360.068, 0
34.416, 0.0482979, 360, 360.068, 0
34.435, 0.053769, 360, 360.068, 0
34.448, 0.0571884, 360, 360.068, 0
34.463, 0.0612918, 360, 360.068, 0
34.476, 0.066079, 360, 360.068, 0
34.491, 0.0701824, 360, 360.068, 0
34.503, 0.0736018, 360, 360.068, 0
34.518, 0.0777052, 360, 360.068, 0
34.531, 0.0818085, 360, 360.068, 0
34.544, 0.0845441, 360, 360.068, 0
34.559, 0.0886474, 360, 360.068, 0
34.573, 0.0927508, 360, 360.068, 0
34.587, 0.097538, 360, 360.068, 0
34.602, 0.101641, 360, 360.068, 0
34.616, 0.105745, 360, 360.068, 0
34.629, 0.109164, 360, 360.068, 0
34.643, 0.113267, 360, 360.068, 0
34.657, 0.118055, 360, 360.068, 0
34.672, 0.122158, 360, 360.068, 0
34.686, 0.126261, 360, 360.068, 0
34.699, 0.129681, 360, 360.068, 0
34.713, 0.133784, 360, 360.068, 0
34.727, 0.13652, 360, 360.068, 0
34.746, 0.139939, 360, 360.068, 0
34.767, 0.142675, 360, 360.068, 0
34.79, 0.146778, 360, 360.068, 0
34.812, 0.152249, 360, 360.068, 0
34.827, 0.154985, 360, 360.068, 0
34.85, 0.159088, 360, 360.068, 0
34.879, 0.160456, 360, 360.068, 0
34.906, 0.166611, 360, 360.068, 0
34.926, 0.170714, 360, 360.068, 0
34.949, 0.174134, 360, 360.068, 0
34.963, 0.178921, 360, 360.068, 0
34.977, 0.18234, 360, 360.068, 0
34.991, 0.186444, 360, 360.068, 0
35.005, 0.190547, 360, 360.068, 0
35.018, 0.192599, 360, 360.068, 0
35.04, 0.19465, 360, 360.068, 0
35.063, 0.202857, 360, 360.068, 0
35.076, 0.207644, 360, 360.068, 0
35.091, 0.211748, 360, 360.068, 0
35.105, 0.215167, 360, 360.068, 0
35.12, 0.219271, 360, 360.068, 0
35.132, 0.22269, 360, 360.068, 0
35.144, 0.0624924, 360, 360.205, 0
35.158, 0.145243, 360, 360.274, 0
35.172, 0.198587, 360, 360.342, 0
35.186, 0.215684, 360, 360.342, 0
35.201, 0.236201, 360, 360.342, 0
35.215, 0.260137, 360, 360.342, 0
35.229, 0.280653, 360, 360.342, 0
35.242, 0.297751, 360, 360.342, 0
35.256, 0.282705, 360, 360.274, 0
35.269, 0.301854, 360, 360.274, 0
35.283, 0.310061, 360, 360.274, 0
35.302, 0.323739, 360, 360.274, 0
35.323, 0.334681, 360, 360.274, 0
35.336, 0.356565, 360, 360.274, 0
35.353, 0.370243, 360, 360.274, 0
35.375, 1, 360, 360.547, 0
35.394, 0.184392, 360, 360.752, 0
35.407, 0.482568, 360, 360.821, 0
35.422, 0.540015, 360, 360.821, 0
35.437, 0.589255, 360, 360.821, 0
35.451, 0.613875, 360, 360.752, 0
35.471, 0.574894, 360, 360.616, 0
35.487, 0.560532, 360, 360.547, 0
35.501, 0.543435, 360, 360.479, 0
35.515, 0.53728, 360, 360.342, 0
35.534, 0.541383, 360, 360.274, 0
35.559, 0.503769, 360, 360.205, 0
35.58, 0.478465, 360, 360.137, 0
35.597, 0.449742, 360, 360.068, 0
35.612, 0.387508, 360, 360, 0
35.634, 0.387508, 360, 360, 0
35.653, 0.387508, 360, 360, 0
35.676, 0.387508, 360, 360, 0
35.689, 0.387508, 360, 360, 0
35.713, 0.387508, 360, 360, 0
35.726, 0.349894, 360, 359.932, 0
35.741, 0.34579, 360, 359.932, 0
35.756, 0.341687, 360, 359.932, -2.41722
35.77, 0.3369, 360, 359.932, 0
35.785, 0.334164, 360, 359.932, 0
35.808, 0.330745, 360, 359.932, 0
35.827, 0.327325, 360, 359.932, 0
35.844, 0.325274, 360, 359.932, 0
35.868, 0.319802, 360, 359.932, 0
35.889, 0.314331, 360, 359.932, 296071
35.903, 0.0462462, 360, 359.932, 0
35.917, 0.0503495, 360, 359.932, 0
35.931, 0.0551368, 360, 359.932, 0
35.945, 0.0578723, 360, 359.932, 0
35.959, 0.0633435, 360, 359.932, 0
35.973, 0.0667629, 360, 359.932, 0
35.987, 0.0708663, 360, 359.932, 0
36.001, 0.0756535, 360, 359.932, 0
36.014, 0.0777052, 360, 359.932, 0
36.03, 0.0811246, 360, 359.932, 0
36.051, 0.0831763, 360, 359.932, 0
36.068, 0.0893313, 360, 359.932, 0
36.082, 0.0934347, 360, 359.932, 0
36.095, 0.0961702, 360, 359.932, 0
36.115, 0.0995897, 360, 359.932, 0
36.136, 0.102325, 360, 359.932, 0
36.151, 0.107796, 360, 359.932, 0
36.172, 0.1119, 360, 359.932, 0
36.191, 0.114635, 360, 359.932, 0
36.209, 0.118739, 360, 359.932, 0
36.23, 0.123526, 360, 359.932, 0
36.249, 0.126945, 360, 359.932, 0
36.271, 0.129681, 360, 359.932, 0
36.288, 0.134468, 360, 359.932, 0
36.304, 0.137204, 360, 359.932, 0
36.332, 0.142675, 360, 359.932, 0
36.348, 0.146094, 360, 359.932, 0
36.371, 0.150198, 360, 359.932, 0
36.389, 0.153617, 360, 359.932, 0
36.41, 0.158404, 360, 359.932, 0
36.429, 0.160456, 360, 359.932, 0
36.453, 0.165927, 360, 359.932, 0
36.474, 0.168663, 360, 359.932, 0
36.491, 0.17345, 360, 359.932, 0
36.511, 0.175502, 360, 359.932, 0
36.527, 0.177553, 360, 359.932, 0
36.54, 0.177553, 360, 359.932, 0
36.565, 0.185076, 360, 359.932, 0
36.583, 0.189863, 360, 359.932, 0
36.602, 0.193283, 360, 359.932, 0
36.624, 0.196018, 360, 359.932, 0
36.641, 0.19807, 360, 359.932, 0
36.662, 0.202857, 360, 359.932, 0
36.678, 0.204909, 360, 359.932, 0
36.697, 0.21038, 360, 359.932, 0
36.721, 0.215167, 360, 359.932, 0
36.741, 0.217219, 360, 359.932, 0
36.769, 0.222006, 360, 359.932, 0
36.787, 0.226793, 360, 359.932, 0
36.808, 0.229529, 360, 359.932, 0
36.849, 0.234316, 360, 359.932, 0
36.868, 0.236368, 360, 359.932, 0
36.89, 0.242523, 360, 359.932, 0
36.91, 0.245258, 360, 359.932, 0
36.927, 0.24731, 360, 359.932, 0
36.945, 0.250046, 360, 359.932, 0
36.962, 0.255517, 360, 359.932, 0
36.984, 0.258252, 360, 359.932, 0
37.003, 0.26304, 360, 359.932, 0
37.017, 0.26304, 360, 359.932, 0
37.046, 0.266459, 360, 359.932, 0
37.082, 0.270562, 360, 359.932, 0
37.136, 0.273298, 360, 359.932, 0
37.179, 0.276717, 360, 359.932, 0
37.23, 0.282872, 360, 359.932, 0
37.283, 0.288343, 360, 359.932, 0
37.298, 0.291079, 360, 359.932, 0
37.314, 0.0448784, 360, 360.068, 0
37.337, 0.0604407, 360, 360.137, 0
37.353, 0.0645441, 360, 360.137, 0
37.376, 0.0741185, 360, 360.137, 0
37.398, 0.0850608, 360, 360.137, 0
37.421, 0.0905319, 360, 360.137, 0
37.443, 0.0987386, 360, 360.137, 0
37.466, 0.109681, 360, 360.137, 0
37.485, 0.113784, 360, 360.137, 0
37.501, 0.119255, 360, 360.137, 0
37.518, 0.130198, 360, 360.137, 0
37.538, 0.137036, 360, 360.137, 0
37.557, 0.139772, 360, 360.137, 0
37.58, 0.152082, 360, 360.137, 0
37.6, 0.157553, 360, 360.137, 0
37.617, 0.161657, 360, 0, 157402
37.632, 0.167128, 360, 360.137, 0
37.648, 0.0824924, 360, 360.137, 0
37.664, 0.0879635, 360, 360.137, 0
37.687, 0.0989058, 360, 360.137, 0
37.703, 0.105745, 360, 360.137, 0
37.723, 0.112584, 360, 360.137, 0
37.744, 0.118055, 360, 360.137, 0
37.761, 0.122158, 360, 360.137, 0
37.771, 0.0811246, 360, 360, 0
37.786, 0.0221429, 360, 359.863, 0
37.8, 0.0638602, 360, 359.863, 0
37.813, 0.0679635, 360, 359.863, 0
37.835, 0.0734347, 360, 359.863, 0
37.852, 0.077538, 360, 359.863, 0
37.874, 0.0857447, 360, 359.863, 0
37.896, 0.0980547, 360, 359.863, 0
37.911, 0.103526, 360, 359.863, 0
37.93, 0.106261, 360, 359.863, 0
37.952, 0.118571, 360, 359.863, 0
37.985, 0.124043, 360, 359.863, 0
38.021, 0.124043, 360, 359.863, 0
38.061, 0.133617, 360, 359.863, 0
38.087, 0.141824, 360, 359.863, 0
38.103, 0.152766, 360, 359.863, 0
38.122, 0.156869, 360, 359.863, 0
38.149, 0.169179, 360, 359.863, 178592
38.168, 1, 360, 360.137, 0
38.185, 0.0570213, 360, 360.684, 15.3476
38.206, 0.426322, 360, 360.752, 0
38.22, 0.471459, 360, 360.752, 0
38.235, 0.481717, 360, 360.684, 0
38.252, 0.481033, 360, 360.684, 0
38.27, 0.530957, 360, 360.616, 0
38.283, 0.533009, 360, 360.547, 0
38.296, 0.549422, 360, 360.547, 0
38.316, 0.536429, 360, 360.41, 0
38.33, 0.536429, 360, 360.342, 0
38.349, 0.507705, 360, 360.274, 0
38.371, 0.484453, 360, 360.205, 0
38.387, 0.49266, 360, 360.205, 0
38.408, 0.440684, 360, 360.068, 0
38.428, 0.409225, 360, 360, 0
38.452, 0.376398, 360, 360, 0
38.475, 0.376398, 360, 360, 0
38.495, 0.376398, 360, 360, 0
38.516, 0.376398, 360, 360, 0
38.533, 0.376398, 360, 360, 0
38.55, 0.376398, 360, 360, 0
38.564, 0.376398, 360, 360, 0
38.579, 0.376398, 360, 360, 0
38.612, 0.376398, 360, 360, 0
38.64, 0.376398, 360, 360, 0
38.67, 0.376398, 360, 360, 0
38.69, 0.376398, 360, 360, 0
38.71, 0.376398, 360, 360, 0
38.731, 0.376398, 360, 360, 0
38.747, 0.376398, 360, 360, 0
38.768, 0.376398, 360, 360, 0
38.787, 0.376398, 360, 360, 0
38.808, 0.376398, 360, 360, 0
38.829, 1, 360, 360.889, 0
38.877, 0.48804, 360, 360.889, -5.83425
38.906, 0.505821, 360, 360.752, -5.82878
38.952, 0.487356, 360, 360.616, 0
38.987, 0.466155, 360, 360.616, -12.8213
39.041, 0.50924, 360, 360.479, 0
39.075, 0.466839, 360, 360.41, 0
39.097, 0.463419, 360, 360.41, 0
39.118, 0.479833, 360, 360.342, 0
39.132, 0.479833, 360, 360.342, 0
39.155, 0.448374, 360, 360.274, 0
39.173, 0.462052, 360, 360.274, 0
39.197, 0.481201, 360, 360.274, 0
39.216, 0.486672, 360, 360.205, -5.85774
39.262, 0.468891, 360, 360, 0
39.299, 0.468891, 360, 359.932, 0
39.356, 0.332112, 360, 359.932, 0
39.398, 0.327325, 360, 359.932, 0
39.432, 0.323906, 360, 359.932, 0
39.478, 0.318435, 360, 3.59968e+06, 15.3407
39.505, 0.00931611, 360, 360.205, 75058.4
39.527, 1, 360, 360.205, 0
39.549, 0.796474, 360, 361.778, 57.3253
39.562, 0.967447, 360, 361.915, 0
39.575, 0.967447, 360, 361.778, -30.8198
39.591, 0.830669, 360, 361.505, -189.269
39.605, 0.693891, 360, 361.231, -31.5885
39.619, 0.557112, 360, 361.026, 0
39.634, 0.517447, 360, 360.889, -30.9733
39.649, 0.499666, 360, 360.821, 0
39.663, 0.513343, 360, 360.752, 0
39.678, 0.523602, 360, 360.684, 0
39.691, 0.529757, 360, 360.616, 0
39.704, 0.572842, 360, 360.616, 0
39.716, 0.578997, 360, 360.547, 0
39.729, 0.576945, 360, 360.479, 0
39.741, 0.57079, 360, 360.41, 0
39.753, 0.555745, 360, 360.342, 0
39.766, 0.536596, 360, 360.274, 0
39.779, 0.518131, 360, 360.205, -13.9002
39.798, 0.524286, 360, 360.068, 0
39.826, 0.01, 360, 360, -60.6286
39.839, 0.0624924, 360, 359.726, 0
39.854, 0.146611, 360, 359.726, 0
39.867, 0.160289, 360, 359.726, 0
39.884, 0.168495, 360, 359.726, 0
39.903, 0.195851, 360, 359.726, 0
39.916, 0.206793, 360, 359.726, 0
39.931, 0.225942, 360, 359.726, 0
39.944, 0.245091, 360, 359.726, 0
39.956, 0.261505, 360, 359.726, 0
39.969, 0.277918, 360, 359.726, 0
39.981, 0.294331, 360, 359.726, 0
39.994, 0.31348, 360, 359.726, 0
40.007, 0.324422, 360, 359.726, 0
40.022, 0.340836, 360, 359.726, 0
40.036, 0.359985, 360, 359.726, 0
40.05, 0.376398, 360, 359.726, 0
40.064, 0.376398, 360, 359.726, 0
40.085, 0.401018, 360, 359.726, 0
40.104, 0.406489, 360, 359.726, 0
40.118, 0.406489, 360, 359.726, 0
40.135, 0.436581, 360, 0, -8.53039e+08
40.153, 0.132249, 360, 359.453, -46.0843
40.173, 0.28886, 360, 359.316, 0
40.19, 0.376398, 360, 359.316, 0
40.205, 0.431109, 360, 359.316, 0
40.224, 0.465304, 360, 359.384, 0
40.252, 0.48035, 360, 359.384, 0
40.27, 0.511125, 360, 359.453, 0
40.288, 0.504286, 360, 359.521, 0
40.31, 0.490608, 360, 359.658, 13.5103
40.346, 0.441368, 360, 359.726, 0
40.375, 0.418116, 360, 359.726, 0
40.403, 0.397599, 360, 359.863, 0
40.417, 0.371611, 360, 359.932, 0
40.435, 0.34152, 360, 359.932, 0
40.46, 0.347675, 360, 359.932, 0
40.474, 0.349726, 360, 359.932, 0
40.492, 0.355198, 360, 359.932, 0
40.505, 0.359301, 360, 359.932, 0
40.519, 0.364088, 360, 359.932, 0
40.533, 0.366824, 360, 359.932, 0
40.55, 0.372295, 360, 359.932, 0
40.576, 0.377082, 360, 359.932, 0
40.594, 0.380502, 360, 359.932, 0
40.611, 0.381869, 360, 359.932, 0
40.628, 0.384605, 360, 359.932, 0
40.65, 0.389392, 360, 359.932, 0
40.665, 0.392128, 360, 359.932, 0
40.682, 0.396231, 360, 359.932, 0
40.71, 0.401702, 360, 359.932, 0
40.744, 0.407173, 360, 359.932, 0
40.763, 0.409225, 360, 359.932, 0
40.784, 0.414012, 360, 359.932, 0
40.804, 0.419483, 360, 359.932, 0
40.833, 0.424954, 360, 359.932, 0
40.855, 0.429058, 360, 359.932, 0
40.874, 0.431793, 360, 359.932, 0
40.901, 1, 360, 360, 0.441463
40.92, 0.0797568, 360, 360.205, 0
40.939, 0.123526, 360, 360.205, 0
40.959, 0.127629, 360, 360.205, 0
40.987, 0.150198, 360, 360.205, 0
41.006, 0.160456, 360, 360.205, 0
41.027, 0.168663, 360, 360.205, 0
41.043, 0.174818, 360, 360.205, 1.36778e+07
41.059, 0.0966869, 360, 360.274, 0
41.074, 0.226626, 360, 360.41, 0
41.088, 0.28886, 360, 360.479, 0
41.103, 0.317584, 360, 360.479, 0
41.116, 0.346307, 360, 360.479, 0
41.129, 0.37503, 360, 360.479, 0
41.141, 0.408541, 360, 360.479, 0
41.154, 0.437264, 360, 360.479, 0
41.166, 0.465988, 360, 360.479, 0
41.179, 0.494711, 360, 360.479, 1.28191
41.191, 0.523435, 360, 360.479, 0
41.204, 0.552158, 360, 360.41, 0
41.216, 0.543267, 360, 360.41, 0
41.229, 0.571991, 360, 360.342, 0
41.241, 0.554894, 360, 360.342, -61.4457
41.253, 0.539164, 360, 360.274, 0
41.266, 0.555578, 360, 360.205, 0
41.278, 0.53848, 360, 360.137, 0
41.291, 0.47693, 360, 360.068, 0
41.303, 0.445471, 360, 360, 0
41.316, 0.445471, 360, 360, 0
41.328, 0.445471, 360, 360, 0
41.34, 0.407857, 360, 359.932, 0
41.353, 0.403754, 360, 359.932, 0
41.365, 0.39965, 360, 359.932, 0
41.378, 0.395547, 360, 359.932, 0
41.391, 0.391444, 360, 359.932, 0
41.403, 0.386657, 360, 359.932, 0
41.418, 0.382553, 360, 359.932, 0
41.432, 0.379818, 360, 359.932, 0
41.451, 0.377082, 360, 359.932, 0
41.471, 0.371611, 360, 359.932, 0
41.491, 0.369559, 360, 359.932, 0
41.505, 0.36614, 360, 359.932, 0
41.523, 0.364772, 360, 359.932, 0
41.572, 0.359301, 360, 359.932, 0
41.615, 0.354514, 360, 359.932, 0
41.631, 0.352462, 360, 359.932, 0
41.654, 0.346307, 360, 359.932, 0
41.675, 0.344255, 360, 359.932, 0
41.697, 0.3381, 360, 359.932, 0
41.72, 0.333313, 360, 359.932, 0
41.737, 0.329894, 360, 359.932, 0
41.759, 0.327158, 360, 359.932, 0
41.769, 0.322371, 360, 359.932, 0
41.785, 0.317584, 360, 359.932, 0
41.803, 0.314164, 360, 359.932, 0
41.825, 0.311429, 360, 359.932, 0
41.857, 0.0235106, 360, 360.274, 33.3361
41.876, 0.281337, 360, 360.616, 0
41.896, 0.37503, 360, 360.684, 0
41.918, 0.429742, 360, 360.684, 0
41.94, 0.491292, 360, 360.684, 0
41.954, 0.490608, 360, 360.616, 0
41.976, 0.515228, 360, 360.616, 0
41.999, 0.552158, 360, 360.547, 0
42.021, 0.5631, 360, 360.479, -15.1874
42.043, 0.526854, 360, 360.342, 0
42.061, 0.502918, 360, 360.274, 0
42.084, 0.491976, 360, 360.274, 0
42.099, 0.472827, 360, 360.205, 0
42.118, 0.45231, 360, 360.137, 0
42.132, 0.422903, 360, 360.068, -15.975
42.152, 0.39076, 360, 360, 0
42.174, 0.39076, 360, 360, 0
42.196, 0.39076, 360, 360, 0
42.21, 0.39076, 360, 360, 0
42.228, 0.39076, 360, 360, 0
42.243, 0.39076, 360, 360, 0
42.256, 0.39076, 360, 360, 0
42.284, 0.39076, 360, 360, 0
42.298, 0.39076, 360, 0, 0
42.32, 0.01, 360, 359.726, 0
42.352, 0.144559, 360, 359.726, 0
42.371, 0.155502, 360, 359.726, 0
42.388, 0.171915, 360, 359.726, 0
42.412, 0.199271, 360, 359.726, 0
42.426, 0.215684, 360, 359.726, 0
42.44, 0.223891, 360, 359.726, 0
42.468, 0.229362, 360, 359.726, 0
42.506, 0.259453, 360, 359.726, 0
42.525, 0.273131, 360, 359.726, 0
42.547, 0.286809, 360, 359.726, 0
42.569, 0.308693, 360, 359.726, 0
42.591, 0.325106, 360, 359.726, 0
42.613, 0.336049, 360, 359.726, 0
42.672, 0.355198, 360, 359.726, 0
42.717, 0.371611, 360, 359.726, 0
42.783, 0.396231, 360, 359.726, 0
42.817, 0.407173, 360, 359.726, 0
42.851, 0.423587, 360, 359.726, 0
42.878, 0.44, 360, 359.726, 0
42.901, 0.459149, 360, 359.795, 0
42.923, 0.434529, 360, 359.795, 0
42.942, 0.412644, 360, 359.932, 0
42.965, 0.381185, 360, 359.932, 0
42.981, 0.383237, 360, 359.932, 0
42.998, 0.385973, 360, 359.932, 0
43.016, 0.391444, 360, 359.932, 0
43.035, 0.392812, 360, 359.932, 0
43.057, 0.398967, 360, 359.932, 0
43.076, 0.402386, 360, 359.932, 0
43.094, 0.407857, 360, 359.932, 0
43.108, 0.411277, 360, 359.932, 0
43.121, 0.41538, 360, 359.932, 0
43.135, 0.418799, 360, 359.932, -263643
43.147, 0.0462462, 360, 359.932, 0
43.161, 0.0496657, 360, 359.932, 0
43.174, 0.053769, 360, 359.932, 0
43.189, 0.0578723, 360, 359.932, 0
43.204, 0.0619757, 360, 359.932, 0
43.217, 0.066079, 360, 359.932, 0
43.232, 0.0701824, 360, 359.932, 0
43.247, 0.0749696, 360, 359.932, 0
43.261, 0.0790729, 360, 359.932, 0
43.275, 0.0831763, 360, 359.932, 0
43.288, 0.085228, 360, 359.932, 0
43.306, 0.0865957, 360, 359.932, 0
43.33, 0.091383, 360, 359.932, 0
43.352, 0.0954863, 360, 359.932, 0
43.374, 0.100957, 360, 359.932, 0
43.393, 0.104377, 360, 359.932, 0
43.411, 0.109164, 360, 359.932, 0
43.425, 0.113951, 360, 359.932, 0
43.439, 0.118055, 360, 359.932, 0
43.453, 0.121474, 360, 359.932, 0
43.466, 0.124894, 360, 359.932, 0
43.48, 0.128997, 360, 359.932, 0
43.496, 0.132416, 360, 359.932, 0
43.519, 0.135152, 360, 359.932, 0
43.553, 0.138571, 360, 359.932, 0
43.603, 0.138571, 360, 359.932, 0
43.644, 0.143359, 360, 359.932, 0
43.681, 0.143359, 360, 359.932, 0
43.716, 0.151565, 360, 359.932, 0
43.802, 0.156353, 360, 359.932, 0
43.84, 0.156353, 360, 359.932, 0
43.863, 0.163875, 360, 359.932, 2.93096e+07
43.899, 0.0113678, 360, 360.068, 16.5631
43.917, 0.0241945, 360, 360.205, 0
43.936, 0.104894, 360, 360.205, 0
43.954, 0.108997, 360, 360.205, 0
43.977, 0.123359, 360, 360.205, 0
43.995, 0.141824, 360, 360.205, 0
44.009, 0.156185, 360, 360.205, 0
44.023, 0.168495, 360, 360.205, 0
44.036, 0.17465, 360, 360.205, 0
44.056, 0.182857, 360, 360.205, 0
44.076, 0.199271, 360, 360.205, 0
44.092, 0.201322, 360, 360.205, 0
44.113, 0.219787, 360, 360.205, 0
44.134, 0.225942, 360, 360.205, 0
44.151, 0.242356, 360, 360.205, 0
44.17, 0.252614, 360, 360.205, 0
44.19, 0.260821, 360, 360.205, 0
44.206, 0.266976, 360, 360.205, 0
44.222, 0.283389, 360, 360.205, 0
44.245, 0.297751, 360, 360.137, 0
44.267, 0.269711, 360, 360.137, 0
44.283, 0.273815, 360, 360.137, 0
44.3, 0.284757, 360, 360.137, 0
44.313, 0.284757, 360, 360.137, 0
44.33, 0.290228, 360, 360.137, 0
44.345, 0.295699, 360, 360.068, 0
44.367, 0.270395, 360, 360.068, 0
44.389, 0.275182, 360, 360.068, 0
44.411, 0.279286, 360, 360.068, 0
44.43, 0.284757, 360, 360.068, 0
44.445, 0.28886, 360, 360.068, 0
44.459, 0.292964, 360, 360.068, 0
44.473, 0.297751, 360, 360.068, 0
44.486, 0.301854, 360, 360.068, 0
44.499, 0.305957, 360, 360.068, 0
44.511, 0.310061, 360, 360.068, 0
44.523, 0.314848, 360, 360.068, 0
44.536, 0.318951, 360, 360.068, 0
44.548, 0.323055, 360, 360.068, 0
44.561, 0.327158, 360, 360.068, 0
44.573, 0.331945, 360, 360.068, 0
44.588, 0.336049, 360, 360.068, 0
44.601, 0.339468, 360, 360.068, 0
44.615, 0.343571, 360, 360.068, 0
44.629, 0.347675, 360, 360.068, 0
44.641, 0.351778, 360, 360.068, 0
44.654, 0.355881, 360, 360.068, 0
44.666, 0.359985, 360, 360.068, 0
44.679, 0.364088, 360, 360.068, 0
44.691, 0.368191, 360, 360.068, 0
44.703, 0.372295, 360, 360.068, 0
44.718, 0.377082, 360, 360.068, 0
44.73, 0.380502, 360, 360.068, 0
44.744, 0.384605, 360, 360.068, 0
44.758, 0.388024, 360, 360.068, 0
44.772, 0.392128, 360, 360.068, 0
44.784, 0.395547, 360, 360.068, 0
44.799, 0.398967, 360, 360.068, 0
44.821, 0.401018, 360, 360.068, 0
44.845, 0.406489, 360, 360.068, 0
44.864, 0.409909, 360, 360.068, 0
44.908, 0.411277, 360, 360.068, 0
44.942, 0.416748, 360, 360.068, 0
44.971, 0.420851, 360, 360.068, 0
44.988, 0.422903, 360, 360.068, 0
45.011, 0.42769, 360, 360.068, 0
45.034, 0.433845, 360, 360, 0
45.056, 0.401018, 360, 360, 0
45.084, 0.401018, 360, 360, 0
45.118, 0.401018, 360, 360, 0
45.135, 0.401018, 360, 360, 0
45.154, 0.401018, 360, 360, 0
45.174, 0.401018, 360, 360, 0
45.194, 0.401018, 360, 360, 0
45.211, 0.401018, 360, 360, -315513
45.225, 1, 360, 360, 0
45.238, 0.0611246, 360, 359.795, 0
45.252, 0.141824, 360, 359.726, 0
45.267, 0.158237, 360, 359.726, 0
45.282, 0.180122, 360, 359.726, 0
45.296, 0.196535, 360, 359.726, 0
45.314, 0.202006, 360, 359.726, 0
45.333, 0.212948, 360, 359.726, 0
45.36, 0.234833, 360, 359.726, 0
45.378, 0.251246, 360, 359.726, 0
45.393, 0.26766, 360, 359.726, 0
45.406, 0.286809, 360, 359.726, 0
45.42, 0.295015, 360, 359.726, 0
45.445, 0.308693, 360, 359.726, 0
45.465, 0.327842, 360, 359.726, 0
45.483, 0.333313, 360, 359.726, 0
45.506, 0.357933, 360, 359.726, 0
45.542, 0.374347, 360, 359.726, 0
45.571, 0.401702, 360, 359.726, 0
45.589, 0.423587, 360, 359.726, 0
45.613, 0.423587, 360, 359.726, 0
45.66, 0.44, 360, 359.795, 0
45.683, 0.420851, 360, 359.795, 15.4517
45.701, 0.397599, 360, 359.932, 0
45.719, 0.366824, 360, 359.932, 0
45.743, 0.372979, 360, 359.932, 0
45.757, 0.376398, 360, 359.932, 0
45.772, 0.380502, 360, 359.932, 0
45.786, 0.384605, 360, 359.932, 0
45.801, 0.389392, 360, 359.932, 0
45.815, 0.391444, 360, 359.932, 0
45.839, 0.396231, 360, 359.932, 0
45.862, 0.39965, 360, 359.932, 0
45.876, 0.404438, 360, 359.932, 0
45.89, 0.408541, 360, 359.932, 0
45.905, 0.41196, 360, 359.932, 0
45.921, 0.416748, 360, 359.932, 0
45.935, 0.420851, 360, 359.932, 0
45.949, 0.424271, 360, 359.932, 0
45.97, 0.429058, 360, 359.932, 0
45.984, 0.433161, 360, 359.932, 0
