0, 1.81367e-312, 4.94066e-324, 0, 0
0.011, 0.5, 4.94066e-324, 0, -59.9378
0.026, 0.5, 4.94066e-324, -0.273556, 0
0.041, 0.5, 4.94066e-324, -0.615502, 0
0.056, 0.5, 4.94066e-324, -0.957447, 0
0.069, 0.5, 4.94066e-324, -1.29939, 0
0.083, 0.5, 4.94066e-324, -1.64134, 0
0.097, 0.5, 4.94066e-324, -2.05167, 0
0.111, 0.5, 4.94066e-324, -2.46201, 0
0.124, 0.5, 4.94066e-324, -2.87234, 0
0.138, 0.5, 4.94066e-324, -3.28267, 0
0.152, 0.5, 4.94066e-324, -3.69301, -58.006
0.166, 0.5, 4.94066e-324, -4.10334, -62.6273
0.18, 0.5, 4.94066e-324, -4.58207, 0
0.193, 0.5, 4.94066e-324, -4.9924, 0
0.207, 0.5, 4.94066e-324, -5.40274, -58.804
0.221, 0.5, 4.94066e-324, -5.88146, 0
0.234, 0.5, 4.94066e-324, -6.29179, 0
0.248, 0.5, 4.94066e-324, -6.70213, -61.2257
0.262, 0.5, 4.94066e-324, -7.11246, -62.1154
0.275, 0.5, 4.94066e-324, -7.59119, 0
0.289, 0.5, 4.94066e-324, -8.00152, -58.5523
0.303, 0.5, 4.94066e-324, -8.41185, -47.6247
0.317, 0.5, 4.94066e-324, -8.89058, -60.5749
0.331, 0.5, 4.94066e-324, -9.30091, -62.3988
0.344, 0.5, 4.94066e-324, -9.77964, 0
0.358, 0.5, 4.94066e-324, -10.1216, -61.501
0.372, 0.5, 4.94066e-324, -10.6003, 0
0.385, 0.5, 4.94066e-324, -11.0106, -59.2113
0.399, 0.5, 4.94066e-324, -11.421, -62.3419
0.413, 0.5, 4.94066e-324, -11.8997, 0
0.426, 0.5, 4.94066e-324, -12.31, 0
0.44, 0.5, 4.94066e-324, -12.7204, -52.6475
0.454, 0.5, 4.94066e-324, -13.1307, -30.8216
0.468, 0.5, 4.94066e-324, -13.6094, 0
0.482, 0.5, 4.94066e-324, -14.0198, -62.57
0.496, 0.5, 4.94066e-324, -14.4301, -61.3355
0.509, 0.5, 4.94066e-324, -14.9088, 0
0.523, 0.5, 4.94066e-324, -15.3191, -56.6604
0.537, 0.5, 4.94066e-324, -15.7295, -50.1019
0.551, 0.5, 4.94066e-324, -16.1398, -60.2016
0.565, 0.5, 4.94066e-324, -16.6185, 0
0.578, 0.5, 4.94066e-324, -17.0289, -60.0958
0.592, 0.5, 4.94066e-324, -17.5076, 0
0.606, 0.5, 4.94066e-324, -17.9179, 0
0.62, 0.5, 4.94066e-324, -18.3283, -49.6653
0.634, 0.5, 4.94066e-324, -18.807, 0
0.648, 0.5, 4.94066e-324, -19.2173, -62.3419
0.661, 0.5, 4.94066e-324, -19.6277, 0
0.675, 0.5, 4.94066e-324, -20.038, -60.6824
0.689, 0.5, 4.94066e-324, -20.4483, -60.4678
0.702, 0.5, 4.94066e-324, -20.9271, 0
0.716, 0.5, 4.94066e-324, -21.3374, 0
0.729, 0.5, 4.94066e-324, -21.7477, -61.4457
0.743, 0.5, 4.94066e-324, -22.1581, -61.8346
0.757, 0.5, 4.94066e-324, -22.6368, 0
0.77, 0.5, 4.94066e-324, -23.0471, 0
0.784, 0.5, 4.94066e-324, -23.4574, 0
0.797, 0.5, 4.94066e-324, -23.8678, -57.6636
0.811, 0.5, 4.94066e-324, -24.2781, -62.2284
0.825, 0.5, 4.94066e-324, -24.7568, 0
0.838, 0.5, 4.94066e-324, -25.1672, 0
0.852, 0.5, 4.94066e-324, -25.5775, -61.3905
0.866, 0.5, 4.94066e-324, -25.9878, -61.6673
0.88, 0.5, 4.94066e-324, -26.4666, 0
0.893, 0.5, 4.94066e-324, -26.8769, 0
0.906, 0.5, 4.94066e-324, -27.2872, 0
0.92, 0.5, 4.94066e-324, -27.6976, 0
0.933, 0.5, 4.94066e-324, -28.1079, 0
0.947, 0.5, 4.94066e-324, -28.5866, 0
0.96, 0.5, 4.94066e-324, -28.9286, -60.8444
0.974, 0.5, 4.94066e-324, -29.4073, 0
0.988, 0.5, 4.94066e-324, -29.8176, 0
1.002, 0.5, 4.94066e-324, -30.228, -58.6527
1.016, 0.5, 4.94066e-324, -30.6383, -13.3364
1.034, 0.5, 4.94066e-324, -31.2538, 0
1.047, 0.5, 4.94066e-324, -31.6641, 0
1.061, 0.5, 4.94066e-324, -32.0745, -59.5723
1.075, 0.5, 4.94066e-324, -32.4848, -58.9053
1.088, 0.5, 4.94066e-324, -32.9635, 0
1.102, 0.5, 4.94066e-324, -33.3739, 0
1.116, 0.5, 4.94066e-324, -33.7842, -62.6847
1.129, 0.5, 4.94066e-324, -34.1945, -61.6673
1.143, 0.5, 4.94066e-324, -34.6733, 0
1.156, 0.5, 4.94066e-324, -35.0152, -59.1601
1.17, 0.5, 4.94066e-324, -35.4939, 0
1.184, 0.5, 4.94066e-324, -35.9043, -54.6238
1.198, 0.5, 4.94066e-324, -36.3146, -59.0579
1.211, 0.5, 4.94066e-324, -36.7933, 0
1.225, 0.5, 4.94066e-324, -37.2036, 0
1.239, 0.5, 4.94066e-324, -37.614, -59.0579
1.252, 0.5, 4.94066e-324, -38.0243, -59.4171
1.266, 0.5, 4.94066e-324, -38.503, 0
1.279, 0.5, 4.94066e-324, -38.845, -61.723
1.293, 0.5, 4.94066e-324, -39.3237, 0
1.307, 0.5, 4.94066e-324, -39.734, -60.0431
1.32, 0.5, 4.94066e-324, -40.1444, -58.6527
1.334, 0.5, 4.94066e-324, -40.6231, 0
1.348, 0.5, 4.94066e-324, -41.0334, 0
1.361, 0.5, 4.94066e-324, -41.4438, 0
1.375, 0.5, 4.94066e-324, -41.8541, 0
1.389, 0.5, 4.94066e-324, -42.2644, -59.9904
1.402, 0.5, 4.94066e-324, -42.6748, -59.5723
1.416, 0.5, 4.94066e-324, -43.1535, 0
1.432, 0.5, 4.94066e-324, -43.6322, -62.1154
1.445, 0.5, 4.94066e-324, -44.0426, 0
1.459, 0.5, 4.94066e-324, -44.4529, -59.7284
1.473, 0.5, 4.94066e-324, -44.8632, -57.3253
1.486, 0.5, 4.94066e-324, -45.3419, 0
1.5, 0.5, 4.94066e-324, -45.7523, -60.8985
1.514, 0.5, 4.94066e-324, -46.1626, -62.1719
1.527, 0.5, 4.94066e-324, -46.5729, -60.6824
1.541, 0.5, 4.94066e-324, -46.9833, -59.9904
1.555, 0.5, 4.94066e-324, -47.462, 0
1.568, 0.5, 4.94066e-324, -47.8723, 0
1.582, 0.5, 4.94066e-324, -48.2827, -60.0431
1.596, 0.5, 4.94066e-324, -48.693, -60.7363
1.609, 0.5, 4.94066e-324, -49.1717, 0
1.623, 0.5, 4.94066e-324, -49.5821, -60.1487
1.636, 0.5, 4.94066e-324, -49.9924, -59.2113
1.65, 0.5, 4.94066e-324, -50.4711, 0
1.664, 0.5, 4.94066e-324, -50.8131, -61.723
1.677, 0.5, 4.94066e-324, -51.2918, 0
1.691, 0.5, 4.94066e-324, -51.7021, 0
1.704, 0.5, 4.94066e-324, -52.1125, -58.5022
1.718, 0.5, 4.94066e-324, -52.5228, -60.7903
1.732, 0.5, 4.94066e-324, -53.0015, 0
1.746, 0.5, 4.94066e-324, -53.4119, -61.501
1.759, 0.5, 4.94066e-324, -53.8222, -61.1162
1.773, 0.5, 4.94066e-324, -54.2325, -59.7806
1.786, 0.5, 4.94066e-324, -54.6429, -46.4915
1.8, 0.5, 4.94066e-324, -55.1216, -60.5749
1.814, 0.5, 4.94066e-324, -55.5319, -62.2851
1.828, 0.5, 4.94066e-324, -55.9422, -31.1811
1.841, 0.5, 4.94066e-324, -56.3526, -60.4678
1.855, 0.5, 4.94066e-324, -56.8313, 0
1.869, 0.5, 4.94066e-324, -57.2416, -59.1601
1.882, 0.5, 4.94066e-324, -57.652, -62.2284
1.896, 0.5, 4.94066e-324, -58.1307, 0
1.909, 0.5, 4.94066e-324, -58.4726, -60.6286
1.923, 0.5, 4.94066e-324, -58.9514, -61.2805
1.937, 0.5, 4.94066e-324, -59.3617, 0
1.951, 0.5, 4.94066e-324, -59.8404, 0
1.965, 0.5, 4.94066e-324, -60.1824, -61.6673
1.978, 0.5, 4.94066e-324, -60.6611, 0
1.992, 0.5, 4.94066e-324, -61.0714, -61.5563
2.006, 0.5, 4.94066e-324, -61.5502, 0
2.02, 0.5, 4.94066e-324, -61.9605, -58.006
2.036, 0.5, 4.94066e-324, -62.4392, -56.0566
2.05, 0.5, 4.94066e-324, -62.8495, -60.5749
2.063, 0.5, 4.94066e-324, -63.3283, 0
2.077, 0.5, 4.94066e-324, -63.7386, 0
2.091, 0.5, 4.94066e-324, -64.1489, -61.723
2.104, 0.5, 4.94066e-324, -64.5593, -58.4522
2.118, 0.5, 4.94066e-324, -65.038, 0
2.132, 0.5, 4.94066e-324, -65.4483, 0
2.145, 0.5, 4.94066e-324, -65.8587, 0
2.159, 0.5, 4.94066e-324, -66.269, -59.9378
2.172, 0.5, 4.94066e-324, -66.6793, -56.3801
2.186, 0.5, 4.94066e-324, -67.1581, 0
2.199, 0.5, 4.94066e-324, -67.5684, 0
2.213, 0.5, 4.94066e-324, -67.9787, -62.0028
2.226, 0.5, 4.94066e-324, -68.3891, 0
2.24, 0.5, 4.94066e-324, -68.7994, -60.4144
2.254, 0.5, 4.94066e-324, -69.2097, -58.2035
2.267, 0.5, 4.94066e-324, -69.6884, 0
2.281, 0.5, 4.94066e-324, -70.0304, -61.5563
2.294, 0.5, 4.94066e-324, -70.5091, 0
2.308, 0.5, 4.94066e-324, -70.9195, -60.6286
2.322, 0.5, 4.94066e-324, -71.3298, -58.5523
2.336, 0.5, 4.94066e-324, -71.8085, 0
2.349, 0.5, 4.94066e-324, -72.2188, 0
2.363, 0.5, 4.94066e-324, -72.6292, -60.5213
2.376, 0.5, 4.94066e-324, -73.0395, 0
2.39, 0.5, 4.94066e-324, -73.4498, -60.1487
2.404, 0.5, 4.94066e-324, -73.8602, -57.761
2.418, 0.5, 4.94066e-324, -74.3389, 0
2.431, 0.5, 4.94066e-324, -74.7492, 0
2.444, 0.5, 4.94066e-324, -75.1596, 0
2.457, 0.5, 4.94066e-324, -75.5699, 0
2.471, 0.5, 4.94066e-324, -75.9802, 0
2.485, 0.5, 4.94066e-324, -76.459, 0
2.499, 0.5, 4.94066e-324, -76.8693, 0
2.513, 0.5, 4.94066e-324, -77.2796, 0
2.526, 0.5, 4.94066e-324, -77.69, 0
2.54, 0.5, 4.94066e-324, -78.1003, -60.2547
2.553, 0.5, 4.94066e-324, -78.5106, -58.006
2.567, 0.5, 4.94066e-324, -78.9894, 0
2.581, 0.5, 4.94066e-324, -79.3997, -62.3419
2.594, 0.5, 4.94066e-324, -79.81, 0
2.608, 0.5, 4.94066e-324, -80.2204, -60.5749
2.622, 0.5, 4.94066e-324, -80.6307, -59.7806
2.635, 0.5, 4.94066e-324, -81.1094, 0
2.649, 0.5, 4.94066e-324, -81.5198, 0
2.663, 0.5, 4.94066e-324, -81.9301, -61.2805
2.676, 0.5, 4.94066e-324, -82.3404, -60.5749
2.69, 0.5, 4.94066e-324, -82.8191, 0
2.704, 0.5, 4.94066e-324, -83.1611, -57.9568
2.717, 0.5, 4.94066e-324, -83.6398, 0
2.731, 0.5, 4.94066e-324, -84.0502, -62.1154
2.744, 0.5, 4.94066e-324, -84.4605, -61.4457
2.758, 0.5, 4.94066e-324, -84.9392, 0
2.772, 0.5, 4.94066e-324, -85.3495, 0
2.785, 0.5, 4.94066e-324, -85.7599, -59.2626
2.799, 0.5, 4.94066e-324, -86.1702, -62.1154
2.813, 0.5, 4.94066e-324, -86.5805, -58.5523
2.826, 0.5, 4.94066e-324, -86.9909, -61.0617
2.84, 0.5, 4.94066e-324, -87.4696, 0
2.854, 0.5, 4.94066e-324, -87.9483, 0
2.868, 0.5, 4.94066e-324, -88.2903, -62.3988
2.881, 0.5, 4.94066e-324, -88.769, 0
2.895, 0.5, 4.94066e-324, -89.1793, 0
2.908, 0.5, 4.94066e-324, -89.5897, -58.6527
2.922, 0.5, 4.94066e-324, -90, -59.5205
2.936, 0.5, 4.94066e-324, -90.4787, 0
2.95, 0.5, 4.94066e-324, -90.8891, -61.3905
2.963, 0.5, 4.94066e-324, -91.2994, 0
2.977, 0.5, 4.94066e-324, -91.7097, -60.4678
2.99, 0.5, 4.94066e-324, -92.1884, 0
3.004, 0.5, 4.94066e-324, -92.5988, -58.253
3.018, 0.5, 4.94066e-324, -93.0091, -57.3253
3.032, 0.5, 4.94066e-324, -93.4878, 0
3.045, 0.5, 4.94066e-324, -93.8298, -54.4499
3.059, 0.5, 4.94066e-324, -94.3085, 0
3.073, 0.5, 4.94066e-324, -94.7188, -59.4171
3.087, 0.5, 4.94066e-324, -95.1292, -55.8734
3.1, 0.5, 4.94066e-324, -95.6079, 0
3.114, 0.5, 4.94066e-324, -96.0182, 0
3.127, 0.5, 4.94066e-324, -96.4286, -60.6286
3.141, 0.5, 4.94066e-324, -96.8389, -56.8488
3.155, 0.5, 4.94066e-324, -97.3176, 0
3.169, 0.5, 4.94066e-324, -97.728, -59.6763
3.183, 0.5, 4.94066e-324, -98.1383, -62.4558
3.196, 0.5, 4.94066e-324, -98.617, -31.3063
3.21, 0.5, 4.94066e-324, -98.959, -61.2257
3.223, 0.5, 4.94066e-324, -99.4377, -60.8444
3.237, 0.5, 4.94066e-324, -99.848, -59.6243
3.251, 0.5, 4.94066e-324, -100.327, 0
3.264, 0.5, 4.94066e-324, -100.669, -62.4558
3.278, 0.5, 4.94066e-324, -101.147, 0
3.291, 0.5, 4.94066e-324, -101.558, -60.0431
3.305, 0.5, 4.94066e-324, -101.968, -59.007
3.319, 0.5, 4.94066e-324, -102.447, 0
3.333, 0.5, 4.94066e-324, -102.857, 0
3.346, 0.5, 4.94066e-324, -103.267, -61.8906
3.36, 0.5, 4.94066e-324, -103.678, -60.8985
3.374, 0.5, 4.94066e-324, -104.157, 0
3.387, 0.5, 4.94066e-324, -104.567, 0
3.401, 0.5, 4.94066e-324, -104.977, 0
3.415, 0.5, 4.94066e-324, -105.388, -61.7787
3.429, 0.5, 4.94066e-324, -105.798, -60.0431
3.442, 0.5, 4.94066e-324, -106.277, 0
3.456, 0.5, 4.94066e-324, -106.687, 0
3.469, 0.5, 4.94066e-324, -107.097, -58.4023
3.483, 0.5, 4.94066e-324, -107.508, -62.1154
3.497, 0.5, 4.94066e-324, -107.986, 0
3.51, 0.5, 4.94066e-324, -108.397, 0
3.524, 0.5, 4.94066e-324, -108.807, 0
3.537, 0.5, 4.94066e-324, -109.217, -59.8329
3.55, 0.5, 4.94066e-324, -109.628, -61.9466
3.565, 0.5, 4.94066e-324, -110.106, 0
3.578, 0.5, 4.94066e-324, -110.448, -61.8346
3.592, 0.5, 4.94066e-324, -110.927, -57.9078
3.605, 0.5, 4.94066e-324, -111.337, 0
3.62, 0.5, 4.94066e-324, -111.816, 0
3.632, 0.5, 4.94066e-324, -112.158, 0
3.646, 0.5, 4.94066e-324, -112.637, 0
3.659, 0.5, 4.94066e-324, -112.979, -60.2547
3.673, 0.5, 4.94066e-324, -113.457, 0
3.687, 0.5, 4.94066e-324, -113.868, -55.6009
3.701, 0.5, 4.94066e-324, -114.278, -60.6286
3.714, 0.5, 4.94066e-324, -114.757, 0
3.728, 0.5, 4.94066e-324, -115.167, 0
3.742, 0.5, 4.94066e-324, -115.578, 0
3.755, 0.5, 4.94066e-324, -115.988, 0
3.769, 0.5, 4.94066e-324, -116.398, -59.4687
3.783, 0.5, 4.94066e-324, -116.809, -61.9466
3.796, 0.5, 4.94066e-324, -117.287, 0
3.81, 0.5, 4.94066e-324, -117.629, -59.9378
3.823, 0.5, 4.94066e-324, -118.108, 0
3.837, 0.5, 4.94066e-324, -118.518, -58.4023
3.851, 0.5, 4.94066e-324, -118.929, 0
3.863, 0.5, 4.94066e-324, -119.339, -61.501
3.877, 0.5, 4.94066e-324, -119.749, -59.4687
3.891, 0.5, 4.94066e-324, -120.228, 0
3.905, 0.5, 4.94066e-324, -120.638, 0
3.918, 0.5, 4.94066e-324, -121.049, -60.0958
3.932, 0.5, 4.94066e-324, -121.459, -62.1719
3.945, 0.5, 4.94066e-324, -121.938, 0
3.959, 0.5, 4.94066e-324, -122.348, -60.4144
3.973, 0.5, 4.94066e-324, -122.758, -59.7806
3.986, 0.5, 4.94066e-324, -123.169, -58.6024
4, 0.5, 4.94066e-324, -123.579, -59.7806
4.014, 0.5, 4.94066e-324, -124.058, -57.9568
4.028, 0.5, 4.94066e-324, -124.468, -55.3758
4.041, 0.5, 4.94066e-324, -124.947, 0
4.055, 0.5, 4.94066e-324, -125.357, -57.9078
4.069, 0.5, 4.94066e-324, -125.767, 0
4.083, 0.5, 4.94066e-324, -126.246, 0
4.096, 0.5, 4.94066e-324, -126.588, -62.059
4.11, 0.5, 4.94066e-324, -127.067, 0
4.123, 0.5, 4.94066e-324, -127.477, 0
4.137, 0.5, 4.94066e-324, -127.888, -50.3231
4.151, 0.5, 4.94066e-324, -128.298, -61.3355
4.165, 0.5, 4.94066e-324, -128.777, 0
4.178, 0.5, 4.94066e-324, -129.119, -60.7903
4.192, 0.5, 4.94066e-324, -129.597, 0
4.206, 0.5, 4.94066e-324, -130.008, -56.8488
4.219, 0.5, 4.94066e-324, -130.418, -59.2113
4.233, 0.5, 4.94066e-324, -130.897, 0
4.247, 0.5, 4.94066e-324, -131.307, 0
4.26, 0.5, 4.94066e-324, -131.717, -60.2547
4.274, 0.5, 4.94066e-324, -132.128, -348.924
4.287, 0.5, 4.94066e-324, -132.538, -58.9053
4.301, 0.5, 4.94066e-324, -132.948, -62.3419
4.315, 0.5, 4.94066e-324, -133.427, 0
4.329, 0.5, 4.94066e-324, -133.837, -61.6118
4.342, 0.5, 4.94066e-324, -134.248, -60.3078
4.356, 0.5, 4.94066e-324, -134.726, 0
4.37, 0.5, 4.94066e-324, -135.068, -59.6763
4.383, 0.5, 4.94066e-324, -135.547, -60.4678
4.397, 0.5, 4.94066e-324, -135.957, 0
4.41, 0.5, 4.94066e-324, -136.368, -60.361
4.424, 0.5, 4.94066e-324, -136.778, -59.6763
4.438, 0.5, 4.94066e-324, -137.257, 0
4.451, 0.5, 4.94066e-324, -137.667, 0
4.465, 0.5, 4.94066e-324, -138.078, -61.6673
4.478, 0.5, 4.94066e-324, -138.488, -61.4457
4.492, 0.5, 4.94066e-324, -138.898, -60.4144
4.506, 0.5, 4.94066e-324, -139.377, 0
4.518, 0.5, 4.94066e-324, -139.719, -60.2547
4.532, 0.5, 4.94066e-324, -140.198, 0
4.546, 0.5, 4.94066e-324, -140.608, 0
4.559, 0.5, 4.94066e-324, -141.018, -31.3253
4.573, 0.5, 4.94066e-324, -141.429, -56.1026
4.587, 0.5, 4.94066e-324, -141.839, -58.3027
4.6, 0.5, 4.94066e-324, -142.249, -61.2805
4.614, 0.5, 4.94066e-324, -142.728, 0
4.627, 0.5, 4.94066e-324, -143.138, 0
4.641, 0.5, 4.94066e-324, -143.549, 0
4.654, 0.5, 4.94066e-324, -143.959, -58.1046
4.668, 0.5, 4.94066e-324, -144.369, -60.2016
4.682, 0.5, 4.94066e-324, -144.848, 0
4.696, 0.5, 4.94066e-324, -145.258, 0
4.709, 0.5, 4.94066e-324, -145.669, -60.8985
4.723, 0.5, 4.94066e-324, -146.079, -58.804
4.737, 0.5, 4.94066e-324, -146.558, 0
4.75, 0.5, 4.94066e-324, -146.968, 0
4.764, 0.5, 4.94066e-324, -147.378, 0
4.778, 0.5, 4.94066e-324, -147.789, -60.7363
4.791, 0.5, 4.94066e-324, -148.199, -59.7284
4.805, 0.5, 4.94066e-324, -148.609, -59.6243
4.819, 0.5, 4.94066e-324, -149.088, 0
4.832, 0.5, 4.94066e-324, -149.498, -62.2284
4.846, 0.5, 4.94066e-324, -149.909, 0
4.859, 0.5, 4.94066e-324, -150.319, -61.3355
4.873, 0.5, 4.94066e-324, -150.729, -59.2113
4.887, 0.5, 4.94066e-324, -151.208, 0
4.9, 0.5, 4.94066e-324, -151.619, -62.1719
4.914, 0.5, 4.94066e-324, -152.029, 0
4.928, 0.5, 4.94066e-324, -152.439, -60.8985
4.941, 0.5, 4.94066e-324, -152.85, -60.361
4.955, 0.5, 4.94066e-324, -153.328, 0
4.969, 0.5, 4.94066e-324, -153.739, 0
4.982, 0.5, 4.94066e-324, -154.217, 0
4.996, 0.5, 4.94066e-324, -154.559, -59.2626
5.009, 0.5, 4.94066e-324, -155.038, 0
5.023, 0.5, 4.94066e-324, -155.448, -58.7535
5.039, 0.5, 4.94066e-324, -155.927, 0
5.053, 0.5, 4.94066e-324, -156.406, 0
5.067, 0.5, 4.94066e-324, -156.816, 0
5.08, 0.5, 4.94066e-324, -157.226, 0
5.094, 0.5, 4.94066e-324, -157.637, -60.4678
5.107, 0.5, 4.94066e-324, -158.047, -58.9053
5.121, 0.5, 4.94066e-324, -158.526, 0
5.135, 0.5, 4.94066e-324, -158.936, 0
5.149, 0.5, 4.94066e-324, -159.347, -60.6286
5.162, 0.5, 4.94066e-324, -159.757, 0
5.176, 0.5, 4.94066e-324, -160.236, 0
5.189, 0.5, 4.94066e-324, -160.646, 0
5.203, 0.5, 4.94066e-324, -161.056, 0
5.217, 0.5, 4.94066e-324, -161.467, -61.1162
5.231, 0.5, 4.94066e-324, -161.877, -61.2257
5.244, 0.5, 4.94066e-324, -162.356, 0
5.258, 0.5, 4.94066e-324, -162.766, 0
5.272, 0.5, 4.94066e-324, -163.176, -56.3801
5.285, 0.5, 4.94066e-324, -163.587, 0
5.299, 0.5, 4.94066e-324, -164.065, 0
5.313, 0.5, 4.94066e-324, -164.476, 0
5.326, 0.5, 4.94066e-324, -164.886, 0
5.34, 0.5, 4.94066e-324, -165.296, -58.6024
5.354, 0.5, 4.94066e-324, -165.707, -52.2852
5.368, 0.5, 4.94066e-324, -166.185, 0
5.381, 0.5, 4.94066e-324, -166.596, 0
5.395, 0.5, 4.94066e-324, -167.006, -62.3988
5.408, 0.5, 4.94066e-324, -167.416, 0
5.422, 0.5, 4.94066e-324, -167.827, -54.7551
5.436, 0.5, 4.94066e-324, -168.305, 0
5.45, 0.5, 4.94066e-324, -168.716, 0
5.463, 0.5, 4.94066e-324, -169.126, -61.7787
5.477, 0.5, 4.94066e-324, -169.536, -61.723
5.49, 0.5, 4.94066e-324, -170.015, 0
5.504, 0.5, 4.94066e-324, -170.426, 0
5.518, 0.5, 4.94066e-324, -170.836, -61.4457
5.532, 0.5, 4.94066e-324, -171.246, 0
5.545, 0.5, 4.94066e-324, -171.657, -61.723
5.559, 0.5, 4.94066e-324, -172.067, -60.8985
5.572, 0.5, 4.94066e-324, -172.546, 0
5.586, 0.5, 4.94066e-324, -172.956, 0
5.6, 0.5, 4.94066e-324, -173.366, 0
5.613, 0.5, 4.94066e-324, -173.777, -61.5563
5.627, 0.5, 4.94066e-324, -174.187, -59.3655
5.641, 0.5, 4.94066e-324, -174.666, 0
5.654, 0.5, 4.94066e-324, -175.076, 0
5.668, 0.5, 4.94066e-324, -175.486, -60.9528
5.682, 0.5, 4.94066e-324, -175.897, -57.8588
5.695, 0.5, 4.94066e-324, -176.307, -61.5563
5.709, 0.5, 4.94066e-324, -176.717, -59.7284
5.722, 0.5, 4.94066e-324, -177.196, 0
5.736, 0.5, 4.94066e-324, -177.606, -59.6243
5.75, 0.5, 4.94066e-324, -178.017, 0
5.764, 0.5, 4.94066e-324, -178.427, -62.57
5.777, 0.5, 4.94066e-324, -178.837, -61.0617
5.791, 0.5, 4.94066e-324, -179.316, 0
5.805, 0.5, 4.94066e-324, -179.726, -58.4023
5.818, 0.5, 4.94066e-324, -180.137, -60.2016
5.833, 0.5, 4.94066e-324, -180.616, 0
5.846, 0.5, 4.94066e-324, -181.026, 0
5.86, 0.5, 4.94066e-324, -181.436, -60.0431
5.873, 0.5, 4.94066e-324, -181.847, -58.6527
5.887, 0.5, 4.94066e-324, -182.325, 0
5.901, 0.5, 4.94066e-324, -182.736, 0
5.915, 0.5, 4.94066e-324, -183.146, -60.6824
5.928, 0.5, 4.94066e-324, -183.556, -31.1436
5.942, 0.5, 4.94066e-324, -184.035, 0
5.956, 0.5, 4.94066e-324, -184.445, -57.1815
5.969, 0.5, 4.94066e-324, -184.856, 0
5.983, 0.5, 4.94066e-324, -185.334, 0
5.997, 0.5, 4.94066e-324, -185.745, 0
6.011, 0.5, 4.94066e-324, -186.155, -60.8444
6.025, 0.5, 4.94066e-324, -186.565, -45.0818
6.039, 0.5, 4.94066e-324, -187.044, 0
6.053, 0.5, 4.94066e-324, -187.454, -60.1487
6.066, 0.5, 4.94066e-324, -187.865, -60.8444
6.08, 0.5, 4.94066e-324, -188.343, 0
6.094, 0.5, 4.94066e-324, -188.754, 0
6.107, 0.5, 4.94066e-324, -189.164, -55.9191
6.121, 0.5, 4.94066e-324, -189.574, -58.2035
6.135, 0.5, 4.94066e-324, -189.985, -57.615
6.148, 0.5, 4.94066e-324, -190.395, -62.3419
6.162, 0.5, 4.94066e-324, -190.874, 0
6.175, 0.5, 4.94066e-324, -191.284, -60.7363
6.189, 0.5, 4.94066e-324, -191.695, -59.2113
6.203, 0.5, 4.94066e-324, -192.173, 0
6.217, 0.5, 4.94066e-324, -192.584, 0
6.23, 0.5, 4.94066e-324, -192.994, -61.6118
6.244, 0.5, 4.94066e-324, -193.404, 0
6.257, 0.5, 4.94066e-324, -193.815, -56.5666
6.272, 0.5, 4.94066e-324, -194.293, -51.0366
6.286, 0.5, 4.94066e-324, -194.704, -59.7806
6.3, 0.5, 4.94066e-324, -195.182, 0
6.313, 0.5, 4.94066e-324, -195.593, 0
6.327, 0.5, 4.94066e-324, -196.003, -60.8985
6.341, 0.5, 4.94066e-324, -196.413, -60.1487
6.354, 0.5, 4.94066e-324, -196.892, 0
6.368, 0.5, 4.94066e-324, -197.302, -57.8588
6.382, 0.5, 4.94066e-324, -197.713, 0
6.396, 0.5, 4.94066e-324, -198.123, -61.5563
6.409, 0.5, 4.94066e-324, -198.533, -59.6763
6.423, 0.5, 4.94066e-324, -199.012, 0
6.436, 0.5, 4.94066e-324, -199.422, 0
6.451, 0.5, 4.94066e-324, -199.901, 0
6.464, 0.5, 4.94066e-324, -200.243, -61.6118
6.478, 0.5, 4.94066e-324, -200.722, 0
6.491, 0.5, 4.94066e-324, -201.132, -59.6243
6.505, 0.5, 4.94066e-324, -201.543, -58.2035
6.519, 0.5, 4.94066e-324, -202.021, 0
6.533, 0.5, 4.94066e-324, -202.432, 0
6.547, 0.5, 4.94066e-324, -202.842, -62.1719
6.56, 0.5, 4.94066e-324, -203.252, -59.007
6.574, 0.5, 4.94066e-324, -203.731, 0
6.588, 0.5, 4.94066e-324, -204.073, -58.3027
6.602, 0.5, 4.94066e-324, -204.552, 0
6.615, 0.5, 4.94066e-324, -204.962, -61.6673
6.629, 0.5, 4.94066e-324, -205.372, -60.6824
6.643, 0.5, 4.94066e-324, -205.851, 0
6.656, 0.5, 4.94066e-324, -206.193, -57.5181
6.67, 0.5, 4.94066e-324, -206.672, -54.3201
6.684, 0.5, 4.94066e-324, -207.082, -62.0028
6.697, 0.5, 4.94066e-324, -207.492, -61.3905
6.711, 0.5, 4.94066e-324, -207.903, 0
6.723, 0.5, 4.94066e-324, -208.381, 0
6.736, 0.5, 4.94066e-324, -208.723, -59.7806
6.75, 0.5, 4.94066e-324, -209.202, 0
6.764, 0.5, 4.94066e-324, -209.544, -62.3988
6.777, 0.5, 4.94066e-324, -210.023, 0
6.791, 0.5, 4.94066e-324, -210.433, -59.6763
6.805, 0.5, 4.94066e-324, -210.843, -50.5089
6.819, 0.5, 4.94066e-324, -211.322, 0
6.833, 0.5, 4.94066e-324, -211.733, 0
6.847, 0.5, 4.94066e-324, -212.143, -61.6673
6.86, 0.5, 4.94066e-324, -212.553, -61.3355
6.874, 0.5, 4.94066e-324, -213.032, 0
6.888, 0.5, 4.94066e-324, -213.442, -58.4023
6.901, 0.5, 4.94066e-324, -213.853, 0
6.915, 0.5, 4.94066e-324, -214.263, -61.501
6.929, 0.5, 4.94066e-324, -214.742, 0
6.942, 0.5, 4.94066e-324, -215.152, 0
6.956, 0.5, 4.94066e-324, -215.562, -58.6527
6.97, 0.5, 4.94066e-324, -216.041, 0
6.984, 0.5, 4.94066e-324, -216.451, -61.2257
6.997, 0.5, 4.94066e-324, -216.862, -60.6286
7.011, 0.5, 4.94066e-324, -217.272, -59.6243
7.025, 0.5, 4.94066e-324, -217.682, -60.6824
7.038, 0.5, 4.94066e-324, -218.161, -58.9561
7.052, 0.5, 4.94066e-324, -218.571, 0
7.066, 0.5, 4.94066e-324, -218.982, -61.3355
7.079, 0.5, 4.94066e-324, -219.392, -60.8444
7.093, 0.5, 4.94066e-324, -219.871, 0
7.107, 0.5, 4.94066e-324, -220.281, -58.3027
7.121, 0.5, 4.94066e-324, -220.691, -38.7035
7.135, 0.5, 4.94066e-324, -221.17, -61.8346
7.149, 0.5, 4.94066e-324, -221.581, 0
7.162, 0.5, 4.94066e-324, -221.991, -61.9466
7.176, 0.5, 4.94066e-324, -222.401, 0
7.189, 0.5, 4.94066e-324, -222.812, -126.881
7.202, 0.5, 4.94066e-324, -223.222, 0
7.216, 0.5, 4.94066e-324, -223.701, 0
7.229, 0.5, 4.94066e-324, -224.111, 0
7.243, 0.5, 4.94066e-324, -224.521, 0
7.257, 0.5, 4.94066e-324, -224.932, -59.109
7.27, 0.5, 4.94066e-324, -225.342, -58.4023
7.284, 0.5, 4.94066e-324, -225.821, 0
7.298, 0.5, 4.94066e-324, -226.231, -31.1715
7.311, 0.5, 4.94066e-324, -226.641, -61.7787
7.325, 0.5, 4.94066e-324, -227.052, -59.8329
7.339, 0.5, 4.94066e-324, -227.53, 0
7.352, 0.5, 4.94066e-324, -227.941, 0
7.366, 0.5, 4.94066e-324, -228.351, 0
7.38, 0.5, 4.94066e-324, -228.761, -61.7787
7.393, 0.5, 4.94066e-324, -229.172, -61.8906
7.407, 0.5, 4.94066e-324, -229.65, 0
7.421, 0.5, 4.94066e-324, -230.061, 0
7.435, 0.5, 4.94066e-324, -230.471, -58.4522
7.448, 0.5, 4.94066e-324, -230.881, -61.0617
7.462, 0.5, 4.94066e-324, -231.36, 0
7.475, 0.5, 4.94066e-324, -231.771, 0
7.489, 0.5, 4.94066e-324, -232.181, 0
7.503, 0.5, 4.94066e-324, -232.591, -60.3078
7.517, 0.5, 4.94066e-324, -233.002, -60.0958
7.53, 0.5, 4.94066e-324, -233.48, 0
7.544, 0.5, 4.94066e-324, -233.891, 0
7.557, 0.5, 4.94066e-324, -234.301, -59.7806
7.571, 0.5, 4.94066e-324, -234.711, 0
7.585, 0.5, 4.94066e-324, -235.19, 0
7.599, 0.5, 4.94066e-324, -235.532, -61.723
7.612, 0.5, 4.94066e-324, -236.011, 0
7.626, 0.5, 4.94066e-324, -236.353, -61.0617
7.639, 0.5, 4.94066e-324, -236.831, 0
7.653, 0.5, 4.94066e-324, -237.242, -58.4023
7.667, 0.5, 4.94066e-324, -237.652, -62.2284
7.681, 0.5, 4.94066e-324, -238.131, 0
7.694, 0.5, 4.94066e-324, -238.541, 0
7.708, 0.5, 4.94066e-324, -238.951, -56.4266
7.722, 0.5, 4.94066e-324, -239.362, -58.804
7.736, 0.5, 4.94066e-324, -239.84, 0
7.749, 0.5, 4.94066e-324, -240.251, 0
7.763, 0.5, 4.94066e-324, -240.661, 0
7.777, 0.5, 4.94066e-324, -241.14, 0
7.79, 0.5, 4.94066e-324, -241.482, -58.2035
7.804, 0.5, 4.94066e-324, -241.96, 0
7.818, 0.5, 4.94066e-324, -242.371, 0
7.831, 0.5, 4.94066e-324, -242.781, -61.1709
7.845, 0.5, 4.94066e-324, -243.191, -62.1719
7.858, 0.5, 4.94066e-324, -243.67, 0
7.872, 0.5, 4.94066e-324, -244.012, -58.7535
7.886, 0.5, 4.94066e-324, -244.491, 0
7.899, 0.5, 4.94066e-324, -244.901, -61.0617
7.913, 0.5, 4.94066e-324, -245.312, -61.9466
7.926, 0.5, 4.94066e-324, -245.722, -60.5213
7.94, 0.5, 4.94066e-324, -246.132, -58.006
7.954, 0.5, 4.94066e-324, -246.611, 0
7.968, 0.5, 4.94066e-324, -247.021, 0
7.982, 0.5, 4.94066e-324, -247.5, 0
7.996, 0.5, 4.94066e-324, -247.91, -58.1046
8.009, 0.5, 4.94066e-324, -248.321, 0
8.024, 0.5, 4.94066e-324, -248.799, 0
8.038, 0.5, 4.94066e-324, -249.21, 0
8.051, 0.5, 4.94066e-324, -249.62, -58.7535
8.065, 0.5, 4.94066e-324, -250.03, -62.4558
8.078, 0.5, 4.94066e-324, -250.441, -59.9378
8.092, 0.5, 4.94066e-324, -250.919, 0
8.106, 0.5, 4.94066e-324, -251.33, 0
8.12, 0.5, 4.94066e-324, -251.74, -59.2113
8.133, 0.5, 4.94066e-324, -252.15, 0
8.147, 0.5, 4.94066e-324, -252.629, 0
8.16, 0.5, 4.94066e-324, -253.04, 0
8.174, 0.5, 4.94066e-324, -253.45, 0
8.188, 0.5, 4.94066e-324, -253.86, 0
8.201, 0.5, 4.94066e-324, -254.271, -60.0958
8.217, 0.5, 4.94066e-324, -254.818, 0
8.231, 0.5, 4.94066e-324, -255.16, -61.4457
8.244, 0.5, 4.94066e-324, -255.638, 0
8.258, 0.5, 4.94066e-324, -255.98, -60.361
8.271, 0.5, 4.94066e-324, -256.459, -58.804
8.285, 0.5, 4.94066e-324, -256.869, 0
8.299, 0.5, 4.94066e-324, -257.28, -61.0617
8.312, 0.5, 4.94066e-324, -257.69, -62.1154
8.326, 0.5, 4.94066e-324, -258.169, 0
8.339, 0.5, 4.94066e-324, -258.579, 0
8.353, 0.5, 4.94066e-324, -258.989, 0
8.366, 0.5, 4.94066e-324, -259.331, -60.8444
8.379, 0.5, 4.94066e-324, -259.81, 0
8.393, 0.5, 4.94066e-324, -260.22, -60.2016
8.407, 0.5, 4.94066e-324, -260.631, 0
8.42, 0.5, 4.94066e-324, -261.041, -59.314
8.433, 0.5, 4.94066e-324, -261.451, 0
8.447, 0.5, 4.94066e-324, -261.862, -62.4558
8.461, 0.5, 4.94066e-324, -262.272, -59.5723
8.475, 0.5, 4.94066e-324, -262.751, 0
8.488, 0.5, 4.94066e-324, -263.161, 0
8.502, 0.5, 4.94066e-324, -263.571, -60.0431
8.516, 0.5, 4.94066e-324, -263.982, -61.6673
8.529, 0.5, 4.94066e-324, -264.46, 0
8.543, 0.5, 4.94066e-324, -264.871, 0
8.556, 0.5, 4.94066e-324, -265.281, 0
8.57, 0.5, 4.94066e-324, -265.691, -59.007
8.584, 0.5, 4.94066e-324, -266.102, -59.5723
8.598, 0.5, 4.94066e-324, -266.581, 0
8.611, 0.5, 4.94066e-324, -266.922, -60.6286
8.625, 0.5, 4.94066e-324, -267.401, 0
8.638, 0.5, 4.94066e-324, -267.812, 0
8.652, 0.5, 4.94066e-324, -268.222, -59.6763
8.666, 0.5, 4.94066e-324, -268.632, -30.9944
8.679, 0.5, 4.94066e-324, -269.111, 0
8.693, 0.5, 4.94066e-324, -269.521, -58.4522
8.706, 0.5, 4.94066e-324, -269.932, 0
8.72, 0.5, 4.94066e-324, -270.342, -58.8546
8.734, 0.5, 4.94066e-324, -270.752, -64.3965
8.747, 0.5, 4.94066e-324, -271.231, 0
8.761, 0.5, 4.94066e-324, -271.641, 0
8.775, 0.5, 4.94066e-324, -272.052, -59.5723
8.788, 0.5, 4.94066e-324, -272.462, -61.2805
8.802, 0.5, 4.94066e-324, -272.941, 0
8.815, 0.5, 4.94066e-324, -273.283, -61.6118
8.829, 0.5, 4.94066e-324, -273.761, 0
8.843, 0.5, 4.94066e-324, -274.172, -59.0579
8.856, 0.5, 4.94066e-324, -274.582, -56.8488
8.87, 0.5, 4.94066e-324, -274.992, -59.1601
8.884, 0.5, 4.94066e-324, -275.403, -61.3905
8.897, 0.5, 4.94066e-324, -275.881, 0
8.911, 0.5, 4.94066e-324, -276.292, 0
8.925, 0.5, 4.94066e-324, -276.702, -59.6243
8.939, 0.5, 4.94066e-324, -277.112, -55.0637
8.953, 0.5, 4.94066e-324, -277.591, 0
8.967, 0.5, 4.94066e-324, -278.002, -60.5213
8.981, 0.5, 4.94066e-324, -278.412, -61.3905
8.994, 0.5, 4.94066e-324, -278.822, -228.726
9.015, 0.5, 4.94066e-324, -279.506, 0
9.028, 0.5, 4.94066e-324, -279.916, -59.2113
9.042, 0.5, 4.94066e-324, -280.327, 0
9.056, 0.5, 4.94066e-324, -280.737, -56.3337
9.07, 0.5, 4.94066e-324, -281.147, -57.5665
9.084, 0.5, 4.94066e-324, -281.626, 0
9.097, 0.5, 4.94066e-324, -282.036, 0
9.111, 0.5, 4.94066e-324, -282.447, -60.0431
9.124, 0.5, 4.94066e-324, -282.857, -59.007
9.137, 0.5, 4.94066e-324, -283.267, -59.007
9.151, 0.5, 4.94066e-324, -283.678, -62.5128
9.164, 0.5, 4.94066e-324, -284.157, 0
9.178, 0.5, 4.94066e-324, -284.567, 0
9.192, 0.5, 4.94066e-324, -284.977, 0
9.205, 0.5, 4.94066e-324, -285.388, -58.154
9.218, 0.5, 4.94066e-324, -285.798, -61.6118
9.232, 0.5, 4.94066e-324, -286.277, 0
9.246, 0.5, 4.94066e-324, -286.619, -60.5749
9.259, 0.5, 4.94066e-324, -287.097, 0
9.273, 0.5, 4.94066e-324, -287.508, 0
9.287, 0.5, 4.94066e-324, -287.918, -60.7903
9.3, 0.5, 4.94066e-324, -288.328, -60.8985
9.314, 0.5, 4.94066e-324, -288.807, 0
9.327, 0.5, 4.94066e-324, -289.217, -61.0617
9.341, 0.5, 4.94066e-324, -289.628, 0
9.355, 0.5, 4.94066e-324, -290.038, -54.6675
9.369, 0.5, 4.94066e-324, -290.448, -60.8985
9.382, 0.5, 4.94066e-324, -290.927, -60.0958
9.397, 0.5, 4.94066e-324, -291.337, -58.3027
9.413, 0.5, 4.94066e-324, -291.816, -60.3078
9.427, 0.5, 4.94066e-324, -292.295, -60.7903
9.441, 0.5, 4.94066e-324, -292.705, -58.7535
9.455, 0.5, 4.94066e-324, -293.116, -59.1601
9.468, 0.5, 4.94066e-324, -293.526, -60.0958
9.482, 0.5, 4.94066e-324, -294.005, 0
9.495, 0.5, 4.94066e-324, -294.415, 0
9.509, 0.5, 4.94066e-324, -294.825, 0
9.523, 0.5, 4.94066e-324, -295.236, -55.4656
9.536, 0.5, 4.94066e-324, -295.646, -59.4171
9.55, 0.5, 4.94066e-324, -296.125, 0
9.564, 0.5, 4.94066e-324, -296.535, 0
9.577, 0.5, 4.94066e-324, -296.945, 0
9.591, 0.5, 4.94066e-324, -297.356, 0
9.605, 0.5, 4.94066e-324, -297.766, -59.1601
9.62, 0.5, 4.94066e-324, -298.245, -60.8444
9.634, 0.5, 4.94066e-324, -298.655, -61.3355
9.647, 0.5, 4.94066e-324, -299.134, 0
9.661, 0.5, 4.94066e-324, -299.476, -59.2626
9.674, 0.5, 4.94066e-324, -299.954, 0
9.688, 0.5, 4.94066e-324, -300.365, 0
9.702, 0.5, 4.94066e-324, -300.775, -58.6527
9.716, 0.5, 4.94066e-324, -301.185, -62.1154
9.729, 0.5, 4.94066e-324, -301.664, 0
9.743, 0.5, 4.94066e-324, -302.074, 0
9.757, 0.5, 4.94066e-324, -302.485, 0
9.771, 0.5, 4.94066e-324, -302.895, -59.2626
9.785, 0.5, 4.94066e-324, -303.305, -60.9528
9.798, 0.5, 4.94066e-324, -303.784, 0
9.812, 0.5, 4.94066e-324, -304.195, 0
9.826, 0.5, 4.94066e-324, -304.605, -57.4215
9.839, 0.5, 4.94066e-324, -305.015, -58.1046
9.853, 0.5, 4.94066e-324, -305.426, -59.6763
9.867, 0.5, 4.94066e-324, -305.836, -61.6673
9.88, 0.5, 4.94066e-324, -306.315, 0
9.894, 0.5, 4.94066e-324, -306.725, -60.361
9.908, 0.5, 4.94066e-324, -307.135, 0
9.921, 0.5, 4.94066e-324, -307.614, 0
9.935, 0.5, 4.94066e-324, -307.956, -60.361
9.949, 0.5, 4.94066e-324, -308.435, 0
9.962, 0.5, 4.94066e-324, -308.845, 0
9.976, 0.5, 4.94066e-324, -309.255, -63.1478
9.99, 0.5, 4.94066e-324, -309.666, -59.7806
10.003, -0, 4.94066e-324, -310.076, -58.5523
10.017, -0, 4.94066e-324, -310.35, -59.8329
10.031, -0, 4.94066e-324, -310.418, 0
10.045, -0, 4.94066e-324, -310.486, -28.5916
10.058, -0, 4.94066e-324, -310.486, 0
10.072, -0, 4.94066e-324, -310.486, 0
10.086, -0, 4.94066e-324, -310.486, 0
10.1, -0, 4.94066e-324, -310.486, 0
10.113, -0, 4.94066e-324, -310.486, 0
10.127, -0, 4.94066e-324, -310.486, 0
10.141, -0, 4.94066e-324, -310.486, 0
10.155, -0, 4.94066e-324, -310.486, 0
10.169, -0, 4.94066e-324, -310.486, 0
10.182, -0, 4.94066e-324, -310.486, 0
10.196, -0, 4.94066e-324, -310.486, 0
10.209, -0, 4.94066e-324, -310.486, 0
10.223, -0, 4.94066e-324, -310.486, 0
10.237, -0, 4.94066e-324, -310.486, 0
10.25, -0, 4.94066e-324, -310.486, 0
10.264, -0, 4.94066e-324, -310.486, 0
10.277, -0, 4.94066e-324, -310.486, 0
10.291, -0, 4.94066e-324, -310.486, 0
10.305, -0, 4.94066e-324, -310.486, 0
10.318, -0, 4.94066e-324, -310.486, 0
10.332, -0, 4.94066e-324, -310.486, 0
10.346, -0, 4.94066e-324, -310.486, 0
10.359, -0, 4.94066e-324, -310.486, 0
10.373, -0, 4.94066e-324, -310.486, 0
10.387, -0, 4.94066e-324, -310.486, 0
10.4, -0, 4.94066e-324, -310.486, 0
10.414, -0, 4.94066e-324, -310.486, 0
10.427, -0, 4.94066e-324, -310.486, 0
10.441, -0, 4.94066e-324, -310.486, 0
10.455, -0, 4.94066e-324, -310.486, 0
10.469, -0, 4.94066e-324, -310.486, 0
10.482, -0, 4.94066e-324, -310.486, 0
10.496, -0, 4.94066e-324, -310.486, 0
10.509, -0, 4.94066e-324, -310.486, 0
10.523, -0, 4.94066e-324, -310.486, 0
10.537, -0, 4.94066e-324, -310.486, 0
10.55, -0, 4.94066e-324, -310.486, 0
10.564, -0, 4.94066e-324, -310.486, 0
10.578, -0, 4.94066e-324, -310.486, 0
10.591, -0, 4.94066e-324, -310.486, 0
10.605, -0, 4.94066e-324, -310.486, 0
10.619, -0, 4.94066e-324, -310.486, 0
10.633, -0, 4.94066e-324, -310.486, 0
10.646, -0, 4.94066e-324, -310.486, 0
10.66, -0, 4.94066e-324, -310.486, 0
10.674, -0, 4.94066e-324, -310.486, 0
10.687, -0, 4.94066e-324, -310.486, 0
10.701, -0, 4.94066e-324, -310.486, 0
10.714, -0, 4.94066e-324, -310.486, 0
10.728, -0, 4.94066e-324, -310.486, 0
10.742, -0, 4.94066e-324, -310.486, 0
10.755, -0, 4.94066e-324, -310.486, 0
10.769, -0, 4.94066e-324, -310.486, 0
10.783, -0, 4.94066e-324, -310.486, 0
10.796, -0, 4.94066e-324, -310.486, 0
10.81, -0, 4.94066e-324, -310.486, 0
10.824, -0, 4.94066e-324, -310.486, 0
10.838, -0, 4.94066e-324, -310.486, 0
10.851, -0, 4.94066e-324, -310.486, 0
10.865, -0, 4.94066e-324, -310.486, 0
10.879, -0, 4.94066e-324, -310.486, 0
10.892, -0, 4.94066e-324, -310.486, 0
10.906, -0, 4.94066e-324, -310.486, 0
10.92, -0, 4.94066e-324, -310.486, 0
10.934, -0, 4.94066e-324, -310.486, 0
10.947, -0, 4.94066e-324, -310.486, 0
10.961, -0, 4.94066e-324, -310.486, 0
10.975, -0, 4.94066e-324, -310.486, 0
10.988, -0, 4.94066e-324, -310.486, 0
11.002, -0, 4.94066e-324, -310.486, 0
11.016, -0, 4.94066e-324, -310.486, 0
11.029, -0, 4.94066e-324, -310.486, 0
11.043, -0, 4.94066e-324, -310.486, 0
11.057, -0, 4.94066e-324, -310.486, 0
11.071, -0, 4.94066e-324, -310.486, 0
11.084, -0, 4.94066e-324, -310.486, 0
11.098, -0, 4.94066e-324, -310.486, 0
11.112, -0, 4.94066e-324, -310.486, 0
11.125, -0, 4.94066e-324, -310.486, 0
11.139, -0, 4.94066e-324, -310.486, 0
11.153, -0, 4.94066e-324, -310.486, 0
11.166, -0, 4.94066e-324, -310.486, 0
11.18, -0, 4.94066e-324, -310.486, 0
11.194, -0, 4.94066e-324, -310.486, 0
11.208, -0, 4.94066e-324, -310.486, 0
11.222, -0, 4.94066e-324, -310.486, 0
11.236, -0, 4.94066e-324, -310.486, 0
11.249, -0, 4.94066e-324, -310.486, 0
11.263, -0, 4.94066e-324, -310.486, 0
11.276, -0, 4.94066e-324, -310.486, 0
11.29, -0, 4.94066e-324, -310.486, 0
11.304, -0, 4.94066e-324, -310.486, 0
11.318, -0, 4.94066e-324, -310.486, 0
11.332, -0, 4.94066e-324, -310.486, 0
11.345, -0, 4.94066e-324, -310.486, 0
11.359, -0, 4.94066e-324, -310.486, 0
11.373, -0, 4.94066e-324, -310.486, 0
11.387, -0, 4.94066e-324, -310.486, 0
11.4, -0, 4.94066e-324, -310.486, 0
11.414, -0, 4.94066e-324, -310.486, 0
11.427, -0, 4.94066e-324, -310.486, 0
11.441, -0, 4.94066e-324, -310.486, 0
11.455, -0, 4.94066e-324, -310.486, 0
11.469, -0, 4.94066e-324, -310.486, 0
11.482, -0, 4.94066e-324, -310.486, 0
11.496, -0, 4.94066e-324, -310.486, 0
11.509, -0, 4.94066e-324, -310.486, 0
11.525, -0, 4.94066e-324, -310.486, 0
11.538, -0, 4.94066e-324, -310.486, 0
11.552, -0, 4.94066e-324, -310.486, 0
11.566, -0, 4.94066e-324, -310.486, 0
11.579, -0, 4.94066e-324, -310.486, 0
11.593, -0, 4.94066e-324, -310.486, 0
11.607, -0, 4.94066e-324, -310.486, 0
11.621, -0, 4.94066e-324, -310.486, 0
11.635, -0, 4.94066e-324, -310.486, 0
11.648, -0, 4.94066e-324, -310.486, 0
11.662, -0, 4.94066e-324, -310.486, 0
11.676, -0, 4.94066e-324, -310.486, 0
11.689, -0, 4.94066e-324, -310.486, 0
11.703, -0, 4.94066e-324, -310.486, 0
11.717, -0, 4.94066e-324, -310.486, 0
11.73, -0, 4.94066e-324, -310.486, 0
11.744, -0, 4.94066e-324, -310.486, 0
11.758, -0, 4.94066e-324, -310.486, 0
11.771, -0, 4.94066e-324, -310.486, 0
11.785, -0, 4.94066e-324, -310.486, 0
11.799, -0, 4.94066e-324, -310.486, 0
11.812, -0, 4.94066e-324, -310.486, 0
11.826, -0, 4.94066e-324, -310.486, 0
11.839, -0, 4.94066e-324, -310.486, 0
11.853, -0, 4.94066e-324, -310.486, 0
11.867, -0, 4.94066e-324, -310.486, 0
11.881, -0, 4.94066e-324, -310.486, 0
11.894, -0, 4.94066e-324, -310.486, 0
11.908, -0, 4.94066e-324, -310.486, 0
11.921, -0, 4.94066e-324, -310.486, 0
11.936, -0, 4.94066e-324, -310.486, 0
11.949, -0, 4.94066e-324, -310.486, 0
11.963, -0, 4.94066e-324, -310.486, 0
11.976, -0, 4.94066e-324, -310.486, 0
11.99, -0, 4.94066e-324, -310.486, 0
12.004, -0, 4.94066e-324, -310.486, 0
12.019, -0, 4.94066e-324, -310.486, 0
12.037, -0, 4.94066e-324, -310.486, 0
12.05, -0, 4.94066e-324, -310.486, 0
12.064, -0, 4.94066e-324, -310.486, 0
12.077, -0, 4.94066e-324, -310.486, 0
12.091, -0, 4.94066e-324, -310.486, 0
12.104, -0, 4.94066e-324, -310.486, 0
12.118, -0, 4.94066e-324, -310.486, 0
12.132, -0, 4.94066e-324, -310.486, 0
12.145, -0, 4.94066e-324, -310.486, 0
12.159, -0, 4.94066e-324, -310.486, 0
12.173, -0, 4.94066e-324, -310.486, 0
12.186, -0, 4.94066e-324, -310.486, 0
12.2, -0, 4.94066e-324, -310.486, 0
12.214, -0, 4.94066e-324, -310.486, 0
12.227, -0, 4.94066e-324, -310.486, 0
12.242, -0, 4.94066e-324, -310.486, 0
12.256, -0, 4.94066e-324, -310.486, 0
12.269, -0, 4.94066e-324, -310.486, 0
12.283, -0, 4.94066e-324, -310.486, 0
12.297, -0, 4.94066e-324, -310.486, 0
12.31, -0, 4.94066e-324, -310.486, 0
12.324, -0, 4.94066e-324, -310.486, 0
12.337, -0, 4.94066e-324, -310.486, 0
12.351, -0, 4.94066e-324, -310.486, 0
12.365, -0, 4.94066e-324, -310.486, 0
12.378, -0, 4.94066e-324, -310.486, 0
12.392, -0, 4.94066e-324, -310.486, 0
12.406, -0, 4.94066e-324, -310.486, 0
12.418, -0, 4.94066e-324, -310.486, 0
12.432, -0, 4.94066e-324, -310.486, 0
12.446, -0, 4.94066e-324, -310.486, 0
12.459, -0, 4.94066e-324, -310.486, 0
12.473, -0, 4.94066e-324, -310.486, 0
12.487, -0, 4.94066e-324, -310.486, 0
12.5, -0, 4.94066e-324, -310.486, 0
12.514, -0, 4.94066e-324, -310.486, 0
12.527, -0, 4.94066e-324, -310.486, 0
12.541, -0, 4.94066e-324, -310.486, 0
12.555, -0, 4.94066e-324, -310.486, 0
12.569, -0, 4.94066e-324, -310.486, 0
12.583, -0, 4.94066e-324, -310.486, 0
12.597, -0, 4.94066e-324, -310.486, 0
12.61, -0, 4.94066e-324, -310.486, 0
12.624, -0, 4.94066e-324, -310.486, 0
12.638, -0, 4.94066e-324, -310.486, 0
12.651, -0, 4.94066e-324, -310.486, 0
12.665, -0, 4.94066e-324, -310.486, 0
12.678, -0, 4.94066e-324, -310.486, 0
12.692, -0, 4.94066e-324, -310.486, 0
12.705, -0, 4.94066e-324, -310.486, 0
12.719, -0, 4.94066e-324, -310.486, 0
12.733, -0, 4.94066e-324, -310.486, 0
12.746, -0, 4.94066e-324, -310.486, 0
12.76, -0, 4.94066e-324, -310.486, 0
12.773, -0, 4.94066e-324, -310.486, 0
12.787, -0, 4.94066e-324, -310.486, 0
12.802, -0, 4.94066e-324, -310.486, 0
12.816, -0, 4.94066e-324, -310.486, 0
12.83, -0, 4.94066e-324, -310.486, 0
12.843, -0, 4.94066e-324, -310.486, 0
12.858, -0, 4.94066e-324, -310.486, 0
12.871, -0, 4.94066e-324, -310.486, 0
12.885, -0, 4.94066e-324, -310.486, 0
12.899, -0, 4.94066e-324, -310.486, 0
12.913, -0, 4.94066e-324, -310.486, 0
12.927, -0, 4.94066e-324, -310.486, 0
12.941, -0, 4.94066e-324, -310.486, 0
12.954, -0, 4.94066e-324, -310.486, 0
12.968, -0, 4.94066e-324, -310.486, 0
12.982, -0, 4.94066e-324, -310.486, 0
12.995, -0, 4.94066e-324, -310.486, 0
13.009, -0, 4.94066e-324, -310.486, 0
13.025, -0, 4.94066e-324, -310.486, 0
13.042, -0, 4.94066e-324, -310.486, 0
13.055, -0, 4.94066e-324, -310.486, 0
13.069, -0, 4.94066e-324, -310.486, 0
13.083, -0, 4.94066e-324, -310.486, 0
13.097, -0, 4.94066e-324, -310.486, 0
13.109, -0, 4.94066e-324, -310.486, 0
13.123, -0, 4.94066e-324, -310.486, 0
13.137, -0, 4.94066e-324, -310.486, 0
13.15, -0, 4.94066e-324, -310.486, 0
13.164, -0, 4.94066e-324, -310.486, 0
13.178, -0, 4.94066e-324, -310.486, 0
13.192, -0, 4.94066e-324, -310.486, 0
13.206, -0, 4.94066e-324, -310.486, 0
13.22, -0, 4.94066e-324, -310.486, 0
13.234, -0, 4.94066e-324, -310.486, 0
13.248, -0, 4.94066e-324, -310.486, 0
13.261, -0, 4.94066e-324, -310.486, 0
13.277, -0, 4.94066e-324, -310.486, 0
13.291, -0, 4.94066e-324, -310.486, 0
13.304, -0, 4.94066e-324, -310.486, 0
13.318, -0, 4.94066e-324, -310.486, 0
13.332, -0, 4.94066e-324, -310.486, 0
13.345, -0, 4.94066e-324, -310.486, 0
13.359, -0, 4.94066e-324, -310.486, 0
13.373, -0, 4.94066e-324, -310.486, 0
13.386, -0, 4.94066e-324, -310.486, 0
13.4, -0, 4.94066e-324, -310.486, 0
13.414, -0, 4.94066e-324, -310.486, 0
13.427, -0, 4.94066e-324, -310.486, 0
13.442, -0, 4.94066e-324, -310.486, 0
13.456, -0, 4.94066e-324, -310.486, 0
13.47, -0, 4.94066e-324, -310.486, 0
13.484, -0, 4.94066e-324, -310.486, 0
13.497, -0, 4.94066e-324, -310.486, 0
13.511, -0, 4.94066e-324, -310.486, 0
13.525, -0, 4.94066e-324, -310.486, 0
13.538, -0, 4.94066e-324, -310.486, 0
13.552, -0, 4.94066e-324, -310.486, 0
13.566, -0, 4.94066e-324, -310.486, 0
13.579, -0, 4.94066e-324, -310.486, 0
13.593, -0, 4.94066e-324, -310.486, 0
13.606, -0, 4.94066e-324, -310.486, 0
13.621, -0, 4.94066e-324, -310.486, 0
13.634, -0, 4.94066e-324, -310.486, 0
13.648, -0, 4.94066e-324, -310.486, 0
13.661, -0, 4.94066e-324, -310.486, 0
13.675, -0, 4.94066e-324, -310.486, 0
13.689, -0, 4.94066e-324, -310.486, 0
13.703, -0, 4.94066e-324, -310.486, 0
13.716, -0, 4.94066e-324, -310.486, 0
13.73, -0, 4.94066e-324, -310.486, 0
13.743, -0, 4.94066e-324, -310.486, 0
13.757, -0, 4.94066e-324, -310.486, 0
13.771, -0, 4.94066e-324, -310.486, 0
13.785, -0, 4.94066e-324, -310.486, 0
13.799, -0, 4.94066e-324, -310.486, 0
13.813, -0, 4.94066e-324, -310.486, 0
13.827, -0, 4.94066e-324, -310.486, 0
13.84, -0, 4.94066e-324, -310.486, 0
13.854, -0, 4.94066e-324, -310.486, 0
13.868, -0, 4.94066e-324, -310.486, 0
13.881, -0, 4.94066e-324, -310.486, 0
13.895, -0, 4.94066e-324, -310.486, 0
13.908, -0, 4.94066e-324, -310.486, 0
13.922, -0, 4.94066e-324, -310.486, 0
13.936, -0, 4.94066e-324, -310.486, 0
13.95, -0, 4.94066e-324, -310.486, 0
13.964, -0, 4.94066e-324, -310.486, 0
13.977, -0, 4.94066e-324, -310.486, 0
13.992, -0, 4.94066e-324, -310.486, 0
14.005, -0, 4.94066e-324, -310.486, 0
14.019, -0, 4.94066e-324, -310.486, 0
14.033, -0, 4.94066e-324, -310.486, 0
14.046, -0, 4.94066e-324, -310.486, 0
14.06, -0, 4.94066e-324, -310.486, 0
14.075, -0, 4.94066e-324, -310.486, 0
14.088, -0, 4.94066e-324, -310.486, 0
14.102, -0, 4.94066e-324, -310.486, 0
14.116, -0, 4.94066e-324, -310.486, 0
14.129, -0, 4.94066e-324, -310.486, 0
14.143, -0, 4.94066e-324, -310.486, 0
14.156, -0, 4.94066e-324, -310.486, 0
14.17, -0, 4.94066e-324, -310.486, 0
14.184, -0, 4.94066e-324, -310.486, 0
14.197, -0, 4.94066e-324, -310.486, 0
14.211, -0, 4.94066e-324, -310.486, 0
14.225, -0, 4.94066e-324, -310.486, 0
14.239, -0, 4.94066e-324, -310.486, 0
14.253, -0, 4.94066e-324, -310.486, 0
14.266, -0, 4.94066e-324, -310.486, 0
14.28, -0, 4.94066e-324, -310.486, 0
14.293, -0, 4.94066e-324, -310.486, 0
14.307, -0, 4.94066e-324, -310.486, 0
14.321, -0, 4.94066e-324, -310.486, 0
14.334, -0, 4.94066e-324, -310.486, 0
14.348, -0, 4.94066e-324, -310.486, 0
14.362, -0, 4.94066e-324, -310.486, 0
14.375, -0, 4.94066e-324, -310.486, 0
14.389, -0, 4.94066e-324, -310.486, 0
14.403, -0, 4.94066e-324, -310.486, 0
14.417, -0, 4.94066e-324, -310.486, 0
14.43, -0, 4.94066e-324, -310.486, 0
14.444, -0, 4.94066e-324, -310.486, 0
14.457, -0, 4.94066e-324, -310.486, 0
14.471, -0, 4.94066e-324, -310.486, 0
14.485, -0, 4.94066e-324, -310.486, 0
14.499, -0, 4.94066e-324, -310.486, 0
14.512, -0, 4.94066e-324, -310.486, 0
14.526, -0, 4.94066e-324, -310.486, 0
14.54, -0, 4.94066e-324, -310.486, 0
14.553, -0, 4.94066e-324, -310.486, 0
14.567, -0, 4.94066e-324, -310.486, 0
14.581, -0, 4.94066e-324, -310.486, 0
14.594, -0, 4.94066e-324, -310.486, 0
14.608, -0, 4.94066e-324, -310.486, 0
14.622, -0, 4.94066e-324, -310.486, 0
14.635, -0, 4.94066e-324, -310.486, 0
14.649, -0, 4.94066e-324, -310.486, 0
14.664, -0, 4.94066e-324, -310.486, 0
14.678, -0, 4.94066e-324, -310.486, 0
14.692, -0, 4.94066e-324, -310.486, 0
14.706, -0, 4.94066e-324, -310.486, 0
14.72, -0, 4.94066e-324, -310.486, 0
14.734, -0, 4.94066e-324, -310.486, 0
14.747, -0, 4.94066e-324, -310.486, 0
14.762, -0, 4.94066e-324, -310.486, 0
14.776, -0, 4.94066e-324, -310.486, 0
14.789, -0, 4.94066e-324, -310.486, 0
14.805, -0, 4.94066e-324, -310.486, 0
14.819, -0, 4.94066e-324, -310.486, 0
14.833, -0, 4.94066e-324, -310.486, 0
14.846, -0, 4.94066e-324, -310.486, 0
14.86, -0, 4.94066e-324, -310.486, 0
14.874, -0, 4.94066e-324, -310.486, 0
14.887, -0, 4.94066e-324, -310.486, 0
14.901, -0, 4.94066e-324, -310.486, 0
14.915, -0, 4.94066e-324, -310.486, 0
14.928, -0, 4.94066e-324, -310.486, 0
14.942, -0, 4.94066e-324, -310.486, 0
14.956, -0, 4.94066e-324, -310.486, 0
14.97, -0, 4.94066e-324, -310.486, 0
14.983, -0, 4.94066e-324, -310.486, 0
14.997, -0, 4.94066e-324, -310.486, 0
15.011, -0, 4.94066e-324, -310.486, 0
15.025, -0, 4.94066e-324, -310.486, 0
15.04, -0, 4.94066e-324, -310.486, 0
15.054, -0, 4.94066e-324, -310.486, 0
15.068, -0, 4.94066e-324, -310.486, 0
15.081, -0, 4.94066e-324, -310.486, 0
15.095, -0, 4.94066e-324, -310.486, 0
15.108, -0, 4.94066e-324, -310.486, 0
15.122, -0, 4.94066e-324, -310.486, 0
15.136, -0, 4.94066e-324, -310.486, 0
15.149, -0, 4.94066e-324, -310.486, 0
15.163, -0, 4.94066e-324, -310.486, 0
15.177, -0, 4.94066e-324, -310.486, 0
15.19, -0, 4.94066e-324, -310.486, 0
15.204, -0, 4.94066e-324, -310.486, 0
15.218, -0, 4.94066e-324, -310.486, 0
15.232, -0, 4.94066e-324, -310.486, 0
15.246, -0, 4.94066e-324, -310.486, 0
15.26, -0, 4.94066e-324, -310.486, 0
15.274, -0, 4.94066e-324, -310.486, 0
15.288, -0, 4.94066e-324, -310.486, 0
15.302, -0, 4.94066e-324, -310.486, 0
15.316, -0, 4.94066e-324, -310.486, 0
15.329, -0, 4.94066e-324, -310.486, 0
15.343, -0, 4.94066e-324, -310.486, 0
15.357, -0, 4.94066e-324, -310.486, 0
15.37, -0, 4.94066e-324, -310.486, 0
15.384, -0, 4.94066e-324, -310.486, 0
15.398, -0, 4.94066e-324, -310.486, 0
15.412, -0, 4.94066e-324, -310.486, 0
15.425, -0, 4.94066e-324, -310.486, 0
15.439, -0, 4.94066e-324, -310.486, 0
15.452, -0, 4.94066e-324, -310.486, 0
15.466, -0, 4.94066e-324, -310.486, 0
15.479, -0, 4.94066e-324, -310.486, 0
15.493, -0, 4.94066e-324, -310.486, 0
15.506, -0, 4.94066e-324, -310.486, 0
15.52, -0, 4.94066e-324, -310.486, 0
15.534, -0, 4.94066e-324, -310.486, 0
15.547, -0, 4.94066e-324, -310.486, 0
15.561, -0, 4.94066e-324, -310.486, 0
15.575, -0, 4.94066e-324, -310.486, 0
15.588, -0, 4.94066e-324, -310.486, 0
15.602, -0, 4.94066e-324, -310.486, 0
15.616, -0, 4.94066e-324, -310.486, 0
15.629, -0, 4.94066e-324, -310.486, 0
15.643, -0, 4.94066e-324, -310.486, 0
15.656, -0, 4.94066e-324, -310.486, 0
15.67, -0, 4.94066e-324, -310.486, 0
15.683, -0, 4.94066e-324, -310.486, 0
15.697, -0, 4.94066e-324, -310.486, 0
15.71, -0, 4.94066e-324, -310.486, 0
15.724, -0, 4.94066e-324, -310.486, 0
15.738, -0, 4.94066e-324, -310.486, 0
15.752, -0, 4.94066e-324, -310.486, 0
15.765, -0, 4.94066e-324, -310.486, 0
15.779, -0, 4.94066e-324, -310.486, 0
15.792, -0, 4.94066e-324, -310.486, 0
15.806, -0, 4.94066e-324, -310.486, 0
15.82, -0, 4.94066e-324, -310.486, 0
15.833, -0, 4.94066e-324, -310.486, 0
15.847, -0, 4.94066e-324, -310.486, 0
15.86, -0, 4.94066e-324, -310.486, 0
15.874, -0, 4.94066e-324, -310.486, 0
15.888, -0, 4.94066e-324, -310.486, 0
15.902, -0, 4.94066e-324, -310.486, 0
15.915, -0, 4.94066e-324, -310.486, 0
15.929, -0, 4.94066e-324, -310.486, 0
15.943, -0, 4.94066e-324, -310.486, 0
15.956, -0, 4.94066e-324, -310.486, 0
15.97, -0, 4.94066e-324, -310.486, 0
15.984, -0, 4.94066e-324, -310.486, 0
15.997, -0, 4.94066e-324, -310.486, 0
16.011, -0, 4.94066e-324, -310.486, 0
16.025, -0, 4.94066e-324, -310.486, 0
16.04, -0, 4.94066e-324, -310.486, 0
16.054, -0, 4.94066e-324, -310.486, 0
16.068, -0, 4.94066e-324, -310.486, 0
16.081, -0, 4.94066e-324, -310.486, 0
16.095, -0, 4.94066e-324, -310.486, 0
16.109, -0, 4.94066e-324, -310.486, 0
16.123, -0, 4.94066e-324, -310.486, 0
16.136, -0, 4.94066e-324, -310.486, 0
16.15, -0, 4.94066e-324, -310.486, 0
16.163, -0, 4.94066e-324, -310.486, 0
16.177, -0, 4.94066e-324, -310.486, 0
16.191, -0, 4.94066e-324, -310.486, 0
16.204, -0, 4.94066e-324, -310.486, 0
16.218, -0, 4.94066e-324, -310.486, 0
16.232, -0, 4.94066e-324, -310.486, 0
16.245, -0, 4.94066e-324, -310.486, 0
16.259, -0, 4.94066e-324, -310.486, 0
16.273, -0, 4.94066e-324, -310.486, 0
16.287, -0, 4.94066e-324, -310.486, 0
16.3, -0, 4.94066e-324, -310.486, 0
16.314, -0, 4.94066e-324, -310.486, 0
16.327, -0, 4.94066e-324, -310.486, 0
16.341, -0, 4.94066e-324, -310.486, 0
16.355, -0, 4.94066e-324, -310.486, 0
16.368, -0, 4.94066e-324, -310.486, 0
16.382, -0, 4.94066e-324, -310.486, 0
16.396, -0, 4.94066e-324, -310.486, 0
16.409, -0, 4.94066e-324, -310.486, 0
16.423, -0, 4.94066e-324, -310.486, 0
16.437, -0, 4.94066e-324, -310.486, 0
16.45, -0, 4.94066e-324, -310.486, 0
16.465, -0, 4.94066e-324, -310.486, 0
16.478, -0, 4.94066e-324, -310.486, 0
16.492, -0, 4.94066e-324, -310.486, 0
16.506, -0, 4.94066e-324, -310.486, 0
16.518, -0, 4.94066e-324, -310.486, 0
16.532, -0, 4.94066e-324, -310.486, 0
16.546, -0, 4.94066e-324, -310.486, 0
16.559, -0, 4.94066e-324, -310.486, 0
16.573, -0, 4.94066e-324, -310.486, 0
16.587, -0, 4.94066e-324, -310.486, 0
16.6, -0, 4.94066e-324, -310.486, 0
16.614, -0, 4.94066e-324, -310.486, 0
16.627, -0, 4.94066e-324, -310.486, 0
16.64, -0, 4.94066e-324, -310.486, 0
16.654, -0, 4.94066e-324, -310.486, 0
16.668, -0, 4.94066e-324, -310.486, 0
16.682, -0, 4.94066e-324, -310.486, 0
16.695, -0, 4.94066e-324, -310.486, 0
16.708, -0, 4.94066e-324, -310.486, 0
16.722, -0, 4.94066e-324, -310.486, 0
16.736, -0, 4.94066e-324, -310.486, 0
16.749, -0, 4.94066e-324, -310.486, 0
16.763, -0, 4.94066e-324, -310.486, 0
16.777, -0, 4.94066e-324, -310.486, 0
16.791, -0, 4.94066e-324, -310.486, 0
16.804, -0, 4.94066e-324, -310.486, 0
16.818, -0, 4.94066e-324, -310.486, 0
16.832, -0, 4.94066e-324, -310.486, 0
16.845, -0, 4.94066e-324, -310.486, 0
16.859, -0, 4.94066e-324, -310.486, 0
16.873, -0, 4.94066e-324, -310.486, 0
16.886, -0, 4.94066e-324, -310.486, 0
16.9, -0, 4.94066e-324, -310.486, 0
16.914, -0, 4.94066e-324, -310.486, 0
16.927, -0, 4.94066e-324, -310.486, 0
16.941, -0, 4.94066e-324, -310.486, 0
16.955, -0, 4.94066e-324, -310.486, 0
16.969, -0, 4.94066e-324, -310.486, 0
16.982, -0, 4.94066e-324, -310.486, 0
16.999, -0, 4.94066e-324, -310.486, 0
17.016, -0, 4.94066e-324, -310.486, 0
17.029, -0, 4.94066e-324, -310.486, 0
17.043, -0, 4.94066e-324, -310.486, 0
17.061, -0, 4.94066e-324, -310.486, 0
17.074, -0, 4.94066e-324, -310.486, 0
17.087, -0, 4.94066e-324, -310.486, 0
17.101, -0, 4.94066e-324, -310.486, 0
17.114, -0, 4.94066e-324, -310.486, 0
17.129, -0, 4.94066e-324, -310.486, 0
17.143, -0, 4.94066e-324, -310.486, 0
17.157, -0, 4.94066e-324, -310.486, 0
17.17, -0, 4.94066e-324, -310.486, 0
17.184, -0, 4.94066e-324, -310.486, 0
17.197, -0, 4.94066e-324, -310.486, 0
17.211, -0, 4.94066e-324, -310.486, 0
17.225, -0, 4.94066e-324, -310.486, 0
17.238, -0, 4.94066e-324, -310.486, 0
17.252, -0, 4.94066e-324, -310.486, 0
17.266, -0, 4.94066e-324, -310.486, 0
17.279, -0, 4.94066e-324, -310.486, 0
17.293, -0, 4.94066e-324, -310.486, 0
17.307, -0, 4.94066e-324, -310.486, 0
17.32, -0, 4.94066e-324, -310.486, 0
17.334, -0, 4.94066e-324, -310.486, 0
17.348, -0, 4.94066e-324, -310.486, 0
17.361, -0, 4.94066e-324, -310.486, 0
17.375, -0, 4.94066e-324, -310.486, 0
17.389, -0, 4.94066e-324, -310.486, 0
17.402, -0, 4.94066e-324, -310.486, 0
17.416, -0, 4.94066e-324, -310.486, 0
17.43, -0, 4.94066e-324, -310.486, 0
17.444, -0, 4.94066e-324, -310.486, 0
17.457, -0, 4.94066e-324, -310.486, 0
17.471, -0, 4.94066e-324, -310.486, 0
17.485, -0, 4.94066e-324, -310.486, 0
17.498, -0, 4.94066e-324, -310.486, 0
17.512, -0, 4.94066e-324, -310.486, 0
17.525, -0, 4.94066e-324, -310.486, 0
17.539, -0, 4.94066e-324, -310.486, 0
17.553, -0, 4.94066e-324, -310.486, 0
17.566, -0, 4.94066e-324, -310.486, 0
17.58, -0, 4.94066e-324, -310.486, 0
17.595, -0, 4.94066e-324, -310.486, 0
17.608, -0, 4.94066e-324, -310.486, 0
17.622, -0, 4.94066e-324, -310.486, 0
17.636, -0, 4.94066e-324, -310.486, 0
17.649, -0, 4.94066e-324, -310.486, 0
17.663, -0, 4.94066e-324, -310.486, 0
17.676, -0, 4.94066e-324, -310.486, 0
17.69, -0, 4.94066e-324, -310.486, 0
17.704, -0, 4.94066e-324, -310.486, 0
17.717, -0, 4.94066e-324, -310.486, 0
17.731, -0, 4.94066e-324, -310.486, 0
17.744, -0, 4.94066e-324, -310.486, 0
17.758, -0, 4.94066e-324, -310.486, 0
17.772, -0, 4.94066e-324, -310.486, 0
17.785, -0, 4.94066e-324, -310.486, 0
17.799, -0, 4.94066e-324, -310.486, 0
17.813, -0, 4.94066e-324, -310.486, 0
17.826, -0, 4.94066e-324, -310.486, 0
17.84, -0, 4.94066e-324, -310.486, 0
17.854, -0, 4.94066e-324, -310.486, 0
17.867, -0, 4.94066e-324, -310.486, 0
17.881, -0, 4.94066e-324, -310.486, 0
17.894, -0, 4.94066e-324, -310.486, 0
17.908, -0, 4.94066e-324, -310.486, 0
17.922, -0, 4.94066e-324, -310.486, 0
17.935, -0, 4.94066e-324, -310.486, 0
17.949, -0, 4.94066e-324, -310.486, 0
17.963, -0, 4.94066e-324, -310.486, 0
17.976, -0, 4.94066e-324, -310.486, 0
17.99, -0, 4.94066e-324, -310.486, 0
18.004, -0, 4.94066e-324, -310.486, 0
18.017, -0, 4.94066e-324, -310.486, 0
18.031, -0, 4.94066e-324, -310.486, 0
18.045, -0, 4.94066e-324, -310.486, 0
18.058, -0, 4.94066e-324, -310.486, 0
18.072, -0, 4.94066e-324, -310.486, 0
18.085, -0, 4.94066e-324, -310.486, 0
18.099, -0, 4.94066e-324, -310.486, 0
18.113, -0, 4.94066e-324, -310.486, 0
18.127, -0, 4.94066e-324, -310.486, 0
18.14, -0, 4.94066e-324, -310.486, 0
18.154, -0, 4.94066e-324, -310.486, 0
18.168, -0, 4.94066e-324, -310.486, 0
18.184, -0, 4.94066e-324, -310.486, 0
18.196, -0, 4.94066e-324, -310.486, 0
18.211, -0, 4.94066e-324, -310.486, 0
18.227, -0, 4.94066e-324, -310.486, 0
18.24, -0, 4.94066e-324, -310.486, 0
18.254, -0, 4.94066e-324, -310.486, 0
18.268, -0, 4.94066e-324, -310.486, 0
18.281, -0, 4.94066e-324, -310.486, 0
18.295, -0, 4.94066e-324, -310.486, 0
18.308, -0, 4.94066e-324, -310.486, 0
18.322, -0, 4.94066e-324, -310.486, 0
18.336, -0, 4.94066e-324, -310.486, 0
18.349, -0, 4.94066e-324, -310.486, 0
18.363, -0, 4.94066e-324, -310.486, 0
18.376, -0, 4.94066e-324, -310.486, 0
18.39, -0, 4.94066e-324, -310.486, 0
18.404, -0, 4.94066e-324, -310.486, 0
18.417, -0, 4.94066e-324, -310.486, 0
18.431, -0, 4.94066e-324, -310.486, 0
18.444, -0, 4.94066e-324, -310.486, 0
18.458, -0, 4.94066e-324, -310.486, 0
18.472, -0, 4.94066e-324, -310.486, 0
18.486, -0, 4.94066e-324, -310.486, 0
18.499, -0, 4.94066e-324, -310.486, 0
18.513, -0, 4.94066e-324, -310.486, 0
18.526, -0, 4.94066e-324, -310.486, 0
18.54, -0, 4.94066e-324, -310.486, 0
18.554, -0, 4.94066e-324, -310.486, 0
18.567, -0, 4.94066e-324, -310.486, 0
18.581, -0, 4.94066e-324, -310.486, 0
18.594, -0, 4.94066e-324, -310.486, 0
18.608, -0, 4.94066e-324, -310.486, 0
18.622, -0, 4.94066e-324, -310.486, 0
18.636, -0, 4.94066e-324, -310.486, 0
18.649, -0, 4.94066e-324, -310.486, 0
18.663, -0, 4.94066e-324, -310.486, 0
18.676, -0, 4.94066e-324, -310.486, 0
18.69, -0, 4.94066e-324, -310.486, 0
18.704, -0, 4.94066e-324, -310.486, 0
18.717, -0, 4.94066e-324, -310.486, 0
18.731, -0, 4.94066e-324, -310.486, 0
18.744, -0, 4.94066e-324, -310.486, 0
18.758, -0, 4.94066e-324, -310.486, 0
18.772, -0, 4.94066e-324, -310.486, 0
18.785, -0, 4.94066e-324, -310.486, 0
18.799, -0, 4.94066e-324, -310.486, 0
18.812, -0, 4.94066e-324, -310.486, 0
18.826, -0, 4.94066e-324, -310.486, 0
18.84, -0, 4.94066e-324, -310.486, 0
18.853, -0, 4.94066e-324, -310.486, 0
18.867, -0, 4.94066e-324, -310.486, 0
18.881, -0, 4.94066e-324, -310.486, 0
18.894, -0, 4.94066e-324, -310.486, 0
18.908, -0, 4.94066e-324, -310.486, 0
18.922, -0, 4.94066e-324, -310.486, 0
18.936, -0, 4.94066e-324, -310.486, 0
18.949, -0, 4.94066e-324, -310.486, 0
18.963, -0, 4.94066e-324, -310.486, 0
18.976, -0, 4.94066e-324, -310.486, 0
18.99, -0, 4.94066e-324, -310.486, 0
19.004, -0, 4.94066e-324, -310.486, 0
19.018, -0, 4.94066e-324, -310.486, 0
19.031, -0, 4.94066e-324, -310.486, 0
19.045, -0, 4.94066e-324, -310.486, 0
19.058, -0, 4.94066e-324, -310.486, 0
19.072, -0, 4.94066e-324, -310.486, 0
19.086, -0, 4.94066e-324, -310.486, 0
19.099, -0, 4.94066e-324, -310.486, 0
19.113, -0, 4.94066e-324, -310.486, 0
19.127, -0, 4.94066e-324, -310.486, 0
19.14, -0, 4.94066e-324, -310.486, 0
19.154, -0, 4.94066e-324, -310.486, 0
19.168, -0, 4.94066e-324, -310.486, 0
19.181, -0, 4.94066e-324, -310.486, 0
19.195, -0, 4.94066e-324, -310.486, 0
19.208, -0, 4.94066e-324, -310.486, 0
19.222, -0, 4.94066e-324, -310.486, 0
19.236, -0, 4.94066e-324, -310.486, 0
19.249, -0, 4.94066e-324, -310.486, 0
19.263, -0, 4.94066e-324, -310.486, 0
19.276, -0, 4.94066e-324, -310.486, 0
19.29, -0, 4.94066e-324, -310.486, 0
19.304, -0, 4.94066e-324, -310.486, 0
19.317, -0, 4.94066e-324, -310.486, 0
19.331, -0, 4.94066e-324, -310.486, 0
19.344, -0, 4.94066e-324, -310.486, 0
19.358, -0, 4.94066e-324, -310.486, 0
19.372, -0, 4.94066e-324, -310.486, 0
19.387, -0, 4.94066e-324, -310.486, 0
19.4, -0, 4.94066e-324, -310.486, 0
19.414, -0, 4.94066e-324, -310.486, 0
19.428, -0, 4.94066e-324, -310.486, 0
19.442, -0, 4.94066e-324, -310.486, 0
19.455, -0, 4.94066e-324, -310.486, 0
19.469, -0, 4.94066e-324, -310.486, 0
19.483, -0, 4.94066e-324, -310.486, 0
19.498, -0, 4.94066e-324, -310.486, 0
19.512, -0, 4.94066e-324, -310.486, 0
19.528, -0, 4.94066e-324, -310.486, 0
19.542, -0, 4.94066e-324, -310.486, 0
19.556, -0, 4.94066e-324, -310.486, 0
19.57, -0, 4.94066e-324, -310.486, 0
19.584, -0, 4.94066e-324, -310.486, 0
19.597, -0, 4.94066e-324, -310.486, 0
19.611, -0, 4.94066e-324, -310.486, 0
19.625, -0, 4.94066e-324, -310.486, 0
19.673, -0, 4.94066e-324, -310.486, 0
19.687, -0, 4.94066e-324, -310.486, 0
19.701, -0, 4.94066e-324, -310.486, 0
19.715, -0, 4.94066e-324, -310.486, 0
19.728, -0, 4.94066e-324, -310.486, 0
19.743, -0, 4.94066e-324, -310.486, 0
19.757, -0, 4.94066e-324, -310.486, 0
19.773, -0, 4.94066e-324, -310.486, 0
19.788, -0, 4.94066e-324, -310.486, 0
19.802, -0, 4.94066e-324, -310.486, 0
19.816, -0, 4.94066e-324, -310.486, 0
19.829, -0, 4.94066e-324, -310.486, 0
19.844, -0, 4.94066e-324, -310.486, 0
19.858, -0, 4.94066e-324, -310.486, 0
19.872, -0, 4.94066e-324, -310.486, 0
19.886, -0, 4.94066e-324, -310.486, 0
19.9, -0, 4.94066e-324, -310.486, 0
19.914, -0, 4.94066e-324, -310.486, 0
19.929, -0, 4.94066e-324, -310.486, 0
19.946, -0, 4.94066e-324, -310.486, 0
19.961, -0, 4.94066e-324, -310.486, 0
19.975, -0, 4.94066e-324, -310.486, 0
19.988, -0, 4.94066e-324, -310.486, 0
20.002, -0, 4.94066e-324, -310.486, 0
20.015, -0, 4.94066e-324, -310.486, 0
20.029, -0, 4.94066e-324, -310.486, 0
20.043, -0, 4.94066e-324, -310.486, 0
20.057, -0, 4.94066e-324, -310.486, 0
20.07, -0, 4.94066e-324, -310.486, 0
20.084, -0, 4.94066e-324, -310.486, 0
20.099, -0, 4.94066e-324, -310.486, 0
20.113, -0, 4.94066e-324, -310.486, 0
20.128, -0, 4.94066e-324, -310.486, 0
20.142, -0, 4.94066e-324, -310.486, 0
20.156, -0, 4.94066e-324, -310.486, 0
20.169, -0, 4.94066e-324, -310.486, 0
20.183, -0, 4.94066e-324, -310.486, 0
20.197, -0, 4.94066e-324, -310.486, 0
20.211, -0, 4.94066e-324, -310.486, 0
20.224, -0, 4.94066e-324, -310.486, 0
20.238, -0, 4.94066e-324, -310.486, 0
20.252, -0, 4.94066e-324, -310.486, 0
20.266, -0, 4.94066e-324, -310.486, 0
20.279, -0, 4.94066e-324, -310.486, 0
20.293, -0, 4.94066e-324, -310.486, 0
20.307, -0, 4.94066e-324, -310.486, 0
20.321, -0, 4.94066e-324, -310.486, 0
20.334, -0, 4.94066e-324, -310.486, 0
20.348, -0, 4.94066e-324, -310.486, 0
20.362, -0, 4.94066e-324, -310.486, 0
20.375, -0, 4.94066e-324, -310.486, 0
20.389, -0, 4.94066e-324, -310.486, 0
20.403, -0, 4.94066e-324, -310.486, 0
20.417, -0, 4.94066e-324, -310.486, 0
20.429, -0, 4.94066e-324, -310.486, 0
20.443, -0, 4.94066e-324, -310.486, 0
20.456, -0, 4.94066e-324, -310.486, 0
20.47, -0, 4.94066e-324, -310.486, 0
20.484, -0, 4.94066e-324, -310.486, 0
20.497, -0, 4.94066e-324, -310.486, 0
20.511, -0, 4.94066e-324, -310.486, 0
20.525, -0, 4.94066e-324, -310.486, 0
20.539, -0, 4.94066e-324, -310.486, 0
20.553, -0, 4.94066e-324, -310.486, 0
20.566, -0, 4.94066e-324, -310.486, 0
20.58, -0, 4.94066e-324, -310.486, 0
20.594, -0, 4.94066e-324, -310.486, 0
20.607, -0, 4.94066e-324, -310.486, 0
20.621, -0, 4.94066e-324, -310.486, 0
20.635, -0, 4.94066e-324, -310.486, 0
20.648, -0, 4.94066e-324, -310.486, 0
20.662, -0, 4.94066e-324, -310.486, 0
20.676, -0, 4.94066e-324, -310.486, 0
20.69, -0, 4.94066e-324, -310.486, 0
20.705, -0, 4.94066e-324, -310.486, 0
20.719, -0, 4.94066e-324, -310.486, 0
20.733, -0, 4.94066e-324, -310.486, 0
20.746, -0, 4.94066e-324, -310.486, 0
20.76, -0, 4.94066e-324, -310.486, 0
20.774, -0, 4.94066e-324, -310.486, 0
20.788, -0, 4.94066e-324, -310.486, 0
20.802, -0, 4.94066e-324, -310.486, 0
20.815, -0, 4.94066e-324, -310.486, 0
20.829, -0, 4.94066e-324, -310.486, 0
20.843, -0, 4.94066e-324, -310.486, 0
20.857, -0, 4.94066e-324, -310.486, 0
20.872, -0, 4.94066e-324, -310.486, 0
20.886, -0, 4.94066e-324, -310.486, 0
20.9, -0, 4.94066e-324, -310.486, 0
20.913, -0, 4.94066e-324, -310.486, 0
20.927, -0, 4.94066e-324, -310.486, 0
20.941, -0, 4.94066e-324, -310.486, 0
20.955, -0, 4.94066e-324, -310.486, 0
20.969, -0, 4.94066e-324, -310.486, 0
20.982, -0, 4.94066e-324, -310.486, 0
20.996, -0, 4.94066e-324, -310.486, 0
21.01, -0, 4.94066e-324, -310.486, 0
21.024, -0, 4.94066e-324, -310.486, 0
21.037, -0, 4.94066e-324, -310.486, 0
21.051, -0, 4.94066e-324, -310.486, 0
21.065, -0, 4.94066e-324, -310.486, 0
21.079, -0, 4.94066e-324, -310.486, 0
21.092, -0, 4.94066e-324, -310.486, 0
21.106, -0, 4.94066e-324, -310.486, 0
21.12, -0, 4.94066e-324, -310.486, 0
21.134, -0, 4.94066e-324, -310.486, 0
21.147, -0, 4.94066e-324, -310.486, 0
21.161, -0, 4.94066e-324, -310.486, 0
21.175, -0, 4.94066e-324, -310.486, 0
21.189, -0, 4.94066e-324, -310.486, 0
21.203, -0, 4.94066e-324, -310.486, 0
21.216, -0, 4.94066e-324, -310.486, 0
21.23, -0, 4.94066e-324, -310.486, 0
21.245, -0, 4.94066e-324, -310.486, 0
21.259, -0, 4.94066e-324, -310.486, 0
21.273, -0, 4.94066e-324, -310.486, 0
21.286, -0, 4.94066e-324, -310.486, 0
21.3, -0, 4.94066e-324, -310.486, 0
21.316, -0, 4.94066e-324, -310.486, 0
21.329, -0, 4.94066e-324, -310.486, 0
21.343, -0, 4.94066e-324, -310.486, 0
21.357, -0, 4.94066e-324, -310.486, 0
21.371, -0, 4.94066e-324, -310.486, 0
21.384, -0, 4.94066e-324, -310.486, 0
21.398, -0, 4.94066e-324, -310.486, 0
21.411, -0, 4.94066e-324, -310.486, 0
21.425, -0, 4.94066e-324, -310.486, 0
21.439, -0, 4.94066e-324, -310.486, 0
21.452, -0, 4.94066e-324, -310.486, 0
21.466, -0, 4.94066e-324, -310.486, 0
21.48, -0, 4.94066e-324, -310.486, 0
21.493, -0, 4.94066e-324, -310.486, 0
21.507, -0, 4.94066e-324, -310.486, 0
21.521, -0, 4.94066e-324, -310.486, 0
21.534, -0, 4.94066e-324, -310.486, 0
21.548, -0, 4.94066e-324, -310.486, 0
21.562, -0, 4.94066e-324, -310.486, 0
21.576, -0, 4.94066e-324, -310.486, 0
21.589, -0, 4.94066e-324, -310.486, 0
21.603, -0, 4.94066e-324, -310.486, 0
21.617, -0, 4.94066e-324, -310.486, 0
21.63, -0, 4.94066e-324, -310.486, 0
21.644, -0, 4.94066e-324, -310.486, 0
21.658, -0, 4.94066e-324, -310.486, 0
21.672, -0, 4.94066e-324, -310.486, 0
21.686, -0, 4.94066e-324, -310.486, 0
21.7, -0, 4.94066e-324, -310.486, 0
21.714, -0, 4.94066e-324, -310.486, 0
21.728, -0, 4.94066e-324, -310.486, 0
21.742, -0, 4.94066e-324, -310.486, 0
21.755, -0, 4.94066e-324, -310.486, 0
21.769, -0, 4.94066e-324, -310.486, 0
21.783, -0, 4.94066e-324, -310.486, 0
21.797, -0, 4.94066e-324, -310.486, 0
21.81, -0, 4.94066e-324, -310.486, 0
21.826, -0, 4.94066e-324, -310.486, 0
21.84, -0, 4.94066e-324, -310.486, 0
21.854, -0, 4.94066e-324, -310.486, 0
21.868, -0, 4.94066e-324, -310.486, 0
21.881, -0, 4.94066e-324, -310.486, 0
21.895, -0, 4.94066e-324, -310.486, 0
21.909, -0, 4.94066e-324, -310.486, 0
21.923, -0, 4.94066e-324, -310.486, 0
21.937, -0, 4.94066e-324, -310.486, 0
21.95, -0, 4.94066e-324, -310.486, 0
21.964, -0, 4.94066e-324, -310.486, 0
21.979, -0, 4.94066e-324, -310.486, 0
21.993, -0, 4.94066e-324, -310.486, 0
22.007, -0, 4.94066e-324, -310.486, 0
22.022, -0, 4.94066e-324, -310.486, 0
22.04, -0, 4.94066e-324, -310.486, 0
22.055, -0, 4.94066e-324, -310.486, 0
22.068, -0, 4.94066e-324, -310.486, 0
22.083, -0, 4.94066e-324, -310.486, 0
22.096, -0, 4.94066e-324, -310.486, 0
22.11, -0, 4.94066e-324, -310.486, 0
22.124, -0, 4.94066e-324, -310.486, 0
22.138, -0, 4.94066e-324, -310.486, 0
22.151, -0, 4.94066e-324, -310.486, 0
22.165, -0, 4.94066e-324, -310.486, 0
22.179, -0, 4.94066e-324, -310.486, 0
22.193, -0, 4.94066e-324, -310.486, 0
22.207, -0, 4.94066e-324, -310.486, 0
22.221, -0, 4.94066e-324, -310.486, 0
22.235, -0, 4.94066e-324, -310.486, 0
22.248, -0, 4.94066e-324, -310.486, 0
22.262, -0, 4.94066e-324, -310.486, 0
22.276, -0, 4.94066e-324, -310.486, 0
22.289, -0, 4.94066e-324, -310.486, 0
22.303, -0, 4.94066e-324, -310.486, 0
22.317, -0, 4.94066e-324, -310.486, 0
22.332, -0, 4.94066e-324, -310.486, 0
22.345, -0, 4.94066e-324, -310.486, 0
22.359, -0, 4.94066e-324, -310.486, 0
22.372, -0, 4.94066e-324, -310.486, 0
22.386, -0, 4.94066e-324, -310.486, 0
22.4, -0, 4.94066e-324, -310.486, 0
22.413, -0, 4.94066e-324, -310.486, 0
22.427, -0, 4.94066e-324, -310.486, 0
22.441, -0, 4.94066e-324, -310.486, 0
22.454, -0, 4.94066e-324, -310.486, 0
22.468, -0, 4.94066e-324, -310.486, 0
22.482, -0, 4.94066e-324, -310.486, 0
22.495, -0, 4.94066e-324, -310.486, 0
22.509, -0, 4.94066e-324, -310.486, 0
22.564, -0, 4.94066e-324, -310.486, 0
22.578, -0, 4.94066e-324, -310.486, 0
22.592, -0, 4.94066e-324, -310.486, 0
22.605, -0, 4.94066e-324, -310.486, 0
22.62, -0, 4.94066e-324, -310.486, 0
22.633, -0, 4.94066e-324, -310.486, 0
22.647, -0, 4.94066e-324, -310.486, 0
22.66, -0, 4.94066e-324, -310.486, 0
22.675, -0, 4.94066e-324, -310.486, 0
22.689, -0, 4.94066e-324, -310.486, 0
22.702, -0, 4.94066e-324, -310.486, 0
22.716, -0, 4.94066e-324, -310.486, 0
22.729, -0, 4.94066e-324, -310.486, 0
22.743, -0, 4.94066e-324, -310.486, 0
22.757, -0, 4.94066e-324, -310.486, 0
22.77, -0, 4.94066e-324, -310.486, 0
22.784, -0, 4.94066e-324, -310.486, 0
22.797, -0, 4.94066e-324, -310.486, 0
22.811, -0, 4.94066e-324, -310.486, 0
22.825, -0, 4.94066e-324, -310.486, 0
22.839, -0, 4.94066e-324, -310.486, 0
22.852, -0, 4.94066e-324, -310.486, 0
22.866, -0, 4.94066e-324, -310.486, 0
22.879, -0, 4.94066e-324, -310.486, 0
22.893, -0, 4.94066e-324, -310.486, 0
22.907, -0, 4.94066e-324, -310.486, 0
22.92, -0, 4.94066e-324, -310.486, 0
22.934, -0, 4.94066e-324, -310.486, 0
22.948, -0, 4.94066e-324, -310.486, 0
22.96, -0, 4.94066e-324, -310.486, 0
22.974, -0, 4.94066e-324, -310.486, 0
22.988, -0, 4.94066e-324, -310.486, 0
23.002, -0, 4.94066e-324, -310.486, 0
23.017, -0, 4.94066e-324, -310.486, 0
23.03, -0, 4.94066e-324, -310.486, 0
23.044, -0, 4.94066e-324, -310.486, 0
23.058, -0, 4.94066e-324, -310.486, 0
23.071, -0, 4.94066e-324, -310.486, 0
23.085, -0, 4.94066e-324, -310.486, 0
23.098, -0, 4.94066e-324, -310.486, 0
23.112, -0, 4.94066e-324, -310.486, 0
23.126, -0, 4.94066e-324, -310.486, 0
23.139, -0, 4.94066e-324, -310.486, 0
23.153, -0, 4.94066e-324, -310.486, 0
23.167, -0, 4.94066e-324, -310.486, 0
23.179, -0, 4.94066e-324, -310.486, 0
23.193, -0, 4.94066e-324, -310.486, 0
23.207, -0, 4.94066e-324, -310.486, 0
23.221, -0, 4.94066e-324, -310.486, 0
23.234, -0, 4.94066e-324, -310.486, 0
23.248, -0, 4.94066e-324, -310.486, 0
23.261, -0, 4.94066e-324, -310.486, 0
23.275, -0, 4.94066e-324, -310.486, 0
23.289, -0, 4.94066e-324, -310.486, 0
23.302, -0, 4.94066e-324, -310.486, 0
23.316, -0, 4.94066e-324, -310.486, 0
23.329, -0, 4.94066e-324, -310.486, 0
23.343, -0, 4.94066e-324, -310.486, 0
23.357, -0, 4.94066e-324, -310.486, 0
23.37, -0, 4.94066e-324, -310.486, 0
23.384, -0, 4.94066e-324, -310.486, 0
23.398, -0, 4.94066e-324, -310.486, 0
23.411, -0, 4.94066e-324, -310.486, 0
23.425, -0, 4.94066e-324, -310.486, 0
23.439, -0, 4.94066e-324, -310.486, 0
23.452, -0, 4.94066e-324, -310.486, 0
23.466, -0, 4.94066e-324, -310.486, 0
23.48, -0, 4.94066e-324, -310.486, 0
23.493, -0, 4.94066e-324, -310.486, 0
23.507, -0, 4.94066e-324, -310.486, 0
23.521, -0, 4.94066e-324, -310.486, 0
23.536, -0, 4.94066e-324, -310.486, 0
23.55, -0, 4.94066e-324, -310.486, 0
23.572, -0, 4.94066e-324, -310.486, 0
23.586, -0, 4.94066e-324, -310.486, 0
23.599, -0, 4.94066e-324, -310.486, 0
23.613, -0, 4.94066e-324, -310.486, 0
23.627, -0, 4.94066e-324, -310.486, 0
23.641, -0, 4.94066e-324, -310.486, 0
23.655, -0, 4.94066e-324, -310.486, 0
23.669, -0, 4.94066e-324, -310.486, 0
23.682, -0, 4.94066e-324, -310.486, 0
23.697, -0, 4.94066e-324, -310.486, 0
23.711, -0, 4.94066e-324, -310.486, 0
23.725, -0, 4.94066e-324, -310.486, 0
23.739, -0, 4.94066e-324, -310.486, 0
23.752, -0, 4.94066e-324, -310.486, 0
23.767, -0, 4.94066e-324, -310.486, 0
23.78, -0, 4.94066e-324, -310.486, 0
23.794, -0, 4.94066e-324, -310.486, 0
23.808, -0, 4.94066e-324, -310.486, 0
23.822, -0, 4.94066e-324, -310.486, 0
23.836, -0, 4.94066e-324, -310.486, 0
23.849, -0, 4.94066e-324, -310.486, 0
23.863, -0, 4.94066e-324, -310.486, 0
23.877, -0, 4.94066e-324, -310.486, 0
23.891, -0, 4.94066e-324, -310.486, 0
