0, 0, 0, 0, 0
0.011, 0, 0, 0, 0
0.025, 0, 0, 0, 0
0.038, 0, 0, 0, 0
0.05, 0, 0, 0, 0
0.062, 0, 0, 0, 0
0.075, 0, 0, 0, 0
0.087, 0, 0, 0, 0
0.1, 0, 0, 0, 0
0.112, 0, 0, 0, 0
0.125, 0, 0, 0, 0
0.137, 0, 0, 0, 0
0.15, 0, 0, 0, 0
0.162, 0, 0, 0, 0
0.175, 0, 0, 0, 0
0.187, 0, 0, 0, 0
0.2, 0, 0, 0, 0
0.213, 0, 0, 0, 0
0.226, 0, 0, -0.410334, -52.607
0.239, 0, 0, -1.16261, 0
0.252, 0, 0, -1.98328, -52.4054
0.265, 0, 0, -2.80395, -56.1948
0.277, 0, 0, -3.62462, -48.1613
0.291, 0, 0, -4.44529, -56.8488
0.304, 0, 0, -5.26596, -61.2257
0.316, 0, 0, -6.08663, 0
0.329, 0, 0, -6.77052, -58.8546
0.341, 0, 0, -7.59119, -58.5523
0.354, 0, 0, -8.34347, -115.036
0.367, 0, 0, -9.09574, 0
0.38, 0, 0, -9.3693, 0
0.392, 0, 0, -9.3693, 0
0.406, 0, 0, -9.3693, 0
0.419, 0, 0, -9.3693, 0
0.431, 0, 0, -9.3693, 0
0.444, 0, 0, -9.3693, 0
0.457, 0, 0, -9.3693, 0
0.47, 0, 0, -9.3693, 0
0.483, 0, 0, -9.3693, 0
0.496, 0, 0, -9.3693, 0
0.508, 0, 0, -9.3693, 0
0.521, 0, 0, -9.3693, 0
0.534, 0, 0, -9.3693, 0
0.547, 0, 0, -9.3693, 0
0.56, 0, 0, -9.3693, 0
0.573, 0, 0, -9.3693, 0
0.587, 0, 0, -9.3693, 0
0.6, 0, 0, -9.3693, 0
0.612, 0, 0, -9.3693, 0
0.625, 0, 0, -9.3693, 0
0.639, 0, 0, -9.3693, 0
0.652, 0, 0, -9.3693, 0
0.665, 0, 0, -9.3693, 0
0.677, 0, 0, -9.3693, 0
0.69, 0, 0, -9.3693, 0
0.703, 0, 0, -9.3693, 0
0.716, 0, 0, -9.3693, 0
0.729, 0, 0, -9.3693, 0
0.743, 0, 0, -9.3693, 0
0.756, 0, 0, -9.3693, 0
0.769, 0, 0, -9.3693, 0
0.782, 0, 0, -9.3693, 0
0.796, 0, 0, -9.3693, 0
0.809, 0, 0, -9.3693, 0
0.823, 0, 0, -9.3693, 0
0.836, 0, 0, -9.3693, 0
0.849, 0, 0, -9.3693, 0
0.862, 0, 0, -9.3693, 0
0.875, 0, 0, -9.3693, 0
0.888, 0, 0, -9.3693, 0
0.901, 0, 0, -9.3693, 0
0.914, 0, 0, -9.3693, 0
0.927, 0, 0, -9.3693, 0
0.94, 0, 0, -9.3693, 0
0.954, 0, 0, -9.3693, 0
0.967, 0, 0, -9.3693, 0
0.98, 0, 0, -9.3693, 0
0.992, 0, 0, -9.3693, 0
1.005, 0, 0, -9.3693, 0
1.019, 0, 0, -9.3693, 0
1.032, 0, 0, -9.3693, 0
1.045, 0, 0, -9.3693, 0
1.058, 0, 0, -9.3693, 0
1.071, 0, 0, -9.3693, 0
1.084, 0, 0, -9.3693, 0
1.098, 0, 0, -9.3693, 0
1.111, 0, 0, -9.3693, 0
1.124, 0, 0, -9.3693, 0
1.137, 0, 0, -9.3693, 0
1.151, 0, 0, -9.3693, 0
1.164, 0, 0, -9.3693, 0
1.176, 0, 0, -9.3693, 0
1.189, 0, 0, -9.3693, 0
1.203, 0, 0, -9.3693, 0
1.216, 0, 0, -9.3693, 0
1.229, 0, 0, -9.3693, 0
1.242, 0, 0, -9.3693, 0
1.255, 0, 0, -9.3693, 0
1.268, 0, 0, -9.3693, 0
1.282, 0, 0, -9.3693, 0
1.294, 0, 0, -9.3693, 0
1.307, 0, 0, -9.3693, 0
1.32, 0, 0, -9.3693, 0
1.332, 0, 0, -9.3693, 0
1.345, 0, 0, -9.3693, 0
1.357, 0, 0, -9.3693, 0
1.371, 0, 0, -9.3693, 0
1.384, 0, 0, -9.3693, 0
1.396, 0, 0, -9.3693, 0
1.409, 0, 0, -9.3693, 0
1.422, 0, 0, -9.3693, 0
1.436, 0, 0, -9.3693, 0
1.449, 0, 0, -9.3693, 0
1.462, 0, 0, -9.3693, 0
1.475, 0, 0, -9.3693, 0
1.488, 0, 0, -9.3693, 0
1.502, 0, 0, -9.3693, 0
1.515, 0, 0, -9.3693, 0
1.528, 0, 0, -9.3693, 0
1.541, 0, 0, -9.3693, 0
1.554, 0, 0, -9.3693, 0
1.566, 0, 0, -9.3693, 0
1.579, 0, 0, -9.3693, 0
1.592, 0, 0, -9.3693, 0
1.605, 0, 0, -9.3693, 0
1.618, 0, 0, -9.3693, 0
1.631, 0, 0, -9.3693, 0
1.644, 0, 0, -9.3693, 0
1.657, 0, 0, -9.3693, 0
1.67, 0, 0, -9.3693, 0
1.683, 0, 0, -9.3693, 0
1.696, 0, 0, -9.3693, 0
1.709, 0, 0, -9.3693, 0
1.723, 0, 0, -9.3693, 0
1.736, 0, 0, -9.3693, 0
1.749, 0, 0, -9.3693, 0
1.762, 0, 0, -9.3693, 0
1.776, 0, 0, -9.3693, 0
1.788, 0, 0, -9.3693, 0
1.801, 0, 0, -9.3693, 0
1.814, 0, 0, -9.3693, 0
1.827, 0, 0, -9.3693, 0
1.84, 0, 0, -9.3693, 0
1.853, 0, 0, -9.3693, 0
1.866, 0, 0, -9.3693, 0
1.879, 0, 0, -9.3693, 0
1.892, 0, 0, -9.3693, 0
1.905, 0, 0, -9.3693, 0
1.918, 0, 0, -9.3693, 0
1.931, 0, 0, -9.3693, 0
1.944, 0, 0, -9.3693, 0
1.957, 0, 0, -9.3693, 0
1.97, 0, 0, -9.3693, 0
1.983, 0, 0, -9.3693, 0
1.997, 0, 0, -9.3693, 0
2.01, 0, 0, -9.3693, 0
2.023, 0, 0, -9.3693, 0
2.036, 0, 0, -9.3693, 0
2.049, 0, 0, -9.3693, 0
2.062, 0, 0, -9.3693, 0
2.075, 0, 0, -9.3693, 0
2.089, 0, 0, -9.3693, 0
2.101, 0, 0, -9.3693, 0
2.114, 0, 0, -9.3693, 0
2.127, 0, 0, -9.3693, 0
2.14, 0, 0, -9.3693, 0
2.153, 0, 0, -9.3693, 0
2.166, 0, 0, -9.3693, 0
2.179, 0, 0, -9.3693, 0
2.192, 0, 0, -9.3693, 0
2.205, 0, 0, -9.3693, 0
2.218, 0, 0, -9.3693, 0
2.231, 0, 0, -9.3693, 0
2.244, 0, 0, -9.3693, 0
2.257, 0, 0, -9.3693, 0
2.271, 0, 0, -9.3693, 0
2.285, 0, 0, -9.3693, 0
2.298, 0, 0, -9.3693, 0
2.31, 0, 0, -9.3693, 0
2.323, 0, 0, -9.3693, 0
2.336, 0, 0, -9.3693, 0
2.348, 0, 0, -9.3693, 0
2.361, 0, 0, -9.3693, 0
2.374, 0, 0, -9.3693, 0
2.388, 0, 0, -9.3693, 0
2.401, 0, 0, -9.3693, 0
2.414, 0, 0, -9.3693, 0
2.427, 0, 0, -9.3693, 0
2.44, 0, 0, -9.3693, 0
2.453, 0, -5, -9.3693, 0
2.466, 0, -5, -9.3693, 0
2.479, 0, -5, -9.3693, 0
2.491, 0, -5, -9.3693, 0
2.504, 0, -5, -9.3693, 0
2.516, 0, -5, -9.3693, 0
2.529, 0, -5, -9.3693, 0
2.542, 0, -5, -9.3693, 0
2.554, 0, -5, -9.3693, 0
2.567, 0, -5, -9.3693, 0
2.58, 0, -5, -9.3693, 0
2.593, 0, -5, -9.3693, 0
2.605, 0, -5, -9.3693, 0
2.618, 0, -5, -9.3693, 0
2.631, 0, -5, -9.3693, 0
2.643, 0, -5, -9.3693, 0
2.656, 0, -5, -9.3693, 0
2.669, 0, -5, -9.3693, 0
2.682, 0, -5, -9.3693, 0
2.695, 0, -5, -9.3693, 0
2.707, 0, -5, -9.3693, 0
2.72, 0, -5, -9.3693, 0
2.733, 0, -5, -9.3693, 0
2.746, 0, -5, -9.3693, 0
2.759, 0, -5, -9.3693, 0
2.773, 0, -5, -9.3693, 0
2.785, 0, -5, -9.3693, 0
2.798, 0, -5, -9.3693, 0
2.811, 0, -5, -9.3693, 0
2.823, 0, -5, -9.3693, 0
2.836, 0, -5, -9.3693, 0
2.849, 0, -5, -9.3693, 0
2.862, 0, -5, -9.3693, 0
2.875, 0, -5, -9.3693, 0
2.887, 0, -5, -9.3693, 0
2.9, 0, -5, -9.3693, 0
2.913, 0, -5, -9.3693, 0
2.925, 0, -5, -9.3693, 0
2.938, 0, -5, -9.3693, 0
2.951, 0, -5, -9.3693, 0
2.964, 0, -5, -9.3693, 0
2.977, 0, -5, -9.3693, 0
2.99, 0, -5, -9.3693, 0
3.002, 0, -5, -9.3693, 0
3.015, 0, -5, -9.3693, 0
3.028, 0, -5, -9.3693, 0
3.04, 0, -5, -9.3693, 0
3.053, 0, -5, -9.3693, 0
3.066, 0, -5, -9.3693, 0
3.079, 0, -5, -9.3693, 0
3.092, 0, -5, -9.3693, 0
3.105, 0, -5, -9.3693, 0
3.117, 0, -5, -9.3693, 0
3.13, 0, -5, -9.3693, 0
3.143, 0, -5, -9.3693, 0
3.155, 0, -5, -9.3693, 0
3.168, 0, -5, -9.3693, 0
3.18, 0, -5, -9.3693, 0
3.193, 0, -5, -9.3693, 0
3.205, 0, -5, -9.3693, 0
3.218, 0, -5, -9.3693, 0
3.23, 0, -5, -9.3693, 0
3.242, 0, -5, -9.3693, 0
3.255, 0, -5, -9.3693, 0
3.267, 0, -5, -9.3693, 0
3.28, 0, -5, -9.3693, 0
3.292, 0, -5, -9.3693, 0
3.305, 0, -5, -9.3693, 0
3.317, 0, -5, -9.3693, 0
3.33, 0, -5, -9.3693, 0
3.342, 0, -5, -9.3693, 0
3.355, 0, -5, -9.3693, 0
3.367, 0, -5, -9.3693, 0
3.38, 0, -5, -9.3693, 0
3.392, 0, -5, -9.3693, 0
3.404, 0, -5, -9.3693, 0
3.417, 0, -5, -9.3693, 0
3.429, 0, -5, -9.3693, 0
3.442, 0, -5, -9.3693, 0
3.454, 0, -5, -9.3693, 0
3.466, 0, -5, -9.3693, 0
3.479, 0, -5, -9.3693, 0
3.491, 0, -5, -9.3693, 0
3.504, 0, -5, -9.3693, 0
3.516, 0, -5, -9.3693, 0
3.529, 0, -5, -9.3693, 0
3.541, 0, -5, -9.3693, 0
3.554, 0, -5, -9.3693, 0
3.566, 0, -5, -9.3693, 0
3.579, 0, -5, -9.3693, 0
3.592, 0, -5, -9.3693, 0
3.605, 0, -5, -9.3693, 0
3.618, 0, -5, -9.3693, 0
3.63, 0, -5, -9.3693, 0
3.643, 0, -5, -9.3693, 0
3.656, 0, -5, -9.3693, 0
3.669, 0, -5, -9.3693, 0
3.681, 0, -5, -9.3693, 0
3.694, 0, -5, -9.3693, 0
3.707, 0, -5, -9.3693, 0
3.72, 0, -5, -9.3693, 0
3.733, 0, -5, -9.3693, 0
3.745, 0, -5, -9.3693, 0
3.758, 0, -5, -9.3693, 0
3.771, 0, -5, -9.3693, 0
3.783, 0, -5, -9.3693, 0
3.796, 0, -5, -9.3693, 0
3.808, 0, -5, -9.3693, 0
3.82, 0, -5, -9.3693, 0
3.833, 0, -5, -9.3693, 0
3.845, 0, -5, -9.3693, 0
3.858, 0, -5, -9.3693, 0
3.87, 0, -5, -9.3693, 0
3.881, 0, -5, -9.3693, 0
3.894, 0, -5, -9.3693, 0
3.907, 0, -5, -9.3693, 0
3.92, 0, -5, -9.3693, 0
3.932, 0, -5, -9.3693, 0
3.945, 0, -5, -9.3693, 0
3.957, 0, -5, -9.3693, 0
3.969, 0, -5, -9.3693, 0
3.982, 0, -5, -9.3693, 0
3.994, 0, -5, -9.3693, 0
4.007, 0, -5, -9.3693, 0
4.019, 0, -5, -9.3693, 0
4.032, 0, -5, -9.3693, 0
4.044, 0, -5, -9.3693, 0
4.057, 0, -5, -9.3693, 0
4.069, 0, -5, -9.3693, 0
4.081, 0, -5, -9.3693, 0
4.093, 0, -5, -9.3693, 0
4.104, 0, -5, -9.3693, 0
4.116, 0, -5, -9.3693, 0
4.127, 0, -5, -9.3693, 0
4.138, 0, -5, -9.3693, 0
4.15, 0, -5, -9.3693, 0
4.161, 0, -5, -9.3693, 0
4.172, 0, -5, -9.3693, 0
4.184, 0, -5, -9.3693, 0
4.195, 0, -5, -9.3693, 0
4.207, 0, -5, -9.3693, 0
4.218, 0, -5, -9.3693, 0
4.229, 0, -5, -9.3693, 0
4.241, 0, -5, -9.3693, 0
4.252, 0, -5, -9.3693, 0
4.264, 0, -5, -9.3693, 0
4.275, 0, -5, -9.3693, 0
4.286, 0, -5, -9.3693, 0
4.298, 0, -5, -9.3693, 0
4.309, 0, -5, -9.3693, 0
4.32, 0, -5, -9.3693, 0
4.332, 0, -5, -9.3693, 0
4.343, 0, -5, -9.3693, 0
4.355, 0, -5, -9.3693, 0
4.366, 0, -5, -9.3693, 0
4.377, 0, -5, -9.3693, 0
4.389, 0, -5, -9.3693, 0
4.4, 0, -5, -9.3693, 0
4.411, 0, -5, -9.3693, 0
4.423, 0, -5, -9.3693, 0
4.434, 0, -5, -9.3693, 0
4.446, 0, -5, -9.3693, 0
4.457, 0, -5, -9.3693, 0
4.468, 0, -5, -9.3693, 0
4.48, 0, -5, -9.3693, 0
4.491, 0, -5, -9.3693, 0
4.503, 0, -5, -9.3693, 0
4.514, 0, -5, -9.3693, 0
4.525, 0, -5, -9.3693, 0
4.537, 0, -5, -9.3693, 0
4.548, 0, -5, -9.3693, 0
4.559, 0, -5, -9.3693, 0
4.571, 0, -5, -9.3693, 0
4.582, 0, -5, -9.3693, 0
4.594, 0, -5, -9.3693, 0
4.605, 0, -5, -9.3693, 0
4.616, 0, -5, -9.3693, 0
4.628, 0, -5, -9.3693, 0
4.639, 0, -5, -9.3693, 0
4.651, 0, -5, -9.3693, 0
4.662, 0, -5, -9.3693, 0
4.673, 0, -5, -9.3693, 0
4.685, 0, -5, -9.3693, 0
4.696, 0, -5, -9.3693, 0
4.708, 0, -5, -9.3693, 0
4.719, 0, -5, -9.3693, 0
4.73, 0, -5, -9.3693, 0
4.742, 0, -5, -9.3693, 0
4.753, 0, -5, -9.3693, 0
4.764, 0, -5, -9.3693, 0
4.776, 0, -5, -9.3693, 0
4.787, 0, -5, -9.3693, 0
4.798, 0, -5, -9.3693, 0
4.81, 0, -5, -9.3693, 0
4.821, 0, -5, -9.3693, 0
4.833, 0, -5, -9.3693, 0
4.844, 0, -5, -9.3693, 0
4.855, 0, -5, -9.3693, 0
4.867, 0, -5, -9.3693, 0
4.878, 0, -5, -9.3693, 0
4.889, 0, -5, -9.3693, 0
4.901, 0, -5, -9.3693, 0
4.912, 0, -5, -9.3693, 0
4.924, 0, -5, -9.3693, 0
4.935, 0, -5, -9.3693, 0
4.946, 0, -5, -9.3693, 0
4.958, 0, -5, -9.3693, 0
4.969, 0, -5, -9.3693, 0
4.981, 0, -5, -9.3693, 0
4.992, 0, -5, -9.3693, 0
5.003, 0, -5, -9.3693, 0
5.015, 0, -5, -9.3693, 0
5.026, 0, -5, -9.3693, 0
5.038, 0, -5, -9.3693, 0
5.049, 0, -5, -9.3693, 0
5.06, 0, -5, -9.3693, 0
5.072, 0, -5, -9.3693, 0
5.083, 0, -5, -9.3693, 0
5.095, 0, -5, -9.3693, 0
5.105, 0, -5, -9.3693, 0
5.116, 0, -5, -9.3693, 0
5.128, 0, -5, -9.3693, 0
5.139, 0, -5, -9.3693, 0
5.151, 0, -5, -9.3693, 0
5.162, 0, -5, -9.3693, 0
5.173, 0, -5, -9.3693, 0
5.185, 0, -5, -9.09574, 488.93
5.196, 0, -5, -8.54863, 544.692
5.208, 0, -5, -7.93313, 585.022
5.219, 0, -5, -7.18085, 556.511
5.23, 0, -5, -6.49696, 613.905
5.242, 0, -5, -5.81307, 675.903
5.253, 0, -5, -5.06079, 676.51
5.264, 0, -5, -4.30851, 677.119
5.276, 0, -5, -3.07751, 60.3078
5.287, 0, -5, -3.00912, 122.561
5.298, 0, -5, -2.87234, 0
5.31, 0, -5, -2.87234, 0
5.321, 0, -5, -2.87234, 0
5.333, 0, -5, -2.87234, 0
5.344, 0, -5, -2.87234, 0
5.355, 0, -5, -2.87234, 0
5.367, 0, -5, -2.87234, 0
5.378, 0, -5, -2.87234, 0
5.39, 0, -5, -2.87234, 0
5.401, 0, -5, -2.87234, 0
5.411, 0, -5, -2.87234, 0
5.423, 0, -5, -2.87234, 0
5.434, 0, -5, -2.87234, 0
5.446, 0, -5, -2.87234, 0
5.457, 0, -5, -2.87234, 0
5.468, 0, -5, -2.87234, 0
5.48, 0, -5, -2.87234, 0
5.491, 0, -5, -2.87234, 0
5.501, 0, -5, -2.87234, 0
5.513, 0, -5, -2.87234, 0
5.524, 0, -5, -2.87234, 0
5.536, 0, -5, -2.87234, 0
5.547, 0, -5, -2.87234, 0
5.558, 0, -5, -2.87234, 0
5.57, 0, -5, -2.87234, 0
5.581, 0, -5, -2.87234, 0
5.592, 0, -5, -2.87234, 0
5.604, 0, -5, -2.87234, 0
5.621, 0, -5, -2.87234, 0
5.632, 0, -5, -2.87234, 0
5.643, 0, -5, -2.87234, 0
5.655, 0, -5, -2.87234, 0
5.666, 0, -5, -2.87234, 0
5.677, 0, -5, -2.87234, 0
5.689, 0, -5, -2.87234, 0
5.7, 0, -5, -2.87234, 0
5.712, 0, -5, -2.87234, 0
5.723, 0, -5, -2.87234, 0
5.735, 0, -5, -2.87234, 0
5.746, 0, -5, -2.87234, 0
5.757, 0, -5, -2.87234, 0
5.769, 0, -5, -2.87234, 0
5.78, 0, -5, -2.87234, 0
5.792, 0, -5, -2.87234, 0
5.803, 0, -5, -2.87234, 0
5.815, 0, -5, -2.87234, 0
5.826, 0, -5, -2.87234, 0
5.837, 0, -5, -2.87234, 0
5.849, 0, -5, -2.87234, 0
5.86, 0, -5, -2.87234, 0
5.872, 0, -5, -2.87234, 0
5.883, 0, -5, -2.87234, 0
5.895, 0, -5, -2.87234, 0
5.906, 0, -5, -2.87234, 0
5.917, 0, -5, -2.87234, 0
5.929, 0, -5, -2.87234, 0
5.94, 0, -5, -2.87234, 0
5.952, 0, -5, -2.87234, 0
5.963, 0, -5, -2.87234, 244.684
5.974, 0, -5, -2.59878, 486.755
5.986, 0, -5, -1.98328, 481.613
5.997, 0, -5, -1.43617, 676.51
6.009, 0, -5, -0.683891, 680.796
6.02, 0, -5, 0.0683891, 616.118
6.031, 0, -5, 0.75228, 186.516
6.043, 0, -5, 0.957447, 62.2284
6.054, 0, -5, 1.02584, 0
6.065, 0, -5, 1.02584, 0
6.077, 0, -5, 1.02584, 0
6.088, 0, -5, 1.02584, 0
6.099, 0, -5, 1.02584, 0
6.11, 0, -5, 1.02584, 0
6.121, 0, -5, 1.02584, 0
6.132, 0, -5, 1.02584, 0
6.144, 0, -5, 1.02584, 0
6.155, 0, -5, 1.02584, 0
6.166, 0, -5, 1.02584, 0
6.178, 0, -5, 1.02584, 0
6.189, 0, -5, 1.02584, 0
6.2, 0, -5, 1.02584, 0
6.212, 0, -5, 1.02584, 0
6.223, 0, -5, 1.02584, 0
6.234, 0, -5, 1.02584, 0
6.246, 0, -5, 1.02584, 0
6.257, 0, -5, 1.02584, 0
6.268, 0, -5, 1.02584, 0
6.28, 0, -5, 1.02584, 0
6.292, 0, -5, 1.02584, 0
6.302, 0, -5, 1.02584, 0
6.313, 0, -5, 1.02584, 0
6.323, 0, -5, 1.02584, 0
6.334, 0, -5, 1.02584, 0
6.344, 0, -5, 1.02584, 0
6.355, 0, -5, 1.02584, 0
6.366, 0, -5, 1.02584, 0
6.378, 0, -5, 1.02584, 0
6.388, 0, -5, 1.02584, 0
6.4, 0, -5, 1.02584, 0
6.411, 0, -5, 1.02584, 0
6.423, 0, -5, 1.02584, 0
6.433, 0, -5, 1.02584, 0
6.444, 0, -5, 1.02584, 0
6.455, 0, -5, 1.02584, 0
6.465, 0, -5, 1.02584, 0
6.476, 0, -5, 1.02584, 0
6.487, 0, -5, 1.02584, 0
6.498, 0, -5, 1.02584, 0
6.51, 0, -5, 1.02584, 0
6.521, 0, -5, 1.02584, 0
6.533, 0, -5, 1.02584, 0
6.544, 0, -5, 1.02584, 0
6.556, 0, -5, 1.02584, 0
6.568, 0, -5, 1.02584, 0
6.579, 0, -5, 1.02584, 0
6.591, 0, -5, 1.02584, 0
6.602, 0, -5, 1.02584, 0
6.613, 0, -5, 1.02584, 0
6.625, 0, -5, 1.02584, 0
6.636, 0, -5, 1.02584, 0
6.648, 0, -5, 1.02584, 0
6.659, 0, -5, 1.02584, 0
6.671, 0, -5, 1.02584, 0
6.683, 0, -5, 1.02584, 0
6.693, 0, -5, 1.02584, 0
6.705, 0, -5, 1.02584, 0
6.716, 0, -5, 1.02584, 0
6.728, 0, -5, 1.02584, 0
6.739, 0, -5, 1.02584, 0
6.751, 0, -5, 1.02584, 0
6.761, 0, -5, 1.02584, 0
6.772, 0, -5, 1.02584, 0
6.783, 0, -5, 1.02584, 0
6.794, 0, -5, 1.02584, 0
6.804, 0, -5, 1.02584, 0
6.816, 0, -5, 1.02584, 0
6.828, 0, -5, 1.02584, 0
6.839, 0, -5, 1.02584, 0
6.851, 0, -5, 1.02584, 0
6.862, 0, -5, 1.02584, 0
6.874, 0, -5, 1.02584, 0
6.885, 0, -5, 1.02584, 0
6.896, 0, -5, 1.02584, 0
6.908, 0, -5, 1.02584, 0
6.918, 0, -5, 1.02584, 0
6.929, 0, -5, 1.02584, 0
6.94, 0, -5, 1.02584, 0
6.952, 0, -5, 1.02584, 0
6.964, 0, -5, 1.02584, 0
6.976, 0, -5, 1.02584, 0
6.987, 0, -5, 1.02584, 0
6.999, 0, -5, 1.02584, 0
7.01, 0, -5, 1.02584, 0
7.022, 0, -5, 1.02584, 0
7.034, 0, -5, 1.02584, 0
7.045, 0, -5, 1.02584, 0
7.057, 0, -5, 1.02584, 0
7.068, 0, -5, 1.02584, 0
7.08, 0, -5, 1.02584, 0
7.092, 0, -5, 1.02584, 0
7.103, 0, -5, 1.02584, 0
7.114, 0, -5, 1.02584, 0
7.125, 0, -5, 1.02584, 0
7.136, 0, -5, 1.02584, 0
7.147, 0, -5, 1.02584, 0
7.157, 0, -5, 1.02584, 0
7.168, 0, -5, 1.02584, 0
7.179, 0, -5, 1.02584, 0
7.191, 0, -5, 1.02584, 0
7.202, 0, -5, 1.02584, 0
7.213, 0, -5, 1.02584, 0
7.224, 0, -5, 1.02584, 0
7.235, 0, -5, 1.02584, 0
7.246, 0, -5, 1.02584, 0
7.257, 0, -5, 1.02584, 0
7.269, 0, -5, 1.02584, 0
7.281, 0, -5, 1.02584, 0
7.292, 0, -5, 1.02584, 0
7.304, 0, -5, 1.02584, 0
7.315, 0, -5, 1.02584, 0
7.327, 0, -5, 1.02584, 0
7.338, 0, -5, 1.02584, 0
7.349, 0, -5, 1.02584, 0
7.361, 0, -5, 1.02584, 0
7.373, 0, -5, 1.02584, 0
7.384, 0, -5, 1.02584, 0
7.395, 0, -5, 1.02584, 0
7.407, 0, -5, 1.02584, 0
7.418, 0, -5, 1.02584, 0
7.43, 0, -5, 1.02584, 0
7.441, 0, -5, 1.02584, 0
7.453, 0, -5, 1.02584, 0
7.464, 0, -5, 1.02584, 0
7.475, 0, -5, 1.02584, 0
7.486, 0, -5, 1.02584, 0
7.497, 0, -5, 1.02584, 0
7.509, 0, -5, 1.02584, 0
7.52, 0, -5, 1.02584, 0
7.532, 0, -5, 1.02584, 0
7.543, 0, -5, 1.02584, 0
7.555, 0, -5, 1.02584, 0
7.567, 0, -5, 1.02584, 0
7.578, 0, -5, 1.02584, 0
7.59, 0, -5, 1.02584, 0
7.601, 0, -5, 1.02584, 0
7.613, 0, -5, 1.02584, 0
7.624, 0, -5, 1.02584, 0
7.636, 0, -5, 1.02584, 0
7.647, 0, -5, 1.02584, 0
7.658, 0, -5, 1.02584, 0
7.669, 0, -5, 1.02584, 0
7.68, 0, -5, 1.02584, 0
7.691, 0, -5, 1.02584, 0
7.702, 0, -5, 1.02584, 0
7.712, 0, -5, 1.02584, 0
7.723, 0, -5, 1.02584, 0
7.734, 0, -5, 1.02584, 0
7.746, 0, -5, 1.02584, 0
7.757, 0, -5, 1.02584, 0
7.769, 0, -5, 1.02584, 0
7.78, 0, -5, 1.02584, 0
7.792, 0, -5, 1.02584, 0
7.803, 0, -5, 1.02584, 0
7.814, 0, -5, 1.02584, 0
7.824, 0, -5, 1.02584, 0
7.835, 0, -5, 1.02584, 0
7.846, 0, -5, 1.02584, 0
7.856, 0, -5, 1.02584, 0
7.867, 0, -5, 1.02584, 0
7.878, 0, -5, 1.02584, 0
7.889, 0, -5, 1.02584, 0
7.9, 0, -5, 1.02584, 0
7.912, 0, -5, 1.02584, 0
7.923, 0, -5, 1.02584, 0
7.935, 0, -5, 1.02584, 0
7.946, 0, -5, 1.02584, 0
7.958, 0, -5, 1.02584, 0
7.969, 0, -5, 1.02584, 0
7.981, 0, -5, 1.02584, 0
7.992, 0, -5, 1.02584, 0
8.004, 0, -5, 1.02584, 0
8.015, 0, -5, 1.02584, 0
8.027, 0, -5, 1.02584, 0
8.038, 0, -5, 1.02584, 0
8.049, 0, -5, 1.02584, 0
8.06, 0, -5, 1.02584, 0
8.071, 0, -5, 1.02584, 0
8.081, 0, -5, 1.02584, 0
8.092, 0, -5, 1.02584, 0
8.103, 0, -5, 1.02584, 0
8.114, 0, -5, 1.02584, 0
8.126, 0, -5, 1.02584, 0
8.137, 0, -5, 1.02584, 0
8.149, 0, -5, 1.02584, 0
8.16, 0, -5, 1.02584, 0
8.172, 0, -5, 1.02584, 0
8.184, 0, -5, 1.02584, 0
8.195, 0, -5, 1.02584, 0
8.207, 0, -5, 1.02584, 0
8.218, 0, -5, 1.02584, 0
8.229, 0, -5, 1.02584, 0
8.241, 0, -5, 1.02584, 0
8.252, 0, -5, 1.02584, 0
8.264, 0, -5, 1.02584, 0
8.276, 0, -5, 1.02584, 0
8.287, 0, -5, 1.02584, 0
8.298, 0, -5, 0, 0
8.309, 0, -5, 1.02584, 0
8.32, 0, -5, 1.02584, 0
8.33, 0, -5, 1.02584, 0
8.341, 0, -5, 1.02584, 0
8.352, 0, -5, 1.02584, 0
8.363, 0, -5, 1.02584, 0
8.374, 0, -5, 1.02584, 0
8.385, 0, -5, 1.02584, 0
8.395, 0, -5, 1.02584, 0
8.406, 0, -5, 1.02584, 0
8.416, 0, -5, 1.02584, 0
8.426, 0, -5, 1.02584, 0
8.437, 0, -5, 1.02584, 0
8.447, 0, -5, 1.02584, 0
8.458, 0, -5, 1.02584, 0
8.468, 0, -5, 1.02584, 0
8.479, 0, -5, 1.02584, 0
8.489, 0, -5, 1.02584, 0
8.5, 0, -5, 1.02584, 0
8.51, 0, -5, 1.02584, 0
8.521, 0, -5, 1.02584, 0
8.531, 0, -5, 1.02584, 0
8.542, 0, -5, 1.02584, 0
8.552, 0, -5, 1.02584, 0
8.562, 0, -5, 1.02584, 0
8.573, 0, -5, 1.02584, 0
8.583, 0, -5, 1.02584, 0
8.594, 0, -5, 1.02584, 0
8.604, 0, -5, 1.02584, 0
8.615, 0, -5, 1.02584, 0
8.625, 0, -5, 1.02584, 0
8.635, 0, -5, 1.02584, 0
8.646, 0, -5, 1.02584, 0
8.656, 0, -5, 1.02584, 0
8.667, 0, -5, 1.02584, 0
8.677, 0, -5, 1.02584, 0
8.687, 0, -5, 1.02584, 0
8.698, 0, -5, 1.02584, 0
8.708, 0, -5, 1.02584, 0
8.719, 0, -5, 1.02584, 0
8.729, 0, -5, 1.02584, 0
8.739, 0, -5, 1.02584, 0
8.75, 0, -5, 1.02584, 0
8.76, 0, -5, 1.02584, 0
8.771, 0, -5, 1.02584, 0
8.781, 0, -5, 1.02584, 0
8.792, 0, -5, 1.02584, -492.008
8.803, 0, -5, 0.889058, 0
8.813, 0, -5, 0.478723, 0
8.823, 0, -5, -0.205167, 0
8.834, 0, -5, -0.889058, 0
8.844, 0, -5, -1.64134, 0
8.855, 0, -5, -2.39362, 0
8.866, 0, -5, -3.1459, -279.139
8.877, 0, -5, -3.96657, -135.962
8.888, 0, -5, -4.78723, 0
8.9, 0, -5, -5.67629, -446.987
8.91, 0, -5, -6.36018, 0
8.92, 0, -5, -6.63374, 0
8.931, 0, -5, -6.63374, 0
8.941, 0, -5, -6.63374, 0
8.952, 0, -5, -6.63374, 0
8.962, 0, -5, -6.63374, 0
8.973, 0, -5, -6.63374, 0
8.984, 0, -5, -6.63374, 0
8.994, 0, -5, -6.63374, 0
9.005, 0, -5, -6.63374, 0
9.016, 0, -5, -6.63374, 0
9.026, 0, -5, -6.63374, 0
9.037, 0, -5, -6.63374, 0
9.047, 0, -5, -6.63374, 0
9.058, 0, -5, -6.63374, 0
9.068, 0, -5, -6.63374, 0
9.079, 0, -5, -6.63374, 0
9.089, 0, -5, -6.63374, 0
9.1, 0, -5, -6.63374, -18.0985
9.111, 0, -5, -6.77052, 0
9.121, 0, -5, -7.18085, 0
9.132, 0, -5, -7.86474, 0
9.142, 0, -5, -8.54863, 0
9.152, 0, -5, -9.30091, 0
9.162, 0, -5, -10.0532, 0
9.173, 0, -5, -10.8055, 0
9.183, 0, -5, -11.5578, 0
9.193, 0, -5, -12.2416, -9325.78
9.204, 0, -5, -12.9255, 0
9.214, 0, -5, -13.2675, 0
9.224, 0, -5, -13.4043, 0
9.235, 0, -5, -13.4043, 0
9.245, 0, -5, -13.4043, 0
9.256, 0, -5, -13.4043, 0
9.266, 0, -5, -13.4043, 0
9.277, 0, -5, -13.4043, 0
9.287, 0, -5, -13.4043, 0
9.298, 0, -5, -13.4043, 0
9.308, 0, -5, -13.4043, 0
9.319, 0, -5, -13.4043, 0
9.329, 0, -5, -13.4043, 0
9.34, 0, -5, -13.4043, 0
9.351, 0, -5, -13.4043, 0
9.362, 0, -5, -13.4726, 0
9.372, 0, -5, -13.883, -510.366
9.383, 0, -5, -14.5669, 0
9.394, 0, -5, -15.3191, -5260.7
9.405, 0, -5, -16.0714, 0
9.415, 0, -5, -16.8237, 0
9.426, 0, -5, -17.6444, 0
9.436, 0, -5, -18.3967, 0
9.447, 0, -5, -19.1489, 0
9.457, 0, -5, -19.5593, 0
9.467, 0, -5, -19.7644, 0
9.478, 0, -5, -19.7644, 0
9.489, 0, -5, -19.7644, 0
9.499, 0, -5, -19.7644, 0
9.51, 0, -5, -19.7644, 0
9.52, 0, -5, -19.7644, 0
9.531, 0, -5, -19.7644, 0
9.541, 0, -5, -19.7644, 0
9.552, 0, -5, -19.7644, 0
9.562, 0, -5, -19.7644, 0
9.573, 0, -5, -19.7644, 0
9.583, 0, -5, -19.7644, 0
9.594, 0, -5, -19.7644, 0
9.605, 0, -5, -19.7644, 0
9.615, 0, -5, -19.7644, 0
9.625, 0, -5, -19.7644, 0
9.635, 0, -5, -19.7644, 0
9.646, 0, -5, -19.7644, 0
9.656, 0, -5, -19.7644, 0
9.667, 0, -5, -19.7644, 0
9.677, 0, -5, -19.7644, 0
9.687, 0, -5, -19.7644, 0
9.698, 0, -5, -19.7644, 0
9.708, 0, -5, -19.7644, 0
9.718, 0, -5, -19.7644, 0
9.729, 0, -5, -19.7644, 0
9.739, 0, -5, -19.7644, 0
9.749, 0, -5, -19.7644, 0
9.76, 0, -5, -19.7644, 0
9.77, 0, -5, -19.7644, 0
9.78, 0, -5, -19.7644, 0
9.791, 0, -5, -19.7644, 0
9.801, 0, -5, -19.7644, 0
9.812, 0, -5, -19.7644, 0
9.822, 0, -5, -19.7644, 0
9.833, 0, -5, -19.7644, 0
9.843, 0, -5, -19.7644, 0
9.854, 0, -5, -19.7644, 0
9.864, 0, -5, -19.7644, 0
9.875, 0, -5, -19.7644, 0
9.885, 0, -5, -19.7644, 0
9.896, 0, -5, -19.7644, 0
9.907, 0, -5, -19.7644, 0
9.917, 0, -5, -19.7644, 0
9.928, 0, -5, -19.7644, 0
9.938, 0, -5, -19.7644, 0
9.949, 0, -5, -19.7644, 0
9.959, 0, -5, -19.7644, 0
9.969, 0, -5, -19.7644, 0
9.98, 0, -5, -19.7644, 0
9.991, 0, -5, -19.7644, 0
10.001, 0, -5, -19.7644, 0
10.012, 0, -5, -19.7644, 0
10.022, 0, -5, -19.7644, 0
10.032, 0, -5, -19.7644, 0
10.043, 0, -5, -19.7644, 0
10.053, 0, -5, -19.7644, 0
10.064, 0, -5, -19.7644, 0
10.074, 0, -5, -19.7644, 0
10.085, 0, -5, -19.7644, 0
10.096, 0, -5, -19.7644, 0
10.107, 0, -5, 0.478723, 0
10.117, 0, -5, 0.478723, 0
10.128, 0, -5, 0.478723, 0
10.139, 0, -5, 0.478723, 0
10.149, 0, -5, 0.478723, 0
10.16, 0, -5, 0.478723, 0
10.171, 0, -5, 0.478723, 0
10.182, 0, -5, 0.478723, 0
10.192, 0, -5, 0.478723, 0
10.204, 0, -5, 0.478723, 0
10.215, 0, -5, 0.478723, 0
10.225, 0, -5, 0.478723, 0
10.236, 0, -5, 0.478723, 0
10.246, 0, -5, 0.478723, 0
10.257, 0, -5, 0.478723, 0
10.268, 0, -5, 0.478723, 0
10.278, 0, -5, 0.478723, 0
10.289, 0, -5, 0.478723, 0
10.3, 0, -5, 0.478723, 0
10.311, 0, -5, 0.478723, 0
10.321, 0, -5, 0.478723, 0
10.331, 0, -5, 0.478723, 0
10.342, 0, -5, 0.478723, 0
10.352, 0, -5, 0.478723, 0
10.363, 0, -5, 0.478723, 0
10.374, 0, -5, 0.478723, 0
10.384, 0, -5, 0.478723, 0
10.395, 0, -5, 0.478723, 0
10.406, 0, -5, 0.478723, 0
10.416, 0, -5, 0.478723, 0
10.427, 0, -5, 0.478723, 0
10.438, 0, -5, 0.478723, 0
10.448, 0, -5, 0.478723, 0
10.459, 0, -5, 0.478723, 0
10.469, 0, -5, 0.478723, 0
10.48, 0, -5, 0.478723, 0
10.49, 0, -5, 0.478723, 0
10.501, 0, -5, 0.478723, 0
10.511, 0, -5, 0.478723, 0
10.522, 0, -5, 0.478723, 0
10.532, 0, -5, 0.478723, 0
10.542, 0, -5, 0.478723, 0
10.553, 0, -5, 0.478723, 0
10.564, 0, -5, 0.478723, 0
10.575, 0, -5, 0.478723, 0
10.585, 0, -5, 0.478723, 0
10.596, 0, -5, 0.478723, 0
10.607, 0, -5, 0.478723, 0
10.617, 0, -5, 0.478723, 0
10.627, 0, -5, 0.478723, 0
10.638, 0, -5, 0.478723, 0
10.648, 0, -5, 0.478723, 0
10.659, 0, -5, 0.478723, 0
10.669, 0, -5, 0.478723, 0
10.68, 0, -5, 0.478723, 0
10.69, 0, -5, 0.478723, 0
10.701, 0, -5, 0.478723, 0
10.711, 0, -5, 0.478723, 0
10.722, 0, -5, 0.478723, 0
10.732, 0, -5, 0.478723, 0
10.743, 0, -5, 0.478723, 0
10.753, 0, -5, 0.478723, 0
10.764, 0, -5, 0.478723, 0
10.774, 0, -5, 0.478723, 0
10.785, 0, -5, 0.478723, 0
10.796, 0, -5, 0.478723, 0
10.806, 0, -5, 0.478723, 0
10.817, 0, -5, 0.478723, 0
10.827, 0, -5, 0.478723, 0
10.837, 0, -5, 0.478723, 0
10.847, 0, -5, 0.478723, 0
10.858, 0, -5, 0.478723, 0
10.868, 0, -5, 0.478723, 0
10.878, 0, -5, 0.478723, 0
10.889, 0, -5, 0.478723, 0
10.899, 0, -5, 0.478723, 0
10.909, 0, -5, 0.478723, 0
10.92, 0, -5, 0.478723, 0
10.93, 0, -5, 0.478723, 0
10.94, 0, -5, 0.478723, 0
10.951, 0, -5, 0.478723, 0
10.961, 0, -5, 0.478723, 0
10.973, 0, -5, 0.478723, 0
10.983, 0, -5, 0.478723, 0
10.994, 0, -5, 0.478723, 0
11.005, 0, -5, 0.478723, 0
11.016, 0, -5, 0.478723, 0
11.027, 0, -5, 0.478723, 0
11.037, 0, -5, 0.478723, 0
11.047, 0, -5, 0.478723, 0
11.058, 0, -5, 0.478723, 0
11.068, 0, -5, 0.478723, 0
11.079, 0, -5, 0.478723, 0
11.09, 0, -5, 0.478723, 0
11.1, 0, -5, 0.478723, 0
11.111, 0, -5, 0.478723, 0
11.121, 0, -5, 0.478723, 0
11.132, 0, -5, 0.478723, 0
11.142, 0, -5, 0.478723, 0
11.153, 0, -5, 0.478723, 0
11.164, 0, -5, 0.478723, 0
11.174, 0, -5, 0.478723, 0
11.185, 0, -5, 0.478723, 0
11.195, 0, -5, 0.478723, 0
11.206, 0, -5, 0.478723, 0
11.217, 0, -5, 0.478723, 0
11.227, 0, -5, 0.478723, 0
11.237, 0, -5, 0.478723, 0
11.248, 0, -5, 0.478723, 0
11.258, 0, -5, 0.478723, 0
11.269, 0, -5, 0.478723, 0
11.28, 0, -5, 0.478723, 0
11.291, 0, -5, 0.478723, 0
11.301, 0, -5, 0.478723, 0
11.311, 0, -5, 0.478723, 0
11.322, 0, -5, 0.478723, 0
11.332, 0, -5, 0.478723, 0
11.343, 0, -5, 0.478723, 0
11.353, 0, -5, 0.478723, 0
11.364, 0, -5, 0.478723, 0
11.374, 0, -5, 0.478723, 0
11.385, 0, -5, 0.478723, 0
11.396, 0, -5, 0.478723, 0
11.406, 0, -5, 0.478723, 0
11.417, 0, -5, 0.478723, 0
11.428, 0, -5, 0.478723, 0
11.439, 0, -5, 0.478723, 0
11.449, 0, -5, 0.478723, 0
11.46, 0, -5, 0.478723, 0
11.471, 0, -5, 0.478723, 0
11.481, 0, -5, 0.478723, 0
11.492, 0, -5, 0.478723, 0
11.503, 0, -5, 0.478723, 0
11.513, 0, -5, 0.478723, 0
11.524, 0, -5, 0.478723, 0
11.534, 0, -5, 0.478723, 0
11.544, 0, -5, 0.478723, 0
11.555, 0, -5, 0.478723, 0
11.565, 0, -5, 0.478723, 0
11.576, 0, -5, 0.478723, 0
11.587, 0, -5, 0.478723, 0
11.597, 0, -5, 0.478723, 0
11.608, 0, -5, 0.478723, 0
11.619, 0, -5, 0.478723, 0
11.629, 0, -5, 0.478723, 0
11.642, 0, -5, 0.478723, 0
11.652, 0, -5, 0.478723, 0
11.663, 0, -5, 0.478723, 0
11.673, 0, -5, 0.478723, 0
11.684, 0, -5, 0.478723, 0
11.695, 0, -5, 0.478723, 0
11.706, 0, -5, 0.478723, 0
11.717, 0, -5, 0.478723, 0
11.728, 0, -5, 0.478723, 0
11.738, 0, -5, 0.478723, 0
11.749, 0, -5, 0.478723, 0
11.759, 0, -5, 0.478723, 0
11.769, 0, -5, 0.478723, 0
11.78, 0, -5, 0.478723, 0
11.791, 0, -5, 0.478723, 0
11.928, 0, -5, 0.478723, 0
11.938, 0, -5, 0.478723, 0
11.949, 0, -5, 0.478723, 0
11.959, 0, -5, 0.478723, 0
11.97, 0, -5, 0.478723, 0
11.981, 0, -5, 0.478723, 0
11.991, 0, -5, 0.478723, 0
12.001, 0, -5, 0.478723, 0
12.012, 0, -5, 0.478723, 0
12.023, 0, -5, 0.478723, 0
12.033, 0, -5, 0.478723, 0
12.043, 0, -5, 0.478723, 0
12.054, 0, -5, 0.478723, 0
12.064, 0, -5, 0.478723, 0
12.074, 0, -5, 0.478723, 0
12.085, 0, -5, 0.478723, 0
12.095, 0, -5, 0.478723, 0
12.106, 0, -5, 0.478723, 0
12.116, 0, -5, 0.478723, 0
12.127, 0, -5, 0.478723, 0
12.137, 0, -5, 0.478723, 0
12.147, 0, -5, 0.478723, 0
12.158, 0, -5, 0.478723, 0
12.168, 0, -5, 0.478723, 0
12.179, 0, -5, 0.478723, 0
12.189, 0, -5, 0.478723, 0
12.2, 0, -5, 0.478723, 0
12.21, 0, -5, 0.478723, 0
12.22, 0, -5, 0.478723, 0
12.231, 0, -5, 0.478723, 0
12.241, 0, -5, 0.478723, 0
12.252, 0, -5, 0.478723, 0
12.262, 0, -5, 0.478723, 0
12.272, 0, -5, 0.478723, 0
12.283, 0, -5, 0.478723, 0
12.293, 0, -5, 0.478723, 0
12.304, 0, -5, 0.478723, 0
12.315, 0, -5, 0.478723, 0
12.325, 0, -5, 0.478723, 0
12.336, 0, -5, 0.478723, 0
12.346, 0, -5, 0.478723, 0
12.357, 0, -5, 0.478723, 0
12.367, 0, -5, 0.478723, 0
12.378, 0, -5, 0.478723, 0
12.388, 0, -5, 0.478723, 0
12.399, 0, -5, 0.478723, 0
12.41, 0, -5, 0.478723, 0
12.42, 0, -5, 0.478723, 0
12.431, 0, -5, 0.478723, 0
12.441, 0, -5, 0.478723, 0
12.451, 0, -5, 0.478723, 0
12.462, 0, -5, 0.478723, 0
12.472, 0, -5, 0.478723, 0
12.483, 0, -5, 0.478723, 0
12.493, 0, -5, 0.615502, 0
12.504, 0, -5, 1.02584, 0
12.514, 0, -5, 1.57295, 1860.93
12.525, 0, -5, 2.18845, 574.698
12.536, 0, -5, 2.87234, 0
12.546, 0, -5, 3.48784, 0
12.557, 0, -5, 4.17173, 0
12.568, 0, -5, 4.85562, 0
12.579, 0, -5, 5.47112, 0
12.589, 0, -5, 6.15502, 0
12.6, 0, -5, 6.77052, 0
12.611, 0, -5, 0.615502, 1486.72
12.622, 0, -5, 1.29939, 0
12.632, 0, -5, 1.98328, 0
12.642, 0, -5, 2.66717, 0
12.653, 0, -5, 3.35106, 0
12.663, 0, -5, 4.03495, 0
12.674, 0, -5, 4.65046, 0
12.684, 0, -5, 5.26596, 0
12.694, 0, -5, 5.67629, 0
12.705, 0, -5, 5.67629, 0
12.715, 0, -5, 5.67629, 0
12.726, 0, -5, 5.67629, 12.3231
12.736, 0, -5, 5.67629, 0
12.747, 0, -5, 5.67629, 0
12.757, 0, -5, 5.67629, 0
12.769, 0, -5, 5.67629, 0
12.779, 0, -5, 5.67629, 0
12.79, 0, -5, 5.67629, 0
12.801, 0, -5, 5.67629, 0
12.811, 0, -5, 5.67629, 0
12.822, 0, -5, 5.67629, 0
12.833, 0, -5, 5.67629, 0
12.843, 0, -5, 5.67629, 0
12.854, 0, -5, 5.67629, 0
12.864, 0, -5, 5.67629, 0
12.875, 0, -5, 5.67629, 0
12.886, 0, -5, 5.67629, 0
12.896, 0, -5, 5.67629, 0
12.907, 0, -5, 5.67629, 0
12.917, 0, -5, 5.67629, 0
12.928, 0, -5, 5.67629, 0
12.938, 0, -5, 5.67629, 0
12.949, 0, -5, 5.67629, 0
12.959, 0, -5, 5.67629, 0
12.97, 0, -5, 5.67629, 0
12.98, 0, -5, 5.67629, 0
12.991, 0, -5, 5.67629, 0
13.001, 0, -5, 5.67629, 0
13.012, 0, -5, 5.67629, 0
13.023, 0, -5, 5.67629, 0
13.033, 0, -5, 5.67629, 0
13.043, 0, -5, 5.67629, 0
13.054, 0, -5, 5.67629, 0
13.064, 0, -5, 5.67629, 0
13.075, 0, -5, 5.67629, 0
13.085, 0, -5, 5.67629, 0
13.096, 0, -5, 5.67629, 0
13.107, 0, -5, 5.67629, 0
13.117, 0, -5, 5.67629, 0
13.128, 0, -5, 5.67629, 0
13.138, 0, -5, 5.67629, 0
13.148, 0, -5, 5.67629, 0
13.159, 0, -5, 5.67629, 0
13.169, 0, -5, 5.67629, 0
13.18, 0, -5, 5.67629, 0
13.19, 0, -5, 5.67629, 0
13.201, 0, -5, 5.67629, 0
13.211, 0, -5, 5.67629, 0
13.221, 0, -5, 5.67629, 0
13.232, 0, -5, 5.67629, 0
13.242, 0, -5, 5.67629, 0
13.253, 0, -5, 5.67629, 0
13.263, 0, -5, 5.67629, 0
13.273, 0, -5, 5.74468, 0
13.284, 0, -5, 6.01824, 0
13.294, 0, -5, 6.49696, 0
13.305, 0, -5, 0.273556, 0
13.315, 0, -5, 0.889058, 5329.02
13.326, 0, -5, 1.50456, 0
13.336, 0, -5, 2.12006, 0
13.347, 0, -5, 2.73556, 0
13.357, 0, -5, 3.41945, 0
13.368, 0, -5, 4.03495, 0
13.378, 0, -5, 4.71884, 0
13.389, 0, -5, 5.40274, 0
13.399, 0, -5, 6.08663, 0
13.41, 0, -5, 0, 0
13.42, 0, -5, 0, 0
13.431, 0, -5, 0, 0
13.441, 0, -5, 0, 0
13.451, 0, -5, 0, 0
13.461, 0, -5, 0, 0
13.472, 0, -5, 0, 0
13.482, 0, -5, 0, 0
13.493, 0, -5, 0, 0
13.503, 0, -5, 0, 0
13.513, 0, -5, 0, 0
13.524, 0, -5, 0, 0
13.534, 0, -5, 0, 0
13.545, 0, -5, 0, 0
13.555, 0, -5, 0, 0
13.566, 0, -5, 0, 0
13.576, 0, -5, 0, 0
13.587, 0, -5, 0, 0
13.597, 0, -5, 0, 0
13.607, 0, -5, 0, 0
13.618, 0, -5, 0, 0
13.629, 0, -5, 0, 0
13.639, 0, -5, 0, 0
13.649, 0, -5, 0, 0
13.659, 0, -5, 0, 0
13.67, 0, -5, 0, 0
13.68, 0, -5, 0, 0
13.691, 0, -5, 0, 0
13.701, 0, -5, 0, 0
13.711, 0, -5, 0, 0
13.722, 0, -5, 0, -0.656138
13.732, 0, -5, 0, 0
13.743, 0, -5, 0, 0
13.753, 0, -5, 0, 0
13.763, 0, -5, 0, 0
13.774, 0, -5, 0, 0
13.784, 0, -5, 0, 0
13.794, 0, -5, 0, 0
13.805, 0, -5, 0, 0
13.815, 0, -5, 0, 0
13.826, 0, -5, 0, 0
13.836, 0, -5, 0, 0
13.847, 0, -5, 0, 0
13.857, 0, -5, 0, 0
13.868, 0, -5, 0, 0
13.879, 0, -5, 0, 0
13.889, 0, -5, 0, 0
13.9, 0, -5, 0, 0
13.911, 0, -5, 0, 0
13.922, 0, -5, 0, 0
13.932, 0, -5, 0, 0
13.943, 0, -5, 0, 0
13.953, 0, -5, 0, 0
13.964, 0, -5, 0, 0
13.974, 0, -5, 0, 0
13.985, 0, -5, 0, 0
13.996, 0, -5, 0, 0
14.007, 0, -5, 0, 0
14.018, 0, -5, 0, 0
14.029, 0, -5, 0, 0
14.039, 0, -5, 0, 0
14.05, 0, -5, 0, 0
14.06, 0, -5, 0, 0
14.071, 0, -5, 0, 0
14.081, 0, -5, 0, 0
14.092, 0, -5, 0, 0
14.102, 0, -5, 0, 0
14.113, 0, -5, 0, 0
14.123, 0, -5, 0, 0
14.133, 0, -5, 0, 0
14.144, 0, -5, 0, 0
14.154, 0, -5, 0, 0
14.164, 0, -5, 0, 0
14.175, 0, -5, 0, 0
14.185, 0, -5, 0, 0
14.196, 0, -5, 0, 0
14.206, 0, -5, 0, 0
14.217, 0, -5, 0, 0
14.227, 0, -5, 0, 0
14.237, 0, -5, 0, 0
14.248, 0, -5, 0, 0
14.258, 0, -5, 0, 0
14.269, 0, -5, 0, 0
14.279, 0, -5, 0, 0
14.29, 0, -5, 0, 0
14.3, 0, -5, 0, 0
14.311, 0, -5, 0, 0
14.321, 0, -5, 0, 0
14.332, 0, -5, 0, 0
14.342, 0, -5, 0, 0
14.353, 0, -5, 0, 0
14.363, 0, -5, 0, 0
14.373, 0, -5, 0, 0
14.384, 0, -5, 0, 0
14.394, 0, -5, 0, 0
14.404, 0, -5, 0, 0
14.415, 0, -5, 0, 0
14.425, 0, -5, 0, 0
14.436, 0, -5, 0, 0
14.447, 0, -5, 0, 0
14.457, 0, -5, 0, 0
14.467, 0, -5, 0, 0
14.478, 0, -5, 0, 0
14.488, 0, -5, 0, 0
14.499, 0, -5, 0, 0
14.509, 0, -5, 0, 0
14.52, 0, -5, 0, 0
14.53, 0, -5, 0, 0
14.541, 0, -5, 0, 0
14.551, 0, -5, 0, 0
14.561, 0, -5, 0, 0
14.572, 0, -5, 0, 0
14.582, 0, -5, 0, 0
14.592, 0, -5, 0, 0
14.603, 0, -5, 0, 0
14.614, 0, -5, 0, 0
14.625, 0, -5, 0, 0
14.635, 0, -5, 0, 0
14.646, 0, -5, 0, 0
14.656, 0, -5, 0, 0
14.667, 0, -5, 5.94985, 0
14.678, 0, -5, 5.19757, -245.122
14.689, 0, -5, 4.3769, 0
14.7, 0, -5, 3.62462, 0
14.711, 0, -5, 2.87234, 0
14.722, 0, -5, 2.05167, 3.88985
14.733, 0, -5, 1.36778, 0
14.743, 0, -5, 1.09422, 0
14.754, 0, -5, 1.02584, 0
14.764, 0, -5, 1.02584, 0
14.775, 0, -5, 1.02584, 0
14.785, 0, -5, 1.02584, 0
14.796, 0, -5, 1.02584, 0
14.806, 0, -5, 1.02584, 0
14.817, 0, -5, 1.02584, 0
14.827, 0, -5, 1.02584, 0
14.838, 0, -5, 1.02584, 0
14.848, 0, -5, 1.02584, 0
14.859, 0, -5, 1.02584, 0
14.869, 0, -5, 1.02584, 0
14.88, 0, -5, 1.02584, 0
14.89, 0, -5, 1.02584, 0
14.901, 0, -5, 1.02584, 0
14.912, 0, -5, 1.02584, 0
14.922, 0, -5, 1.02584, 0
14.934, 0, -5, 1.02584, 0
14.944, 0, -5, 1.02584, 0
14.954, 0, -5, 1.02584, 0
14.965, 0, -5, 1.02584, 0
14.975, 0, -5, 1.02584, 0
14.987, 0, -5, 1.02584, 0
14.997, 0, -5, 1.02584, 0
15.008, 0, -5, 0.957447, 0
15.019, 0, -5, 0.478723, 41767.8
15.03, 0, -5, 6.63374, 0
15.04, 0, -5, 5.94985, 0
15.051, 0, -5, 5.12918, 0
15.061, 0, -5, 4.44529, 0
15.072, 0, -5, 3.69301, 0
15.082, 0, -5, 2.94073, 0
15.094, 0, -5, 2.18845, -253.293
15.105, 0, -5, 1.36778, 0
15.115, 0, -5, 0.683891, 0
15.126, 0, -5, 6.77052, -1340.96
15.136, 0, -5, 6.36018, 0
15.147, 0, -5, 6.2234, 0
15.157, 0, -5, 6.2234, 0
15.169, 0, -5, 6.2234, 0
15.179, 0, -5, 6.2234, 0
15.19, 0, -5, 6.2234, 0
15.201, 0, -5, 6.2234, 0
15.212, 0, -5, 6.2234, 0
15.222, 0, -5, 6.2234, 0
15.233, 0, -5, 6.2234, 0
15.244, 0, -5, 6.2234, 0
15.254, 0, -5, 6.2234, 0
15.264, 0, -5, 6.2234, 0
15.275, 0, -5, 6.2234, 0
15.286, 0, -5, 6.2234, 0
15.296, 0, -5, 6.2234, 0
15.307, 0, -5, 6.2234, 0
15.318, 0, -5, 6.2234, 0
15.329, 0, -5, 6.2234, 0
15.34, 0, -5, 6.2234, 0
15.35, 0, -5, 6.2234, 0
15.361, 0, -5, 6.2234, 0
15.372, 0, -5, 6.36018, 0
15.383, 0, -5, 6.77052, -23508.7
15.394, 0, -5, 0.547112, 0
15.405, 0, -5, 1.231, 0
15.415, 0, -5, 1.8465, 455.927
15.426, 0, -5, 2.59878, 2041.46
15.436, 0, -5, 3.21429, 1753.57
15.447, 0, -5, 3.89818, 0
15.457, 0, -5, 4.58207, 0
15.468, 0, -5, 5.19757, 0
15.478, 0, -5, 5.81307, 0
15.489, 0, -5, 6.49696, 0
15.499, 0, -5, 0.273556, 0
15.51, 0, -5, 0.957447, 0
15.521, 0, -5, 1.64134, 4412.2
15.532, 0, -5, 2.32523, 0
15.542, 0, -5, 3.07751, 0
15.552, 0, -5, 3.7614, 0
15.563, 0, -5, 4.44529, 0
15.574, 0, -5, 5.12918, 899.856
15.584, 0, -5, 5.67629, 0
15.595, 0, -5, 5.88146, 0
15.606, 0, -5, 5.88146, 0
15.618, 0, -5, 5.88146, 0
15.629, 0, -5, 5.88146, 0
15.639, 0, -5, 5.88146, 0
15.65, 0, -5, 5.88146, 0
15.66, 0, -5, 5.88146, 0
15.67, 0, -5, 5.88146, 0
15.681, 0, -5, 5.88146, 0
15.692, 0, -5, 5.88146, 0
15.702, 0, -5, 5.88146, 0
15.713, 0, -5, 5.88146, 0
15.724, 0, -5, 5.88146, 0
15.735, 0, -5, 5.74468, -1.12003
15.746, 0, -5, 5.33435, 0
15.756, 0, -5, 4.65046, 0
15.766, 0, -5, 3.96657, 0
15.777, 0, -5, 3.21429, 0
15.787, 0, -5, 2.46201, 0
15.798, 0, -5, 1.70973, 0
15.808, 0, -5, 0.957447, 0
15.819, 0, -5, 0.205167, 0
15.829, 0, -5, 6.2234, -1243.44
15.84, 0, -5, 5.53951, 0
15.85, 0, -5, 4.85562, 0
15.861, 0, -5, 4.10334, 0
15.871, 0, -5, 3.41945, 0
15.882, 0, -5, 2.66717, 0
15.892, 0, -5, 1.98328, 0
15.903, 0, -5, 1.231, 0
15.914, 0, -5, 0.478723, -270.312
15.925, 0, -5, 6.49696, -3529.76
15.936, 0, -5, 5.74468, -1121.13
15.946, 0, -5, 4.9924, -1139.82
15.956, 0, -5, 4.24012, 0
15.967, 0, -5, 3.82979, 0
15.977, 0, -5, 3.69301, 0
15.988, 0, -5, 3.62462, 0
15.998, 0, -5, 3.62462, 0
16.009, 0, -5, 3.62462, 0
16.02, 0, -5, 3.62462, 0
16.031, 0, -5, 3.62462, 0
16.041, 0, -5, 3.62462, 0
16.051, 0, -5, 3.62462, 0
16.062, 0, -5, 3.62462, 0
16.073, 0, -5, 3.62462, 0
16.084, 0, -5, 3.62462, 0
16.095, 0, -5, 3.62462, 0
16.106, 0, -5, 3.62462, 0
16.117, 0, -5, 3.62462, 0
16.128, 0, -5, 3.62462, 0
16.139, 0, -5, 3.62462, 0
16.149, 0, -5, 3.62462, 0
16.16, 0, -5, 3.62462, 0
16.171, 0, -5, 3.62462, 0
16.181, 0, -5, 3.62462, 0
16.191, 0, -5, 3.62462, 0
16.202, 0, -5, 3.62462, 0
16.212, 0, -5, 3.62462, 0
16.223, 0, -5, 3.62462, 0
16.234, 0, -5, 3.62462, 0
16.244, 0, -5, 3.62462, 0
16.254, 0, -5, 3.62462, 0
16.265, 0, -5, 3.62462, 0
16.275, 0, -5, 3.62462, 0
16.286, 0, -5, 3.62462, 0
16.296, 0, -5, 3.62462, 0
16.307, 0, -5, 3.62462, 0
16.318, 0, -5, 3.62462, 0
16.329, 0, -5, 3.62462, 0
16.339, 0, -5, 3.62462, 0
16.349, 0, -5, 3.62462, 0
16.36, 0, -5, 3.62462, 0
16.37, 0, -5, 3.62462, 0
16.38, 0, -5, 3.62462, 0
16.391, 0, -5, 3.62462, 0
16.402, 0, -5, 3.62462, 0
16.412, 0, -5, 3.62462, 0
16.423, 0, -5, 3.62462, 0
16.433, 0, -5, 3.62462, 0
16.444, 0, -5, 3.62462, 0
16.454, 0, -5, 3.62462, 0
16.465, 0, -5, 3.62462, 0
16.475, 0, -5, 3.62462, 0
16.486, 0, -5, 3.62462, 0
16.496, 0, -5, 3.62462, 0
16.507, 0, -5, 3.62462, 0
16.517, 0, -5, 3.62462, 0
16.528, 0, -5, 3.62462, 0
16.539, 0, -5, 3.62462, 0
16.549, 0, -5, 3.62462, 0
16.559, 0, -5, 3.62462, 0
16.57, 0, -5, 3.62462, 0
16.581, 0, -5, 3.62462, 0
16.591, 0, -5, 3.62462, 0
16.602, 0, -5, 3.62462, 0
16.612, 0, -5, 3.62462, 0
16.623, 0, -5, 3.62462, 0
16.634, 0, -5, 3.62462, 0
16.644, 0, -5, 3.62462, 0
16.654, 0, -5, 3.62462, 0
16.665, 0, -5, 3.62462, 0
16.676, 0, -5, 3.62462, 0
16.686, 0, -5, 3.62462, 0
16.697, 0, -5, 3.62462, 0
16.708, 0, -5, 3.62462, 0
16.719, 0, -5, 3.62462, 0
16.729, 0, -5, 3.62462, 0
16.739, 0, -5, 3.62462, 0
16.75, 0, -5, 3.62462, 0
16.761, 0, -5, 3.62462, 0
16.772, 0, -5, 3.62462, 0
16.782, 0, -5, 3.62462, 0
16.792, 0, -5, 3.62462, 0
16.804, 0, -5, 3.62462, 0
16.815, 0, -5, 3.62462, 0
16.826, 0, -5, 3.62462, 0
16.837, 0, -5, 3.7614, 522.054
16.847, 0, -5, 4.24012, 0
16.858, 0, -5, 4.78723, 452.908
16.869, 0, -5, 5.40274, 0
16.879, 0, -5, 6.01824, 0
16.889, 0, -5, 6.63374, 712.386
16.9, 0, -5, 0.478723, 0
16.911, 0, -5, 1.09422, 465.232
16.922, 0, -5, 1.77812, 336.892
16.932, 0, -5, 2.46201, 2457.09
16.943, 0, -5, 3.21429, 0
16.953, 0, -5, 3.82979, 0
16.964, 0, -5, 4.51368, 0
16.975, 0, -5, 5.12918, 0
16.985, 0, -5, 5.81307, 0
16.996, 0, -5, 6.42857, 510.366
17.007, 0, -5, 0.273556, 0
17.018, 0, -5, 1.02584, 0
17.028, 0, -5, 1.70973, 3385.6
17.039, 0, -5, 2.39362, 0
17.05, 0, -5, 3.1459, 0
17.06, 0, -5, 3.82979, 0
17.071, 0, -5, 4.58207, 0
17.081, 0, -5, 5.26596, 0
17.092, 0, -5, 5.94985, 0
17.103, 0, -5, 0, 0
17.113, 0, -5, 0, 0
17.125, 0, -5, 0, 0
17.135, 0, -5, 0, 0
17.146, 0, -5, 0, 0
17.157, 0, -5, 0, 0
17.168, 0, -5, 0, 0
17.178, 0, -5, 0, 0
17.189, 0, -5, 0, 0
17.2, 0, -5, 0, 0
17.211, 0, -5, 0, 0
17.222, 0, -5, 0, 0
17.232, 0, -5, 0, 0
17.243, 0, -5, 0, 0
17.253, 0, -5, 0, 0
17.263, 0, -5, 0, 0
17.274, 0, -5, 0, 0
17.284, 0, -5, 0, 0
17.295, 0, -5, 0, 0
17.305, 0, -5, 0, 0
17.316, 0, -5, 0, 0
17.326, 0, -5, 0, 0
17.337, 0, -5, 0, 0
17.347, 0, -5, 0, 0
17.357, 0, -5, 0, 0
17.368, 0, -5, 0, 0
17.378, 0, -5, 0, 0
17.388, 0, -5, 0, 0
17.399, 0, -5, 0, 0
17.409, 0, -5, 0, 0
17.42, 0, -5, 0, 0
17.431, 0, -5, 0, 0
17.441, 0, -5, 0, 0
17.451, 0, -5, 0, 0
17.462, 0, -5, 0, 0
17.472, 0, -5, 0, 0
17.483, 0, -5, 0, 0
17.493, 0, -5, 0, 0
17.504, 0, -5, 0, 0
17.515, 0, -5, 0, 0
17.526, 0, -5, 0, 0
17.537, 0, -5, 0, 0
17.548, 0, -5, 6.49696, 0
17.558, 0, -5, 5.74468, 0
17.569, 0, -5, 4.9924, 0
17.58, 0, -5, 4.24012, 0
17.591, 0, -5, 3.55623, 0
17.602, 0, -5, 2.80395, 0
17.613, 0, -5, 2.05167, 0
17.624, 0, -5, 1.29939, 0
17.635, 0, -5, 0.547112, -3170.35
17.645, 0, -5, 6.70213, 0
17.656, 0, -5, 5.94985, 0
17.666, 0, -5, 5.19757, 0
17.677, 0, -5, 4.51368, 0
17.687, 0, -5, 3.7614, 0
17.698, 0, -5, 3.00912, 0
17.708, 0, -5, 2.25684, 0
17.719, 0, -5, 1.50456, 0
17.729, 0, -5, 0.683891, 0
17.74, 0, -5, 6.77052, -2930.96
17.751, 0, -5, 5.94985, 14.0299
17.761, 0, -5, 5.19757, 0
17.771, 0, -5, 4.44529, 0
17.782, 0, -5, 3.69301, 0
17.792, 0, -5, 2.94073, 0
17.803, 0, -5, 2.18845, 0
17.813, 0, -5, 1.43617, 0
17.824, 0, -5, 0.683891, 0
17.835, 0, -5, 6.77052, -1388.61
17.847, 0, -5, 6.42857, 0
17.857, 0, -5, 6.29179, 0
17.868, 0, -5, 6.2234, 0
17.878, 0, -5, 6.2234, 0
17.888, 0, -5, 6.2234, 0
17.899, 0, -5, 6.2234, 0
17.909, 0, -5, 6.2234, 0
17.92, 0, -5, 6.2234, 0
17.931, 0, -5, 6.2234, 0
17.941, 0, -5, 6.2234, 0
17.952, 0, -5, 6.2234, 0
17.962, 0, -5, 6.2234, 0
17.973, 0, -5, 6.2234, 0
17.983, 0, -5, 6.2234, 0
17.994, 0, -5, 6.2234, 0
18.004, 0, -5, 6.2234, 0
18.014, 0, -5, 6.2234, 0
18.025, 0, -5, 6.2234, 0
18.035, 0, -5, 6.2234, 0
18.046, 0, -5, 6.2234, 0
18.056, 0, -5, 6.2234, 0
18.066, 0, -5, 6.2234, 0
18.077, 0, -5, 6.2234, 0
18.087, 0, -5, 6.2234, 0
18.097, 0, -5, 6.2234, 0
18.107, 0, -5, 6.36018, 0
18.118, 0, -5, 6.77052, 0
18.128, 0, -5, 0.478723, 0
18.139, 0, -5, 1.02584, 4620.88
18.149, 0, -5, 1.64134, 2072.4
18.159, 0, -5, 2.32523, 0
18.169, 0, -5, 2.94073, 0
18.18, 0, -5, 3.62462, 0
18.19, 0, -5, 4.24012, 0
18.201, 0, -5, 4.85562, 0
18.211, 0, -5, 5.47112, 0
18.222, 0, -5, 6.15502, 0
18.232, 0, -5, 6.77052, 0
18.243, 0, -5, 0.683891, 518.099
18.254, 0, -5, 1.29939, 844.309
18.264, 0, -5, 2.05167, 0
18.275, 0, -5, 2.66717, 155.077
18.286, 0, -5, 3.41945, 214.386
18.297, 0, -5, 4.10334, 0
18.308, 0, -5, 4.78723, 0
18.318, 0, -5, 5.33435, 719.885
18.328, 0, -5, 5.94985, 0
18.339, 0, -5, 6.56535, -15269.8
18.35, 0, -5, 0.410334, 0
18.36, 0, -5, 1.02584, 0
18.371, 0, -5, 1.70973, 0
18.381, 0, -5, 2.39362, 0
18.392, 0, -5, 3.1459, 0
18.403, 0, -5, 3.89818, 0
18.413, 0, -5, 4.58207, 0
18.424, 0, -5, 5.33435, 0
18.434, 0, -5, 6.01824, 0
18.446, 0, -5, 0, 0
18.456, 0, -5, 0, 0
18.466, 0, -5, 0, 0
18.477, 0, -5, 0, 0
18.487, 0, -5, 0, 0
18.497, 0, -5, 0, 0
18.508, 0, -5, 0, 0
18.518, 0, -5, 0, 0
18.529, 0, -5, 0, 0
18.539, 0, -5, 0, 0
18.55, 0, -5, 0, 0
18.56, 0, -5, 0, 0
18.571, 0, -5, 0, 0
18.581, 0, -5, 0, 0
18.592, 0, -5, 0, 0
18.602, 0, -5, 0, 0
18.613, 0, -5, 0, 0
18.623, 0, -5, 0, 0
18.634, 0, -5, 0, 0
18.644, 0, -5, 0, 0
18.654, 0, -5, 0, 0
18.665, 0, -5, 0, 0
18.676, 0, -5, 0, 0
18.687, 0, -5, 0, 0
18.697, 0, -5, 0, 0
18.708, 0, -5, 0, 0
18.719, 0, -5, 0, 0
18.73, 0, -5, 0, 0
18.741, 0, -5, 0, 0
18.751, 0, -5, 0, -14.0762
18.761, 0, -5, 0, 0
18.772, 0, -5, 0, 0
18.782, 0, -5, 0, 0
18.792, 0, -5, 0, 0
18.803, 0, -5, 0, 0
18.813, 0, -5, 0, 0
18.824, 0, -5, 0, 0
18.834, 0, -5, 0, 0
18.845, 0, -5, 0, 0
18.855, 0, -5, 0, 0
18.866, 0, -5, 0, 0
18.876, 0, -5, 0, 0
18.886, 0, -5, 0, 0
18.897, 0, -5, 0, 0
18.907, 0, -5, 0, 0
18.918, 0, -5, 0, 0
18.928, 0, -5, 0, 0
18.939, 0, -5, 0, 0
18.949, 0, -5, 0, 0
18.959, 0, -5, 0, 0
18.97, 0, -5, 0, 0
18.98, 0, -5, 0, 0
18.991, 0, -5, 0, 0
19.001, 0, -5, 0, 0
19.012, 0, -5, 0, 0
19.022, 0, -5, 0, 0
19.033, 0, -5, 0, 0
19.043, 0, -5, 0, 0
19.054, 0, -5, 0, 0
19.064, 0, -5, 0, 0
19.075, 0, -5, 0, 0
19.085, 0, -5, 0, 0
19.095, 0, -5, 0, 0
19.106, 0, -5, 0, 0
19.116, 0, -5, 0, 0
19.126, 0, -5, 0, 0
19.137, 0, -5, 0, 0
19.147, 0, -5, 0, 0
19.158, 0, -5, 0, 0
19.169, 0, -5, 0, 0
19.179, 0, -5, 0, 0
19.189, 0, -5, 0, 0
19.2, 0, -5, 0, 0
19.21, 0, -5, 0, 0
19.221, 0, -5, 0, 0
19.231, 0, -5, 0, 0
19.242, 0, -5, 0, 0
19.252, 0, -5, 0, 0
19.262, 0, -5, 0, 0
19.273, 0, -5, 0, 0
19.283, 0, -5, 0, 0
19.293, 0, -5, 0, 0
19.304, 0, -5, 0, 0
19.314, 0, -5, 0, 0
19.324, 0, -5, 0, 0
19.335, 0, -5, 0, 0
19.345, 0, -5, 0, 0
19.356, 0, -5, 0, 0
19.366, 0, -5, 0, 0
19.377, 0, -5, 0, 0
19.388, 0, -5, 0, 0
19.398, 0, -5, 0, 0
19.409, 0, -5, 0, 0
19.42, 0, -5, 0, 0
19.43, 0, -5, 0, 0
19.441, 0, -5, 0, 0
19.452, 0, -5, 0, 0
19.462, 0, -5, 0, 0
19.473, 0, -5, 0, 0
19.483, 0, -5, 0, 0
19.494, 0, -5, 0, 0
19.504, 0, -5, 0, 0
19.515, 0, -5, 0, 0
19.526, 0, -5, 0, 0
19.537, 0, -5, 0, 0
19.547, 0, -5, 0, 0
19.559, 0, -5, 0, 0
19.569, 0, -5, 0, 0
19.58, 0, -5, 0, 0
19.591, 0, -5, 0, 0
19.601, 0, -5, 0, 0
19.612, 0, -5, 0, 0
19.623, 0, -5, 0, 0
19.634, 0, -5, 0, 0
19.645, 0, -5, 0, 0
19.655, 0, -5, 0, 0
19.666, 0, -5, 0, 0
19.676, 0, -5, 0, 0
19.687, 0, -5, 0, 0
19.697, 0, -5, 0, 0
19.707, 0, -5, 0, 0
19.718, 0, -5, 0, 0
19.728, 0, -5, 0, 0
19.739, 0, -5, 0, 0
19.749, 0, -5, 0, 0
19.76, 0, -5, 0, 0
19.77, 0, -5, 0, 0
19.78, 0, -5, 0, 0
19.791, 0, -5, 0, 0
19.801, 0, -5, 0, 0
19.812, 0, -5, 0, 0
19.822, 0, -5, 0, 0
19.833, 0, -5, 0, 0
19.843, 0, -5, 0, 0
19.854, 0, -5, 0, 0
19.864, 0, -5, 0, 0
19.875, 0, -5, 0, 0
19.885, 0, -5, 0, 0
19.895, 0, -5, 0, 0
19.906, 0, -5, 0, 0
19.916, 0, -5, 0, 0
19.927, 0, -5, 0, 0
19.937, 0, -5, 0, 0
19.948, 0, -5, 0, 0
19.959, 0, -5, 0, 0
19.969, 0, -5, 0, 0
19.979, 0, -5, 0, 0
19.989, 0, -5, 0, 0
20, 0, -5, 0, 0
20.011, 0, -5, 0, 0
20.021, 0, -5, 0, 0
20.031, 0, -5, 0, 0
20.042, 0, -5, 0, 0
20.052, 0, -5, 0, 0
20.063, 0, -5, 0, 0
20.073, 0, -5, 0, 0
20.084, 0, -5, 0, 0
20.094, 0, -5, 0, 0
20.104, 0, -5, 0, 0
20.115, 0, -5, 0, 0
20.125, 0, -5, 0, 0
20.136, 0, -5, 0, 0
20.146, 0, -5, 0, 0
20.157, 0, -5, 0, 0
20.167, 0, -5, 0, 0
20.178, 0, -5, 0, 0
20.188, 0, -5, 0, 0
20.198, 0, -5, 0, 0
20.209, 0, -5, 0, 0
20.219, 0, -5, 0, 0
20.23, 0, -5, 0, 0
20.24, 0, -5, 0, 0
20.251, 0, -5, 0, 0
20.261, 0, -5, 0, 0
20.272, 0, -5, 0, 0
20.282, 0, -5, 0, 0
20.292, 0, -5, 0, 0
20.303, 0, -5, 0, 0
20.313, 0, -5, 0, 0
20.324, 0, -5, 0, 0
20.334, 0, -5, 0, 0
20.344, 0, -5, 0, 0
20.355, 0, -5, 0, 0
20.365, 0, -5, 0, 0
20.376, 0, -5, 0, 0
20.386, 0, -5, 0, 0
20.396, 0, -5, 0, 0
20.407, 0, -5, 0, 0
20.417, 0, -5, 0, 0
20.427, 0, -5, 0, 0
20.438, 0, -5, 0, 0
20.448, 0, -5, 0, 0
20.459, 0, -5, 0, 0
20.469, 0, -5, 0, 0
20.479, 0, -5, 0, 0
20.49, 0, -5, 0, 0
20.5, 0, -5, 0, 0
20.511, 0, -5, 0, 0
20.521, 0, -5, 0, 0
20.532, 0, -5, 6.29179, 0
20.542, 0, -5, 5.67629, 0
20.553, 0, -5, 5.06079, -2206.1
20.563, 0, -5, 4.44529, 0
20.574, 0, -5, 3.82979, 0
20.584, 0, -5, 3.55623, 0
20.595, 0, -5, 3.55623, 0
20.605, 0, -5, 3.55623, 0
20.616, 0, -5, 3.55623, 0
20.627, 0, -5, 3.55623, 0
20.638, 0, -5, 3.55623, 0
20.648, 0, -5, 3.55623, 0
20.659, 0, -5, 3.55623, 0
20.67, 0, -5, 3.55623, 0
20.68, 0, -5, 3.55623, 0
20.691, 0, -5, 3.55623, 0
20.702, 0, -5, 3.55623, 0
20.712, 0, -5, 3.55623, 0
20.723, 0, -5, 3.55623, 0
20.733, 0, -5, 3.55623, 0
20.744, 0, -5, 3.55623, 0
20.756, 0, -5, 3.55623, 0
20.766, 0, -5, 3.55623, 0
20.777, 0, -5, 3.55623, 0
20.788, 0, -5, 3.55623, 0
20.798, 0, -5, 3.55623, 0
20.809, 0, -5, 3.55623, 0
20.82, 0, -5, 3.55623, 0
20.83, 0, -5, 3.55623, 0
20.841, 0, -5, 3.55623, 0
20.851, 0, -5, 3.55623, 0
20.862, 0, -5, 3.55623, 0
20.872, 0, -5, 3.55623, 0
20.883, 0, -5, 3.55623, 0
20.893, 0, -5, 3.55623, 0
20.904, 0, -5, 3.55623, 0
20.914, 0, -5, 3.55623, 0
20.925, 0, -5, 3.55623, 0
20.935, 0, -5, 3.55623, 0
20.946, 0, -5, 3.55623, 0
20.956, 0, -5, 3.55623, 0
20.967, 0, -5, 3.55623, 0
20.977, 0, -5, 3.55623, 0
20.988, 0, -5, 3.55623, 0
20.998, 0, -5, 3.55623, 0
21.008, 0, -5, 3.55623, 0
21.02, 0, -5, 3.55623, 0
21.03, 0, -5, 3.55623, 0
21.041, 0, -5, 3.55623, 0
21.051, 0, -5, 3.55623, 0
21.062, 0, -5, 3.55623, 0
21.073, 0, -5, 3.55623, 0
21.083, 0, -5, 3.55623, 0
21.093, 0, -5, 3.55623, 0
21.104, 0, -5, 3.55623, 0
21.114, 0, -5, 3.55623, 0
21.125, 0, -5, 3.55623, 0
21.136, 0, -5, 3.55623, 0
21.147, 0, -5, 3.55623, 0
21.157, 0, -5, 3.55623, 0
21.168, 0, -5, 3.55623, 0
21.178, 0, -5, 3.55623, 0
21.189, 0, -5, 3.55623, 0
21.2, 0, -5, 3.55623, 0
21.21, 0, -5, 3.55623, 0
21.221, 0, -5, 3.55623, 0
21.231, 0, -5, 3.55623, 0
21.242, 0, -5, 3.55623, 0
21.253, 0, -5, 3.55623, 0
21.264, 0, -5, 3.55623, 0
21.275, 0, -5, 3.55623, 0
21.285, 0, -5, 3.55623, 0
21.296, 0, -5, 3.55623, 0
21.306, 0, -5, 3.55623, 0
21.317, 0, -5, 3.55623, 0
21.327, 0, -5, 3.55623, 0
21.337, 0, -5, 3.55623, 0
21.348, 0, -5, 3.55623, 0
21.359, 0, -5, 3.55623, 0
21.369, 0, -5, 3.55623, 0
21.38, 0, -5, 3.55623, 0
21.39, 0, -5, 3.55623, 0
21.401, -0, -5, 3.55623, 0
