0, 0, 0, 0, 0
0.018, 1, 360, 0.273556, 0
0.03, 1, 360, 0.820669, 58.154
0.043, 1, 360, 1.57295, 125.255
0.055, 1, 360, 2.46201, 62.1154
0.068, 1, 360, 3.28267, 182.047
0.08, 1, 360, 4.17173, 388.574
0.093, 1, 360, 5.12918, 78.7892
0.106, 1, 360, 6.36018, 0
0.119, 1, 360, 7.31763, 0
0.131, 1, 360, 8.20669, 59.3655
0.143, 1, 360, 9.09574, 124.118
0.156, 1, 360, 10.1216, 61.5563
0.168, 1, 360, 11.079, 61.0072
0.181, 1, 360, 12.0365, 118.32
0.194, 1, 360, 12.31, 71.4619
0.207, 1, 360, 14.1565, 40.8781
0.22, 1, 360, 15.2508, 39.4856
0.234, 1, 360, 16.345, 121.689
0.248, 1, 360, 17.4392, 230.266
0.262, 1, 360, 18.6018, 1354.24
0.279, 1, 360, 19.9012, 37.494
0.293, 1, 360, 21.0638, 60.7093
0.308, 1, 360, 22.1581, 62.57
0.322, 1, 360, 23.2523, 87.7908
0.336, 1, 360, 24.3465, 242.73
0.35, 1, 360, 25.8511, 90.4617
0.388, 1, 360, 28.7918, -4979.07
0.433, 1, 360, 32.0745, 93.1731
0.448, 1, 360, 33.3055, 85.0875
0.465, 1, 360, 34.81, 40.9025
0.482, 1, 360, 36.2462, 75.4846
0.503, 1, 360, 38.0243, 37.8258
0.523, 1, 360, 39.6657, 81.1643
0.545, 1, 360, 41.0334, 91.3478
0.559, 1, 360, 42.2644, 59.9116
0.574, 1, 360, 43.2903, 32.3812
0.588, 1, 360, 44.5213, 124.231
0.601, 1, 360, 45.6155, 58.5022
0.615, 1, 360, 46.5729, 61.1162
0.628, 1, 360, 47.804, 30.4764
0.643, 1, 360, 48.8982, 59.3913
0.658, 1, 360, 49.9924, 61.212
0.675, 1, 360, 51.2918, 40.5148
0.689, 1, 360, 52.4544, 62.059
0.702, 1, 360, 53.4802, 122.561
0.715, 1, 360, 54.5745, 220.61
0.73, 1, 360, 55.7371, 32.5198
0.744, 1, 360, 56.8313, 56.8015
0.759, 1, 360, 57.9255, 33.524
0.772, 1, 360, 59.0881, 31.0014
0.787, 1, 360, 60.1824, 59.6243
0.8, 1, 360, 61.2082, 121.797
0.814, 1, 360, 62.3024, 0
0.826, 1, 360, 63.2599, 102.302
0.84, 1, 360, 64.3541, 62.4843
0.854, 1, 360, 65.1748, 99.4027
0.867, 1, 360, 66.1322, 2206.1
0.879, 1, 360, 67.4316, 0
0.894, 1, 360, 68.5942, 120.936
0.907, 1, 360, 69.6884, 62.8287
0.922, 1, 360, 70.7143, 61.6118
0.934, 1, 360, 71.7401, 94.3731
0.949, 1, 360, 72.9027, 36.6305
0.962, 1, 360, 73.997, 0
0.977, 1, 360, 75.1596, 122.561
0.99, 1, 360, 76.459, 74.7421
1.011, 1, 360, 78.2371, 61.6118
1.029, 1, 360, 79.6733, 66.3167
1.051, 1, 360, 5.88146, 65371.9
1.067, 1, 360, 82.272, 60.6286
1.082, 1, 360, 83.503, 113.227
1.095, 1, 360, 84.734, 562.873
1.111, 1, 360, 85.8967, 174.314
1.125, 1, 360, 87.3328, 77.7502
1.148, 1, 360, 88.8374, 30.7367
1.162, 1, 360, 90.1368, 61.1709
1.179, 1, 360, 91.7781, 89.3585
1.2, 1, 360, 93.0091, 87.7908
1.215, 1, 360, 94.5821, 86.2772
1.235, 1, 360, 95.9498, 115.718
1.251, 1, 360, 97.0441, 69.799
1.269, 1, 360, 98.5486, 94.9848
1.288, 1, 360, 100.464, 46.9705
1.309, 1, 360, 101.763, 59.7284
1.323, 1, 360, 102.857, 63.8255
1.337, 1, 360, 103.951, 115.327
1.35, 1, 360, 105.046, 0
1.366, 1, 360, 106.277, 119.249
1.379, 1, 360, 107.371, 91.1449
1.394, 1, 360, 108.602, 59.2883
1.409, 1, 360, 109.764, 57.5181
1.424, 1, 360, 110.995, 60.8444
1.438, 1, 360, 112.021, 59.6243
1.451, 1, 360, 113.047, 114.811
1.466, 1, 360, 114.141, 91.6743
1.481, 1, 360, 115.372, 60.0431
1.495, 1, 360, 116.877, 0
1.518, 1, 360, 118.655, 58.6024
1.535, 1, 360, 119.681, 93.152
1.556, 1, 360, 122.143, 91.8385
1.581, 1, 360, 123.716, 169.09
1.602, 1, 360, 125.426, 83.0771
1.624, 1, 360, 127.272, 79.8481
1.648, 1, 360, 129.119, 88.541
1.67, 1, 360, 130.623, 90.5815
1.689, 1, 360, 132.401, 74.4492
1.712, 1, 360, 133.769, 68.7465
1.73, 1, 360, 135.684, -35.3889
1.752, 1, 360, 135.684, 81.4964
1.773, 1, 360, 139.514, 66.1883
1.8, 1, 360, 140.95, 59.5464
1.815, 1, 360, 142.044, 91.8796
1.829, 1, 360, 143.207, 341.093
1.842, 1, 360, 144.574, 68.103
1.864, 1, 360, 146.421, 88.4036
1.887, 1, 360, 147.857, 84.7098
1.906, 1, 360, 149.704, 63.0314
1.927, 1, 360, 151.208, 117.305
1.943, 1, 360, 152.302, 81.9521
1.959, 1, 360, 153.739, 91.3072
1.975, 1, 360, 155.038, 88.7209
1.996, 1, 360, 156.953, 61.8066
2.015, 1, 360, 158.457, 120.509
2.033, 1, 360, 160.304, 110.275
2.059, 1, 360, 163.04, 66.682
2.095, 1, 360, 165.843, 77.7896
2.136, 1, 360, 168.237, 81.3187
2.165, 1, 360, 174.05, 77.0948
2.237, 1, 360, 176.512, 68.1437
2.261, 1, 360, 179.384, 75.0868
2.308, 1, 360, 185.471, 82.4603
2.377, 1, 360, 187.865, 84.1859
2.412, 1, 360, 191.626, 77.4913
2.454, 1, 360, 194.635, 78.1207
2.496, 1, 360, 198.055, 81.7841
2.532, 1, 360, 204.552, 79.6081
2.618, 1, 360, 209.681, 77.6266
2.68, 1, 360, 212.074, 81.1247
2.698, 1, 360, 215.22, 589.561
2.749, 1, 360, 217.888, 80.4104
2.774, 1, 360, 219.734, 0
2.79, 1, 360, 221.717, 79.2274
2.818, 1, 360, 223.495, 181.886
2.84, 1, 360, 225.342, 32.5198
2.859, 1, 360, 226.71, 89.534
2.88, 1, 360, 228.556, 94.1998
2.899, 1, 360, 229.992, 60.4678
2.916, 1, 360, 231.429, 0
2.939, 1, 360, 233.207, 79.8192
2.961, 1, 360, 235.464, 87.8472
2.989, 1, 360, 237.242, 91.7974
3.008, 1, 360, 238.541, 61.8626
3.023, 1, 360, 239.772, 71.4246
3.04, 1, 360, 241.345, 0
3.062, 1, 360, 242.85, 59.9116
3.077, 1, 360, 244.354, 75.6516
3.099, 1, 360, 246.132, 102.918
3.118, 1, 360, 247.295, 89.5927
3.137, 1, 360, 248.936, 121.797
3.154, 1, 360, 250.509, 59.2626
3.179, 1, 360, 252.287, 89.4169
3.201, 1, 360, 254.339, 61.6118
3.219, 1, 360, 255.775, 205.858
3.249, 1, 360, 258.237, 83.0468
3.269, 1, 360, 259.673, 1.13936e+08
3.289, 1, 360, 261.041, 0
3.303, 1, 360, 262.204, 97.0058
3.318, 1, 360, 263.366, 59.4171
3.332, 1, 360, 264.46, 663.971
3.347, 1, 360, 265.623, 47.0999
3.36, 1, 360, 266.717, 60.1487
3.375, 1, 360, 267.88, 61.4457
3.39, 1, 360, 268.974, 61.8066
3.403, 1, 360, 270.479, 61.6673
3.422, 1, 360, 271.983, 70.7961
3.442, 1, 360, 273.967, 128.551
3.471, 1, 360, 275.813, 54.4716
3.49, 1, 360, 277.249, 80.7109
3.511, 1, 360, 279.096, 0
3.531, 1, 360, 280.6, 82.4163
3.552, 1, 360, 282.378, 77.0147
3.571, 1, 360, 283.883, 110.931
3.591, 1, 360, 285.319, 30.654
3.606, 1, 360, 286.413, 61.723
3.62, 1, 360, 287.508, 102.445
3.639, 1, 360, 289.354, 86.6415
3.659, 1, 360, 290.653, 55.2416
3.676, 1, 360, 292.226, 81.1066
3.698, 1, 360, 294.073, 75.418
3.72, 1, 360, 295.851, 128.029
3.742, 1, 360, 297.561, 76.4807
3.765, 1, 360, 299.339, 71.2386
3.787, 1, 360, 301.185, -2104.28
3.805, 1, 360, 302.28, 396.927
3.822, 1, 360, 304.058, 84.1194
3.845, 1, 360, 305.562, 79.9685
3.863, 1, 360, 307.067, 60.5481
3.878, 1, 360, 308.298, 66.9824
3.898, 1, 360, 310.213, 35.4164
3.918, 1, 360, 311.581, 0
3.935, 1, 360, 312.743, 93.0042
3.95, 1, 360, 314.316, 85.4685
3.973, 1, 360, 316.231, 77.7325
4.001, 1, 360, 318.009, 78.7439
4.018, 1, 360, 319.445, 118.116
4.034, 1, 360, 321.292, 81.8051
4.059, 1, 360, 322.66, 119.561
4.072, 1, 360, 324.164, 80.4998
4.096, 1, 360, 325.669, 87.1198
4.112, 1, 360, 327.515, 90.6055
4.136, 1, 360, 328.951, 62.1436
4.151, 1, 360, 330.114, 61.1162
4.164, 1, 360, 331.892, 87.866
4.191, 1, 360, 332.371, 0
4.202, 1, 360, 334.081, 124.684
4.215, 1, 360, 335.038, 93.984
4.227, 1, 360, 336.201, 59.6243
4.241, 1, 360, 337.295, 92.376
4.257, 1, 360, 338.731, 65.9489
4.278, 1, 360, 340.509, 73.159
4.3, 1, 360, 342.356, 41.3977
4.32, 1, 360, 343.929, 77.8387
4.343, 1, 360, 345.433, 92.0445
4.357, 1, 360, 347.074, 89.7494
4.379, 1, 360, 348.374, 52.3653
4.407, 1, 360, 350.904, 29.402
4.424, 1, 360, 351.93, 96.1421
4.441, 1, 360, 353.708, 0
4.464, 1, 360, 355.144, 79.9249
4.48, 1, 360, 356.922, 86.154
4.503, 1, 360, 358.359, 83.4861
4.522, 1, 360, 359.932, 52.2453
4.536, 1, 360, 360.957, 39.8538
4.549, 1, 360, 361.573, 0
4.565, 1, 360, 361.094, -129.361
4.58, 1, 360, 360.205, -57.5665
4.594, 1, 360, 359.179, 0
4.609, 1, 360, 358.29, -61.2257
4.622, 1, 360, 358.29, 0
4.635, 1, 360, 358.906, 33.4584
4.648, 1, 360, 359.795, 92.6681
4.663, 1, 360, 360.821, 79.0625
4.677, 1, 360, 361.573, 0
4.693, 1, 360, 361.231, 21.7298
4.706, 1, 360, 360.479, 0
4.719, 1, 360, 359.521, -49.919
4.733, 1, 360, 358.632, -31.1709
4.748, 1, 360, 358.564, 0
4.758, 1, 360, 359.111, 61.4457
4.771, 1, 360, 359.726, 246.004
4.783, 1, 360, 360.616, 888.17
4.796, 1, 360, 361.641, 0
4.81, 1, 360, 361.641, -112.946
4.824, 1, 360, 360.889, 0
4.839, 1, 360, 360, -32.6908
4.852, 1, 360, 358.906, -62.6847
4.867, 1, 360, 358.359, 0
4.88, 1, 360, 358.837, 61.3355
4.896, 1, 360, 359.726, 236.64
4.91, 1, 360, 360.752, 72.3311
4.927, 1, 360, 362.257, -20.8186
4.954, 1, 360, 361.368, -64.8483
4.978, 1, 360, 360.068, -197.087
4.992, 0.367781, 360, 358.974, -60.0431
5.006, 1, 360, 358.701, 0
5.021, 1, 360, 359.521, 49.4677
5.042, 1, 360, 360.752, 66.2043
5.058, 1, 360, 361.915, 0
5.073, 1, 360, 361.983, -30.8754
5.096, 1, 360, 361.026, -82.1737
5.117, 1, 360, 359.658, -92.1685
5.133, 1, 360, 358.153, -25.2265
5.153, 1, 360, 358.085, 35.2339
5.17, 1, 360, 359.179, 53.0971
5.198, 1, 360, 361.299, 15.1303
5.224, 1, 360, 361.163, -66.2845
5.247, 1, 360, 360.137, -76.9281
5.263, 1, 360, 358.701, -107.699
5.28, 1, 360, 358.359, 42.3025
5.301, 1, 360, 359.658, 59.3397
5.325, 1, 360, 361.163, 66.2043
5.345, 1, 360, 361.778, -39.4287
5.366, 1, 360, 360.821, -61.6395
5.382, 1, 360, 359.726, -69.4446
5.402, 1, 360, 358.29, 0
5.423, 1, 360, 358.29, 1848.35
5.435, 1, 360, 360.205, 0
5.463, 1, 360, 361.915, 33.3361
5.484, 1, 360, 361.915, -59.143
5.501, 1, 360, 361.641, -75.5423
5.542, 1, 360, 356.922, 30.8267
5.59, 1, 360, 358.495, 80.1077
5.656, 1, 360, 362.257, 16.2444
5.679, 1, 360, 362.052, -48.6524
5.702, 1, 360, 360.957, -62.9299
5.72, 1, 360, 359.043, -71.4321
5.746, 1, 360, 358.427, 61.0617
5.765, 1, 360, 359.453, 84.5144
5.787, 1, 360, 361.094, 74.3359
5.806, 1, 360, 361.641, -40.2762
5.829, 1, 360, 360.137, -60.8444
5.855, 1, 360, 358.427, 0
5.885, 1, 360, 358.906, 69.1497
5.907, 1, 360, 360.479, 78.3919
5.935, 1, 360, 361.436, -31.0436
5.952, 1, 360, 360.752, -61.501
5.965, 1, 360, 359.795, -318.682
5.982, 1, 360, 358.632, -60.7903
5.996, 1, 360, 358.564, 144.586
6.011, 1, 360, 359.384, 30.5308
6.026, 1, 360, 360.274, 0
6.04, 1, 360, 361.299, 6.59511
6.052, 1, 360, 361.641, -31.0154
6.068, 1, 360, 360.684, -68.2072
6.094, 1, 360, 359.111, -69.5859
6.114, 1, 360, 358.632, 0
6.142, 1, 360, 360.274, 79.9124
6.167, 1, 360, 361.847, 0
6.188, 1, 360, 361.163, -69.5895
6.224, 1, 360, 358.632, 63.3552
6.276, 1, 360, 360.889, 51.7315
6.3, 1, 360, 361.094, -42.9669
6.322, 1, 360, 359.726, 0
6.337, 1, 360, 359.179, 0
6.35, 1, 360, 359.316, 155.784
6.364, 1, 360, 360.068, 57.6758
6.383, 1, 360, 361.641, 97.1435
6.401, 1, 360, 361.641, -62.6417
6.423, 1, 360, 359.658, -77.6877
6.463, 1, 360, 357.333, -28.7228
6.483, 1, 360, 1.64134, 0
6.497, 1, 360, 357.948, 33.3768
6.511, 1, 360, 358.906, 58.3151
6.528, 1, 360, 360.547, 70.3591
6.549, 0.316109, 360, 361.573, 46.46
6.566, 1, 360, 361.436, -60.2149
6.585, 1, 360, 360.274, -104.172
6.6, 1, 360, 359.179, -70.4316
6.62, 1, 360, 358.29, 54.8209
6.645, 1, 360, 359.248, 183.349
6.658, 1, 360, 360.274, 58.5774
6.673, 0.281915, 360, 361.299, 36.2614
6.687, 1, 360, 361.641, 0
6.7, 1, 360, 361.094, 0
6.715, 1, 360, 360.205, -627.946
6.728, 1, 360, 359.316, 7.3509
6.741, 1, 360, 358.495, -4274.32
6.752, 1, 360, 358.085, 0
6.766, 1, 360, 358.632, 30.7643
6.78, 1, 360, 358.701, 181927
6.792, 1, 360, 360.342, 119.771
6.805, 1, 360, 361.163, 0
6.82, 1, 360, 361.163, -180.923
6.831, 1, 360, 360.342, -59.5205
6.845, 1, 360, 359.521, 0
6.858, 1, 360, 358.495, -113.415
6.872, 1, 360, 358.153, 0
6.886, 1, 360, 358.837, 31.2564
6.901, 1, 360, 359.658, 0
6.914, 1, 360, 360.752, 30.9873
6.929, 1, 360, 361.573, 0
6.943, 1, 360, 361.368, -31.0154
6.957, 1, 360, 360.616, -60.8173
6.972, 1, 360, 359.658, -62.6273
6.985, 1, 360, 358.29, -25.6331
7.006, 1, 360, 358.222, 35.2885
7.023, 1, 360, 359.248, 71.8523
7.044, 1, 360, 360.547, 94.3297
7.064, 1, 360, 362.53, 60.8444
7.082, 1, 360, 362.53, -53.4661
7.111, 1, 360, 360.274, -80.4199
7.152, 0.281915, 360, 358.222, 0
7.17, 1, 360, 358.495, 62.4273
7.184, 1, 360, 359.453, 79.154
7.205, 1, 360, 361.163, 60.4411
7.228, 1, 360, 361.778, -49.5573
7.249, 1, 360, 360.547, -65.236
7.27, 1, 360, 359.384, -93.2154
7.285, 1, 360, 358.359, 0
7.305, 1, 360, 358.837, 361.847
7.319, 1, 360, 359.726, 81.174
7.336, 0.658055, 360, 361.231, 13.3703
7.359, 1, 360, 361.163, -59.3655
7.377, 1, 360, 360.137, -444.36
7.399, 1, 360, 358.632, -29.2136
7.419, 1, 360, 358.837, 65.0395
7.441, 1, 360, 360.342, 121.257
7.463, 1, 360, 361.436, 85.0082
7.48, 1, 360, 361.847, -61.501
7.502, 1, 360, 361.026, -56.0796
7.519, 1, 360, 359.932, -91.3072
7.534, 1, 360, 358.769, -54.5911
7.551, 1, 360, 358.29, 302.606
7.574, 1, 360, 359.179, 90.3025
7.588, 1, 360, 360.752, 73.0262
7.611, 1, 360, 362.188, 28.6686
7.632, 1, 360, 361.915, -39.7726
7.655, 1, 360, 360.752, -78.6986
7.674, 1, 360, 358.974, -71.4868
7.695, 1, 360, 358.359, 46.7777
7.712, 1, 360, 359.179, 66.3488
7.733, 1, 360, 359.59, 61.9466
7.747, 1, 360, 361.436, 30.1872
7.765, 1, 360, 361.505, -61.8066
7.784, 1, 360, 360.684, -51.1894
7.797, 1, 360, 359.726, -62.5128
7.812, 0.24772, 360, 358.632, -93.8551
7.827, 1, 360, 358.29, 0
7.841, 1, 360, 358.906, 39.6229
7.855, 1, 360, 359.795, 62.1719
7.868, 1, 360, 360.752, 62.2851
7.883, 1, 360, 361.573, 0
7.896, 1, 360, 361.299, -719.885
7.91, 1, 360, 360.547, -51.4978
7.924, 1, 360, 359.658, 0
7.939, 1, 360, 358.495, -121.473
7.953, 1, 360, 358.153, 31.0859
7.967, 1, 360, 358.974, 64.6399
7.989, 1, 360, 360.205, 61.0889
8.004, 1, 360, 361.299, 61.8906
8.018, 1, 360, 362.462, 30.9733
8.035, 1, 360, 362.394, -41.6245
8.055, 1, 360, 361.094, -74.8239
8.075, 1, 360, 359.658, 8.07951e+08
8.102, 1, 360, 358.701, 29.5417
8.122, 1, 360, 359.863, 84.0935
8.148, 1, 360, 361.573, 31.4867
8.169, 1, 360, 361.026, -159.974
8.221, 1, 360, 358.359, 0
8.244, 1, 360, 359.179, 0
8.261, 1, 360, 360.342, 120.297
8.278, 1, 360, 361.641, 365.717
8.295, 1, 360, 361.915, -46.7564
8.315, 1, 360, 360.547, -74.5791
8.336, 1, 360, 359.248, -90.223
8.353, 1, 360, 357.88, -28.225
8.374, 1, 360, 358.085, 58.842
8.398, 1, 360, 359.248, 76.635
8.415, 1, 360, 361.026, 87.0754
8.438, 1, 360, 361.505, -32.7926
8.46, 1, 360, 360.616, -61.0072
8.475, 1, 360, 359.248, -60.8985
8.494, 1, 360, 357.812, -28.3126
8.516, 1, 360, 357.675, 30.49
8.531, 1, 360, 358.701, 82.2379
8.553, 1, 360, 360.274, 87.9037
8.572, 1, 360, 361.436, 76.7554
8.591, 1, 360, 362.257, -73.7269
8.62, 1, 360, 358.29, 37.4324
8.668, 1, 360, 358.359, 29.1017
8.687, 1, 360, 359.179, 115.327
8.702, 1, 360, 360.274, 77.1015
8.717, 1, 360, 361.299, 61.9466
8.73, 1, 360, 361.505, -30.8615
8.745, 1, 360, 360.889, -73.3002
8.758, 1, 360, 360, -69.0799
8.771, 1, 360, 359.111, -61.6118
8.783, 1, 360, 358.359, 0
8.796, 1, 360, 358.427, 59.8329
8.808, 1, 360, 358.974, 112.76
8.821, 1, 360, 359.726, 185.169
8.833, 1, 360, 360.616, 181.886
8.846, 1, 360, 361.505, 0
8.858, 1, 360, 361.641, -64.0947
8.871, 1, 360, 361.026, -61.2257
8.883, 1, 360, 360.274, 0
8.896, 1, 360, 359.384, -120.403
8.908, 1, 360, 358.495, -103.151
8.921, 1, 360, 358.017, 0
8.933, 1, 360, 358.29, 123.113
8.946, 1, 360, 358.906, 0
8.958, 1, 360, 360, 0
8.973, 1, 360, 361.094, 522.054
8.986, 1, 360, 361.778, 0
9.001, 1, 360, 361.368, 0
9.014, 1, 360, 360.616, -61.1709
9.03, 1, 360, 359.521, -75.7354
9.045, 1, 360, 358.495, -60.9528
9.058, 1, 360, 358.222, 0
9.071, 1, 360, 358.701, 124.118
9.084, 1, 360, 359.521, 120.297
9.098, 1, 360, 360.547, 106.525
9.112, 1, 360, 361.368, 61.501
9.126, 1, 360, 361.231, 0
9.14, 1, 360, 360.479, -110.931
9.154, 1, 360, 359.453, -657.587
9.169, 1, 360, 358.427, -52.3252
9.182, 1, 360, 358.29, 0
9.195, 1, 360, 358.769, 37.4735
9.209, 1, 360, 359.658, 119.353
9.223, 1, 360, 360.616, 82.4958
9.237, 1, 360, 361.573, 0
9.251, 1, 360, 361.505, -61.1709
9.264, 1, 360, 360.821, -61.8346
9.278, 1, 360, 359.932, -93.1731
9.293, 1, 360, 358.769, -30.1672
9.307, 1, 360, 358.427, 0
9.326, 1, 360, 359.043, 60.361
9.34, 1, 360, 360.342, -371.68
9.358, 1, 360, 361.436, 0
9.373, 1, 360, 361.641, 0
9.389, 1, 360, 361.026, -56.4499
9.404, 1, 360, 360.137, -47.6247
9.417, 1, 360, 358.906, -123.002
9.433, 1, 360, 357.538, -10.4489
9.452, 1, 360, 357.538, 25.5374
9.471, 1, 360, 358.427, 50.3231
9.486, 1, 360, 359.795, 40.0404
9.506, 1, 360, 361.163, 16.7524
9.535, 1, 360, 360.41, -74.8239
9.576, 1, 360, 358.222, -86.7294
9.603, 1, 360, 355.076, -1165.16
9.631, 1, 360, 354.187, 0
9.654, 1, 360, 356.239, 401.419
9.698, 1, 360, 358.29, 72.4077
9.715, 1, 360, 359.726, 81.7074
9.735, 1, 360, 361.436, 34.1774
9.755, 1, 360, 361.505, -47.8245
9.775, 1, 360, 360.479, -72.7543
9.794, 1, 360, 358.769, -45.6536
9.815, 1, 360, 358.427, 101.167
9.831, 1, 360, 359.043, 33.9906
9.846, 1, 360, 360.274, 84.9765
9.865, 1, 360, 361.505, -49.0772
9.891, 1, 360, 360.752, -64.9006
9.911, 1, 360, 359.179, -81.2946
9.932, 1, 360, 358.153, 0
9.949, 1, 360, 358.632, 31.4288
9.964, 1, 360, 359.521, 30.8754
9.978, 1, 360, 359.59, 92.7938
9.992, 1, 360, 361.436, 117.608
10.005, 1, 360, 361.573, -140.142
10.02, 1, 360, 360.821, -39.1914
10.035, 1, 360, 359.726, -74.6117
10.055, 0.316109, 360, 358.29, 0
10.074, 1, 360, 358.427, 38.5182
10.091, 1, 360, 359.726, 61.9186
10.11, 1, 360, 361.163, -3.80471e+07
10.132, 1, 360, 361.847, -20.0026
10.149, 1, 360, 361.094, -83.7417
10.166, 1, 360, 359.932, -69.5011
10.186, 1, 360, 358.564, 0
10.2, 1, 360, 358.427, 0
10.214, 1, 360, 358.974, 38.9016
10.227, 1, 360, 359.111, 0
10.239, 1, 360, 360.616, 0
10.251, 1, 360, 361.505, 124.344
10.264, 1, 360, 361.915, 0
10.276, 1, 360, 361.641, 0
10.289, 1, 360, 360.752, 0
10.302, 1, 360, 360.137, -95.3822
10.314, 1, 360, 359.316, 0
10.327, 1, 360, 358.495, 0
10.339, 1, 360, 358.769, 0
10.352, 1, 360, 359.453, 0
10.364, 1, 360, 360.274, 60.8444
10.376, 1, 360, 361.094, 114.94
10.389, 1, 360, 361.573, 0
10.401, 1, 360, 361.368, 6.41556
10.414, 1, 360, 360.684, 0
10.426, 1, 360, 359.658, -89.2419
10.44, 1, 360, 358.564, -118.834
10.454, 1, 360, 358.085, 0
10.469, 1, 360, 358.564, 31.3424
10.482, 1, 360, 359.453, 0
10.506, 1, 360, 361.436, 27.6935
10.528, 1, 360, 361.163, -84.223
10.549, 1, 360, 360, -81.19
10.573, 1, 360, 358.359, -63.1478
10.59, 1, 360, 358.085, 40.7806
10.604, 1, 360, 358.564, 195.397
10.619, 1, 360, 359.453, 0
10.634, 1, 360, 360.547, 53.3872
10.649, 1, 360, 361.505, 0
10.664, 1, 360, 361.299, -53.0559
10.677, 1, 360, 360.547, -62.2284
10.692, 1, 360, 359.521, -30.49
10.706, 1, 360, 358.564, -33.247
10.72, 1, 360, 358.427, 31.1284
10.734, 1, 360, 359.111, 62.1719
10.748, 1, 360, 360, 60.5749
10.761, 1, 360, 361.299, 18.6245
10.783, 1, 360, 361.094, 0
10.801, 1, 360, 360.274, -81.9031
10.817, 0.965805, 360, 359.043, -50.1478
10.838, 1, 360, 359.043, 61.9747
10.862, 1, 360, 360, 92.7519
10.879, 1, 360, 361.368, 33.7307
10.899, 1, 360, 361.163, -30.9873
10.918, 1, 360, 360, -42.9175
10.938, 1, 360, 358.564, -60.4144
10.957, 1, 360, 358.564, 59.314
10.977, 1, 360, 359.453, 121.689
10.991, 1, 360, 360.821, 87.3052
11.014, 0.675532, 360, 361.71, 16.5993
11.032, 1, 360, 361.299, -58.7872
11.053, 1, 360, 360.205, -94.135
11.068, 1, 360, 358.427, -30.6677
11.095, 1, 360, 358.564, 46.3655
11.115, 1, 360, 360, 83.7588
11.135, 1, 360, 361.368, 60.0958
11.151, 1, 360, 361.641, -35.1796
11.167, 1, 360, 360.821, -63.5882
11.187, 1, 360, 359.248, -60.6017
11.206, 1, 360, 358.427, 0
11.224, 1, 360, 359.179, -17.4151
11.246, 1, 360, 360.274, 143.826
11.258, 1, 360, 361.641, 0
11.281, 1, 360, 361.026, -53.67
11.305, 1, 360, 359.521, -120.297
11.323, 1, 360, 358.564, 0
11.338, 1, 360, 358.564, 62.6273
11.35, 1, 360, 359.248, 0
11.363, 1, 360, 360.068, 62.4558
11.377, 1, 360, 361.094, 455.927
11.392, 1, 360, 361.847, 0
11.407, 1, 360, 361.505, -152.314
11.42, 1, 360, 360.684, -61.2257
11.434, 1, 360, 359.795, -179.971
11.448, 1, 360, 358.427, -31.0014
11.466, 1, 360, 358.427, 61.9466
11.485, 1, 360, 359.248, 61.9466
11.5, 1, 360, 360.616, 73.7746
11.522, 1, 360, 361.915, 63.3819
11.542, 1, 360, 361.505, -91.6743
11.556, 1, 360, 360.616, -171.401
11.57, 1, 360, 359.59, -120.936
11.584, 0.384498, 360, 358.632, -100.424
11.596, 1, 360, 358.222, 31.285
11.611, 1, 360, 358.701, 0
11.623, 1, 360, 359.453, 90.4617
11.638, 1, 360, 360.547, 0
11.653, 1, 360, 361.573, 189.269
11.667, 1, 360, 361.505, -112.575
11.681, 1, 360, 360.821, -93.941
11.695, 1, 360, 359.863, -33.6229
11.709, 1, 360, 358.769, -61.5286
11.724, 1, 360, 358.29, 0
11.738, 1, 360, 358.701, 0
11.751, 1, 360, 359.59, 0
11.766, 1, 360, 360.616, 0
11.78, 1, 360, 361.641, 0
11.795, 1, 360, 361.505, -119.876
11.808, 1, 360, 360.547, -107.445
11.827, 1, 360, 359.179, -72.1657
11.847, 1, 360, 357.812, -43.4216
11.867, 1, 360, 358.017, 37.3915
11.887, 1, 360, 359.111, 109.598
11.904, 1, 360, 360.068, 38.529
11.918, 1, 360, 361.573, 0
11.941, 1, 360, 361.163, -60.3078
11.957, 1, 360, 360, -86.8432
11.981, 0.316109, 360, 358.427, 0
12.003, 1, 360, 358.632, 69.6072
12.019, 1, 360, 358.837, 316.031
12.033, 0.931611, 360, 360.821, 58.6527
12.054, 1, 360, 360.889, -26.6728
12.071, 1, 360, 359.795, 0
12.09, 1, 360, 358.495, -61.723
12.109, 1, 360, 358.359, 59.314
12.122, 1, 360, 359.043, 59.2883
12.137, 1, 360, 360, 53.3456
12.151, 1, 360, 361.026, 0
12.165, 1, 360, 361.71, 0
12.179, 1, 360, 361.368, -58.7283
12.194, 1, 360, 360.479, 0
12.208, 1, 360, 359.453, -116.407
12.222, 1, 360, 358.427, 0
12.241, 1, 360, 358.974, 59.0834
12.261, 1, 360, 360.342, 68.348
12.284, 1, 360, 361.573, -64.0347
12.303, 1, 360, 360.821, -68.5261
12.324, 1, 360, 359.658, -54.3525
12.344, 1, 360, 358.359, 0
12.364, 1, 360, 358.837, 105.865
12.379, 1, 360, 360, 83.0973
12.4, 0.00835866, 360, 361.368, -29.3957
12.427, 1, 360, 360.342, -54.7551
12.449, 1, 360, 357.812, 31.0366
12.495, 1, 360, 358.701, 77.9274
12.529, 1, 360, 362.462, -51.4762
12.588, 1, 360, 359.59, -80.0246
12.635, 1, 360, 358.017, 59.2498
12.669, 1, 360, 360.752, 14.3614
12.715, 1, 360, 361.163, -65.5381
12.737, 1, 360, 359.726, -47.4594
12.755, 1, 360, 358.222, 39.5084
12.797, 1, 360, 360.821, 75.5359
12.839, 1, 360, 364.103, -61.6951
12.9, 1, 360, 360.821, -69.7421
12.966, 1, 360, 358.017, 0
12.982, 1, 360, 358.632, 61.1162
12.997, 1, 360, 360.068, 84.8499
13.018, 1, 360, 361.436, 27.6375
13.04, 1, 360, 361.163, -73.3395
13.061, 1, 360, 360, -70.0708
13.082, 0.965805, 360, 358.427, 0
13.101, 1, 360, 358.632, 49.2835
13.122, 1, 360, 359.726, 361.847
13.14, 1, 360, 361.368, 64.2754
13.161, 1, 360, 361.505, -46.9383
13.18, 1, 360, 360.205, -69.5293
13.204, 1, 360, 358.701, -192.645
13.223, 1, 360, 358.017, 60.361
13.24, 1, 360, 358.769, 62.6847
13.257, 1, 360, 360.137, 62.1154
13.276, 0.231003, 360, 361.163, 41.7516
13.293, 1, 360, 361.368, -50.4468
13.311, 1, 360, 360.205, 0
13.334, 1, 360, 358.564, -31.0436
13.352, 1, 360, 358.564, 40.7482
13.374, 1, 360, 359.863, 0
13.391, 1, 360, 361.163, 61.6118
13.408, 1, 360, 361.573, -44.8159
13.438, 1, 360, 358.974, -85.0258
13.492, 1, 360, 354.597, -5.60428
13.535, 1, 360, 356.991, 83.5848
13.581, 1, 360, 359.179, 83.961
13.634, 1, 360, 363.351, 45.4714
13.658, 1, 360, 363.761, -28.1089
13.68, 1, 360, 362.53, -61.8906
13.699, 1, 360, 361.094, -83.4352
13.72, 1, 360, 359.726, -94.46
13.737, 1, 360, 358.495, -119.249
13.752, 1, 360, 358.085, 47.4156
13.773, 1, 360, 358.906, 90.5815
13.788, 1, 360, 360.274, 55.0858
13.809, 1, 360, 361.915, -163614
13.828, 1, 360, 361.915, -30.9033
13.847, 1, 360, 360.821, -63.3966
13.874, 1, 360, 358.769, -67.5781
13.897, 1, 360, 358.222, 40.6191
13.92, 1, 360, 359.179, 124.741
13.936, 1, 360, 359.521, 59.9378
13.949, 1, 360, 361.368, 315.157
13.964, 1, 360, 361.778, -3.81886
13.977, 1, 360, 361.299, -62.0028
13.992, 1, 360, 360.342, 0
14.006, 1, 360, 359.316, -49.992
14.021, 1, 360, 357.812, 32.4889
14.059, 1, 360, 360.137, -38.8464
14.098, 0.726444, 360, 361.163, 33.3768
14.114, 1, 360, 361.094, 0
14.137, 1, 360, 359.726, -52.2852
14.156, 1, 360, 358.359, 0
14.183, 1, 360, 358.974, 40.0991
14.207, 1, 360, 360.137, 119.666
14.22, 1, 360, 361.163, 53.2314
14.239, 1, 360, 361.71, -48.026
14.261, 1, 360, 360.752, -41.4228
14.278, 1, 360, 359.453, -319.874
14.299, 1, 360, 358.359, 0
14.313, 1, 360, 358.632, -3.90027
14.327, 1, 360, 359.453, 30.2072
14.341, 1, 360, 360.41, 0
14.356, 1, 360, 361.505, 0
14.374, 1, 360, 361.641, -61.0072
14.391, 1, 360, 360.889, -53.9559
14.406, 1, 360, 359.726, -76.9108
14.425, 1, 360, 358.359, 0
14.446, 1, 360, 358.906, 53.304
14.463, 1, 360, 360, 72.2013
14.484, 1, 360, 360.479, 49.0244
14.504, 1, 360, 361.847, -60.7363
14.519, 1, 360, 361.094, -61.9747
14.534, 1, 360, 360.137, -62.7135
14.548, 1, 360, 359.111, -77.6707
14.562, 1, 360, 358.359, 0
14.576, 1, 360, 358.632, 56.5947
14.604, 1, 360, 360.752, -547.112
14.621, 0.281915, 360, 361.368, 1.7369
14.638, 1, 360, 361.094, -61.308
14.661, 1, 360, 359.932, -91.6743
14.676, 1, 360, 358.495, -61.5563
14.695, 1, 360, 358.495, 65.707
14.731, 1, 360, 361.436, 67114.1
14.766, 1, 360, 362.188, -419.565
14.788, 1, 360, 361.368, -61.308
14.807, 1, 360, 360.068, -95.9173
14.83, 0.760638, 360, 358.837, -63.9748
14.846, 1, 360, 358.632, 60.5749
14.862, 1, 360, 359.316, 67.1798
14.88, 1, 360, 360.547, 81.0681
14.898, 1, 360, 361.983, 0
14.919, 1, 360, 361.573, -70.9246
14.937, 1, 360, 360.342, -60.8714
14.953, 1, 360, 359.179, -79.5684
14.975, 1, 360, 358.495, 45990.5
