0, 0, 0, 0, 0
0.018, 0, 360, 0.0683891, 52.0069
0.042, 1, 360, 0.889058, 82.9964
0.058, 1, 360, 2.18845, 59.5983
0.081, 1, 360, 3.82979, 60.2547
0.098, 1, 360, 4.85562, 61.584
0.113, 1, 360, 6.08663, 83.2321
0.133, 1, 360, 7.93313, 123.744
0.153, 1, 360, 9.57447, 71.4769
0.176, 1, 360, 11.0106, 62.6273
0.19, 1, 360, 12.0365, 62.059
0.204, 1, 360, 13.1991, 61.9186
0.219, 1, 360, 14.3617, 77.8387
0.239, 1, 360, 16.2082, 94.5035
0.258, 1, 360, 17.7812, 61.6118
0.275, 1, 360, 19.2173, 0
0.299, 1, 360, 20.5851, 88.1492
0.317, 1, 360, 22.5, 80.9338
0.339, 1, 360, 24.0046, 66.7536
0.357, 1, 360, 25.4407, 97.4203
0.381, 1, 360, 27.2188, 67.4581
0.401, 1, 360, 29.1337, 0
0.423, 1, 360, 29.6125, 134.254
0.449, 1, 360, 33.1003, 91.572
0.473, 1, 360, 34.8784, 0
0.492, 1, 360, 36.4514, 62.8769
0.513, 1, 360, 37.8191, 69.9132
0.533, 1, 360, 39.6657, 85.7364
0.554, 1, 360, 41.1018, 70.3591
0.571, 1, 360, 42.538, 76.208
0.592, 1, 360, 44.3845, 79.154
0.612, 1, 360, 45.4787, 120.936
0.624, 1, 360, 46.5046, 34.9816
0.638, 1, 360, 47.6672, 178.097
0.651, 1, 360, 48.693, 0
0.665, 1, 360, 49.7872, 120.086
0.679, 1, 360, 50.8815, 62.3703
0.693, 1, 360, 51.9757, 73.5366
0.707, 1, 360, 53.1383, 31.2279
0.721, 1, 360, 54.3009, 37.6177
0.748, 1, 360, 56.6945, 82.9159
0.77, 1, 360, 58.4043, 104.956
0.795, 1, 360, 60.1824, 91.2868
0.814, 1, 360, 61.9605, 70.8328
0.836, 1, 360, 63.7386, 92.8989
0.87, 1, 360, 67.6368, 90.2429
0.924, 1, 360, 69.4833, 427.623
0.954, 1, 360, 72.8343, 239.962
0.969, 1, 360, 73.997, 116.308
0.983, 1, 360, 75.228, 105.295
0.997, 1, 360, 76.3222, 117.912
1.016, 1, 360, 77.7584, 147.709
1.03, 1, 360, 78.921, 0
1.045, 1, 360, 80.0836, 123.893
1.058, 1, 360, 81.1778, 393.041
1.073, 1, 360, 82.272, 122.232
1.086, 1, 360, 83.2979, 92.5427
1.101, 1, 360, 84.4605, 670.481
1.115, 1, 360, 85.6231, 101.467
1.129, 1, 360, 86.7173, 516.144
1.144, 1, 360, 87.8799, 61.501
1.157, 1, 360, 88.9742, 0
1.172, 1, 360, 90.0684, 184.006
1.185, 1, 360, 91.1626, 0
1.2, 1, 360, 92.2568, 171.832
1.214, 1, 360, 93.3511, 80.2061
1.229, 1, 360, 93.5562, 0
1.239, 1, 360, 95.4027, 0
1.253, 1, 360, 96.4286, 118.525
1.267, 1, 360, 97.5228, 155.43
1.282, 1, 360, 98.7538, 159.044
1.297, 1, 360, 99.9164, 121.581
1.31, 1, 360, 101.284, 497.828
1.329, 1, 360, 102.447, 0
1.343, 1, 360, 103.541, 91.4292
1.357, 1, 360, 104.704, 117.105
1.371, 1, 360, 106.208, 0
1.394, 1, 360, 107.576, 65.1479
1.411, 1, 360, 108.944, 85.3263
1.429, 1, 360, 110.79, 236.64
1.452, 1, 360, 453.556, -151844
1.465, 1, 360, 112.979, 45.3508
1.479, 1, 360, 113.868, 61.8346
1.492, 1, 360, 114.757, 185.84
1.506, 1, 360, 115.783, -140.429
1.521, 1, 360, 117.424, 93.1308
1.542, 1, 360, 118.655, 120.936
1.556, 1, 360, 119.749, 83.1579
1.573, 1, 360, 121.733, 72.793
1.595, 1, 360, 123.169, 186.855
1.612, 1, 360, 124.605, 65.8378
1.634, 1, 360, 125.015, 58.6024
1.647, 1, 360, 126.998, 61.8346
1.66, 1, 360, 128.093, 61.6673
1.673, 1, 360, 129.187, 65.394
1.692, 1, 360, 131.033, 61.308
1.711, 1, 360, 132.47, 175.807
1.729, 1, 360, 133.906, 102.563
1.755, 1, 360, 135.752, 82.3171
1.773, 1, 360, 137.394, 75.0209
1.794, 1, 360, 139.24, 104.891
1.813, 1, 360, 140.676, 92.9831
1.836, 1, 360, 142.181, 89.9856
1.851, 1, 360, 143.412, 81.8638
1.869, 1, 360, 145.19, 80.0401
1.887, 1, 360, 146.695, 99.6199
1.909, 1, 360, 148.404, 113.792
1.927, 1, 360, 149.567, 50.9226
1.944, 1, 360, 151.003, -11090.1
1.968, 1, 360, 152.781, 79.0038
1.997, 1, 360, 155.517, 95.471
2.023, 1, 360, 157.295, 61.6951
2.038, 1, 360, 158.389, 80.1043
2.055, 1, 360, 159.962, 40617.9
2.079, 1, 360, 161.809, 86.3135
2.096, 1, 360, 163.313, 66.9824
2.117, 1, 360, 165.16, -74129.1
2.136, 1, 360, 166.664, 59.1857
2.155, 1, 360, 167.006, 96.5947
2.178, 1, 360, 167.69, 71.902
2.198, 1, 360, 169.468, 119.876
2.219, 1, 360, 171.041, 58.4522
2.236, 1, 360, 172.135, 89.3585
2.253, 1, 360, 173.777, 92.501
2.272, 1, 360, 175.623, 61.1162
2.293, 1, 360, 176.717, 384.208
2.307, 1, 360, 177.88, 151.639
2.322, 1, 360, 178.974, 175.657
2.335, 1, 360, 180.889, 67.1359
2.361, 1, 360, 182.462, 97.116
2.382, 1, 360, 183.898, 109.573
2.401, 1, 360, 185.745, 74.0943
2.422, 1, 360, 528.032, 0
2.436, 1, 360, 188.07, 36.9471
2.45, 1, 360, 189.301, 59.8591
2.465, 1, 360, 190.464, 28.0974
2.478, 1, 360, 190.532, 68964.6
