0.001, 0, 0, 0, 0
0.014, 0, 0, 0, 0
0.026, 0, 0, 0, 0
0.039, 0, 0, 0, 0
0.051, 0, 0, 0, 0
0.063, 0, 0, 0, 0
0.076, 0, 0, 0, 0
0.088, 0, 0, 0, 0
0.101, 0, 0, 0, 0
0.113, 0, 0, 0, 0
0.126, 0, 0, 0, 0
0.139, 0, 0, 0, 0
0.151, 0, 0, 0, 0
0.164, 0, 0, 0, 0
0.177, 0, 0, 0, 0
0.19, 0, 0, 0, 0
0.203, 0, 0, 0, 0
0.215, 0, 0, 0, 0
0.228, 0, 0, 0, 0
0.24, 0, 0, 0, 0
0.252, 0, 0, 0, 0
0.265, 0, 0, 0, 0
0.277, 0, 0, 0, 0
0.29, 0, 0, 0, 0
0.303, 0, 0, 0, 0
0.316, 0, 0, 0, 0
0.329, 0, 0, 0, 0
0.341, 0, 0, 0, 0
0.354, 0, 0, 0, 0
0.367, 0, 0, 0, 0
0.38, 0, 0, 0, 0
0.393, 0, 0, 0, 0
0.405, 0, 0, 0, 0
0.419, 0, 0, 0, 0
0.431, 0, 0, 0, 0
0.444, 0, 0, 0, 0
0.456, 0, 0, 0, 0
0.469, 0, 0, 0, 0
0.482, 0, 0, 0, 0
0.495, 0, 0, 0, 0
0.508, 0, 0, 0, 0
0.52, 0, 0, 0, 0
0.534, 0, 0, 0, 0
0.548, 0, 0, 0, 0
0.561, 0, 0, 0, 0
0.574, 0, 0, 0, 0
0.587, 0, 0, 0, 0
0.6, 0, 0, 0, 0
0.613, 0, 0, 0, 0
0.626, 0, 0, 0, 0
0.638, 0, 0, 0, 0
0.652, 0, 0, 0, 0
0.664, 0, 0, 0, 0
0.678, 0, 0, 0, 0
0.691, 0, 0, 0, 0
0.704, 0, 0, 0, 0
0.717, 0, 0, 0, 0
0.729, 0, 0, 0, 0
0.742, 0, 0, 0, 0
0.756, 0, 0, 0, 0
0.769, 0, 0, 0, 0
0.781, 0, 0, 0, 0
0.794, 0, 0, 0, 0
0.807, 0, 0, 0, 0
0.819, 0, 0, 0, 0
0.832, 0, 0, 0, 0
0.844, 0, 0, 0, 0
0.857, 0, 0, 0, 0
0.869, 0, 0, 0, 0
0.882, 0, 0, 0, 0
0.894, 0, 0, 0, 0
0.906, 0, 0, 0, 0
0.919, 0, 0, 0, 0
0.931, 0, 0, 0, 0
0.943, 0, 0, 0, 0
0.956, 0, 0, 0, 0
0.968, 0, 0, 0, 0
0.981, 0, 0, 0, 0
0.993, 0, 0, 0, 0
1.005, 0, 0, 0, 0
1.018, 0, 0, 0, 0
1.03, 0, 0, 0, 0
1.043, 0, 0, 0, 0
1.056, 0, 0, 0, 0
1.068, 0, 0, 0, 0
1.081, 0, 0, 0, 0
1.093, 0, 0, 0, 0
1.105, 0, 0, 0, 0
1.118, 0, 0, 0, 0
1.13, 0, 0, 0, 0
1.143, 0, 0, 0, 0
1.155, 0, 0, 0, 0
1.167, 0, 0, 0, 0
1.181, 0, 0, 0, 0
1.194, 0, 0, 0, 0
1.206, 0, 0, 0, 0
1.219, 0, 0, 0, 0
1.231, 0, 0, 0, 0
1.243, 0, 0, 0, 0
1.256, 0, 0, 0, 0
1.268, 0, 0, 0, 0
1.281, 0, 0, 0, 0
1.294, 0, 0, 0, 0
1.306, 0, 0, 0, 0
1.319, 0, 0, 0, 0
1.331, 0, 0, 0, 0
1.346, 0, 0, 0, 0
1.358, 0, 0, 0, 0
1.371, 0, 0, 0, 0
1.383, 0, 0, 0, 0
1.395, 0, 0, 0, 0
1.408, 0, 0, 0, 0
1.42, 0, 0, 0, 0
1.433, 0, 0, 0, 0
1.445, 0, 0, 0, 0
1.457, 0, 0, 0, 0
1.47, 0, 0, 0, 0
1.483, 0, 0, 0, 0
1.499, 0, 0, 0, 0
1.511, 0, 0, 0, 0
1.524, 0, 0, 0, 0
1.536, 0, 0, 0, 0
1.549, 0, 0, 0, 0
1.56, 0, 0, 0, 0
1.573, 0, 0, 0, 0
1.585, 0, 0, 0, 0
1.598, 0, 0, 0, 0
1.61, 0, 0, 0, 0
1.623, 0, 0, 0, 0
1.635, 0, 0, 0, 0
1.647, 0, 0, 0, 0
1.66, 0, 0, 0, 0
1.672, 0, 0, 0, 0
1.685, 0, 0, 0, 0
1.697, 0, 0, 0, 0
1.709, 0, 0, 0, 0
1.722, 0, 0, 0, 0
1.734, 0, 0, 0, 0
1.746, 0, 0, 0, 0
1.758, 0, 0, 0, 0
1.772, 0, 0, 0, 0
1.785, 0, 0, 0, 0
1.797, 0, 0, 0, 0
1.81, 0, 0, 0, 0
1.822, 0, 0, 0, 0
1.835, 0, 0, 0, 0
1.847, 0, 0, 0, 0
1.86, 0, 0, 0, 0
1.872, 0, 0, 0, 0
1.885, 0, 0, 0, 0
1.897, 0, 0, 0, 0
1.91, 0, 0, 0, 0
1.922, 0, 0, 0, 0
1.935, 0, 0, 0, 0
1.947, 0, 0, 0, 0
1.96, 0, 0, 0, 0
1.972, 0, 0, 0, 0
1.985, 0, 0, 0, 0
1.997, 0, 0, 0, 0
2.01, 0, 0, 0, 0
2.022, 0, 0, 0, 0
2.035, 0, 0, 0, 0
2.047, 0, 0, 0, 0
2.06, 0, 0, 0, 0
2.073, 0, 0, 0, 0
2.085, 0, 0, 0, 0
2.098, 0, 0, 0, 0
2.11, 0, 0, 0, 0
2.123, 0, 0, 0, 0
2.135, 0, 0, 0, 0
2.148, 0, 0, 0, 0
2.159, 0, 0, 0, 0
2.172, 0, 0, 0, 0
2.184, 0, 0, 0, 0
2.197, 0, 0, 0, 0
2.209, 0, 0, 0, 0
2.222, 0, 0, 0, 0
2.235, 0, 0, 0, 0
2.247, 0, 0, 0, 0
2.26, 0, 0, 0, 0
2.273, 0, 0, 0, 0
2.285, 0, 0, 0, 0
2.298, 0, 0, 0, 0
2.31, 0, 0, 0, 0
2.323, 0, 0, 0, 0
2.335, 0, 0, 0, 0
2.348, 0, 0, 0, 0
2.36, 0, 0, 0, 0
2.373, 0, 0, 0, 0
2.385, 0, 0, 0, 0
2.398, 0, 0, 0, 0
2.41, 0, 0, 0, 0
2.423, 0, 0, 0, 0
2.436, 0, 0, 0, 0
2.448, 0, 0, 0, 0
2.461, 0, 0, 0, 0
2.473, 0, 0, 0, 0
2.486, 0, 0, 0, 0
2.499, 0, 0, 0, 0
2.512, 0, 0, 0, 0
2.525, 0, 0, 0, 0
2.538, 0, 0, 0, 0
2.55, 0, 0, 0, 0
2.563, 0, 0, 0, 0
2.576, 0, 0, 0, 0
2.589, 0, 0, 0, 0
2.601, 0, 0, 0, 0
2.614, 0, 0, 0, 0
2.627, 0, 0, 0, 0
2.64, 0, 0, 0, 0
2.653, 0, 0, 0, 0
2.666, 0, 0, 0, 0
2.679, 0, 0, 0, 0
2.692, 0, 0, 0, 0
2.705, 0, 0, 0, 0
2.717, 0, 0, 0, 0
2.73, 0, 0, 0, 0
2.744, 0, 0, 0, 0
2.757, 0, 0, 0, 0
2.77, 0, 0, 0, 0
2.783, 0, 0, 0, 0
2.795, 0, 0, 0, 0
2.808, 0, 0, 0, 0
2.82, 0, 0, 0, 0
2.833, 0, 0, 0, 0
2.845, 0, 0, 0, 0
2.858, 0, 0, 0, 0
2.872, 0, 0, 0, 0
2.884, 0, 0, 0, 0
2.897, 0, 0, 0, 0
2.91, 0, 0, 0, 0
2.922, 0, 0, 0, 0
2.935, 0, 0, 0, 0
2.948, 0, 0, 0, 0
2.961, 0, 0, 0, 0
2.974, 0, 0, 0, 0
2.987, 0, 0, 0, 0
2.999, 0, 0, 0, 0
3.012, 0, 0, 0, 0
3.025, 0, 0, 0, 0
3.038, 0, 0, 0, 0
3.051, 0, 0, 0, 0
3.064, 0, 0, 0, 0
3.079, 0, 0, 0, 0
3.092, 0, 0, 0, 0
3.106, 0, 0, 0, 0
3.119, 0, 0, 0, 0
3.132, 0, 0, 0, 0
3.145, 0, 0, 0, 0
3.158, 0, 0, 0, 0
3.172, 0, 0, 0, 0
3.186, 0, 0, 0, 0
3.201, 0, 0, 0, 0
3.213, 0, 0, 0, 0
3.226, 0, 0, 0, 0
3.239, 0, 0, 0, 0
3.251, 0, 0, 0, 0
3.264, 0, 0, 0, 0
3.277, 0, 0, 0, 0
3.29, 0, 0, 0, 0
3.303, 0, 0, 0, 0
3.321, 0, 0, 0, 0
3.333, 0, 0, 0, 0
3.346, 0, 0, 0, 0
3.358, 0, 0, 0, 0
3.37, 0, 0, 0, 0
3.383, 0, 0, 0, 0
3.395, 0, 0, 0, 0
3.407, 0, 0, 0, 0
3.42, 0, 0, 0, 0
3.432, 0, 0, 0, 0
3.445, 0, 0, 0, 0
3.457, 0, 0, 0, 0
3.469, 0, 0, 0, 0
3.482, 0, 0, 0, 0
3.494, 0, 0, 0, 0
3.506, 0, 0, 0, 0
3.519, 0, 0, 0, 0
3.531, 0, 0, 0, 0
3.543, 0, 0, 0, 0
3.556, 0, 0, 0, 0
3.568, 0, 0, 0, 0
3.581, 0, 0, 0, 0
3.593, 0, 0, 0, 0
3.606, 0, 0, 0, 0
3.619, 0, 0, 0, 0
3.632, 0, 0, 0, 0
3.644, 0, 0, 0, 0
3.657, 0, 0, 0, 0
3.67, 0, 0, 0, 0
3.683, 0, 0, 0, 0
3.695, 0, 0, 0, 0
3.708, 0, 0, 0, 0
3.721, 0, 0, 0, 0
3.733, 0, 0, 0, 0
3.745, 0, 0, 0, 0
3.758, 0, 0, 0, 0
3.772, 0, 0, 0, 0
3.784, 0, 0, 0, 0
3.797, 0, 0, 0, 0
3.81, 0, 0, 0, 0
3.823, 0, 0, 0, 0
3.836, 0, 0, 0, 0
3.849, 0, 0, 0, 0
3.861, 0, 0, 0, 0
3.875, 0, 0, 0, 0
3.888, 0, 0, 0, 0
3.901, 0, 0, 0, 0
3.913, 0, 0, 0, 0
3.926, 0, 0, 0, 0
3.939, 0, 0, 0, 0
3.952, 0, 0, 0, 0
3.965, 0, 0, 0, 0
3.978, 0, 0, 0, 0
3.991, 0, 0, 0, 0
4.004, 0, 0, 0, 0
4.017, 0, 0, 0, 0
4.03, 0, 0, 0, 0
4.043, 0, 0, 0, 0
4.056, 0, 0, 0, 0
4.068, 0, 0, 0, 0
4.081, 0, 0, 0, 0
4.093, 0, 0, 0, 0
4.106, 0, 0, 0, 0
4.119, 0, 0, 0, 0
4.131, 0, 0, 0, 0
4.144, 0, 0, 0, 0
4.157, 0, 0, 0, 0
4.17, 0, 0, 0, 0
4.184, 0, 0, 0, 0
4.196, 0, 0, 0, 0
4.209, 0, 0, 0, 0
4.222, 0, 0, 0, 0
4.235, 0, 0, 0, 0
4.248, 0, 0, 0, 0
4.261, 0, 0, 0, 0
4.274, 0, 0, 0, 0
4.286, 0, 0, 0, 0
4.299, 0, 0, 0, 0
4.311, 0, 0, 0, 0
4.323, 0, 0, 0, 0
4.336, 0, 0, 0, 0
4.349, 0, 0, 0, 0
4.361, 0, 0, 0, 0
4.374, 0, 0, 0, 0
4.386, 0, 0, 0, 0
4.399, 0, 0, 0, 0
4.412, 0, 0, 0, 0
4.425, 0, 0, 0, 0
4.438, 0, 0, 0, 0
4.451, 0, 0, 0, 0
4.464, 0, 0, 0, 0
4.477, 0, 0, 0, 0
4.49, 0, 0, 0, 0
4.504, 0, 0, 0, 0
4.517, 0, 0, 0, 0
4.529, 0, 0, 0, 0
4.543, 0, 0, 0, 0
4.556, 0, 0, 0, 0
4.569, 0, 0, 0, 0
4.582, 0, 0, 0, 0
4.596, 0, 0, 0, 0
4.609, 0, 0, 0, 0
4.622, 0, 0, 0, 0
4.635, 0, 0, 0, 0
4.648, 0, 0, 0, 0
4.661, 0, 0, 0, 0
4.674, 0, 0, 0, 0
4.688, 0, 0, 0, 0
4.701, 0, 0, 0, 0
4.714, 0, 0, 0, 0
4.727, 0, 0, 0, 0
4.74, 0, 0, 0, 0
4.752, 0, 0, 0, 0
4.766, 0, 0, 0, 0
4.778, 0, 0, 0, 0
4.792, 0, 0, 0, 0
4.804, 0, 0, 0, 0
4.817, 0, 0, 0, 0
4.831, 0, 0, 0, 0
4.842, 0, 0, 0, 0
4.857, 0, 0, 0, 0
4.871, 0, 0, 0, 0
4.883, 0, 0, 0, 0
4.896, 0, 0, 0, 0
4.91, 0, 0, 0, 0
4.923, 0, 0, 0, 0
4.936, 0, 0, 0, 0
4.95, 0, 0, 0, 0
4.962, 0, 0, 0, 0
4.975, 0, 0, 0, 0
4.987, 0, 0, 0, 0
5, 0, 0, 0, 0
5.013, 0, 0, 0, 0
5.027, 0, 0, 0, 0
5.042, 0, 0, 0, 0
5.055, 0, 0, 0, 0
5.068, 0, 0, 0, 0
5.081, 0, 0, 0, 0
5.094, 0, 0, 0, 0
5.106, 0, 0, 0, 0
5.119, 0, 0, 0, 0
5.132, 0, 0, 0, 0
5.145, 0, 0, 0, 0
5.158, 0, 0, 0, 0
5.171, 0, 0, 0, 0
5.184, 0, 0, 0, 0
5.197, 0, 0, 0, 0
5.209, 0, 0, 0, 0
5.222, 0, 0, 0, 0
5.234, 0, 0, 0, 0
5.247, 0, 0, 0, 0
5.26, 0, 0, 0, 0
5.273, 0, 0, 0, 0
5.286, 0, 0, 0, 0
5.298, 0, 0, 0, 0
5.311, 0, 0, 0, 0
5.324, 0, 0, 0, 0
5.337, 0, 0, 0, 0
5.35, 0, 0, 0, 0
5.363, 0, 0, 0, 0
5.376, 0, 0, 0, 0
5.39, 0, 0, 0, 0
5.404, 0, 0, 0, 0
5.417, 0, 0, 0, 0
5.429, 0, 0, 0, 0
5.442, 0, 0, 0, 0
5.455, 0, 0, 0, 0
5.468, 0, 0, 0, 0
5.481, 0, 0, 0, 0
5.494, 0, 0, 0, 0
5.509, 0, 0, 0, 0
5.523, 0, 0, 0, 0
5.535, 0, 0, 0, 0
5.548, 0, 0, 0, 0
5.561, 0, 0, 0, 0
5.574, 0, 0, 0, 0
5.588, 0, 0, 0, 0
5.601, 0, 0, 0, 0
5.615, 0, 0, 0, 0
5.628, 0, 0, 0, 0
5.641, 0, 0, 0, 0
5.654, 0, 0, 0, 0
5.667, 0, 0, 0, 0
5.681, 0, 0, 0, 0
5.694, 0, 0, 0, 0
5.708, 0, 0, 0, 0
5.72, 0, 0, 0, 0
5.734, 0, 0, 0, 0
5.747, 0, 0, 0, 0
5.76, 0, 0, 0, 0
5.773, 0, 0, 0, 0
5.786, 0, 0, 0, 0
5.799, 0, 0, 0, 0
5.812, 0, 0, 0, 0
5.825, 0, 0, 0, 0
5.838, 0, 0, 0, 0
5.851, 0, 0, 0, 0
5.864, 0, 0, 0, 0
5.876, 0, 0, 0, 0
5.889, 0, 0, 0, 0
5.902, 0, 0, 0, 0
5.914, 0, 0, 0, 0
5.928, 0, 0, 0, 0
5.941, 0, 0, 0, 0
5.955, 0, 0, 0, 0
5.968, 0, 0, 0, 0
5.981, 0, 0, 0, 0
5.994, 0, 0, 0, 0
6.007, 0, 0, 0, 0
6.022, 0, 0, 0, 0
6.036, 0, 0, 0, 0
6.05, 0, 0, 0, 0
6.063, 0, 0, 0, 0
6.078, 0, 0, 0, 0
6.09, 0, 0, 0, 0
6.103, 0, 0, 0, 0
6.116, 0, 0, 0, 0
6.129, 0, 0, 0, 0
6.142, 0, 0, 0, 0
6.155, 0, 0, 0, 0
6.169, 0, 0, 0, 0
6.182, 0, 0, 0, 0
6.195, 0, 0, 0, 0
6.208, 0, 0, 0, 0
6.22, 0, 0, 0, 0
6.233, 0, 0, 0, 0
6.246, 0, 0, 0, 0
6.259, 0, 0, 0, 0
6.272, 0, 0, 0, 0
6.285, 0, 0, 0, 0
6.298, 0, 0, 0, 0
6.311, 0, 0, 0, 0
6.323, 0, 0, 0, 0
6.336, 0, 0, 0, 0
6.349, 0, 0, 0, 0
6.362, 0, 0, 0, 0
6.376, 0, 0, 0, 0
6.389, 0, 0, 0, 0
6.402, 0, 0, 0, 0
6.417, 0, 0, 0, 0
6.429, 0, 0, 0, 0
6.442, 0, 0, 0, 0
6.455, 0, 0, 0, 0
6.468, 0, 0, 0, 0
6.481, 0, 0, 0, 0
6.494, 0, 0, 0, 0
6.508, 0, 0, 0, 0
6.522, 0, 0, 0, 0
6.535, 0, 0, 0, 0
6.548, 0, 0, 0, 0
6.561, 0, 0, 0, 0
6.573, 0, 0, 0, 0
6.587, 0, 0, 0, 0
6.6, 0, 0, 0, 0
6.614, 0, 0, 0, 0
6.626, 0, 0, 0, 0
6.641, 0, 0, 0, 0
6.654, 0, 0, 0, 0
6.667, 0, 0, 0, 0
6.68, 0, 0, 0, 0
6.694, 0, 0, 0, 0
6.706, 0, 0, 0, 0
6.719, 0, 0, 0, 0
6.731, 0, 0, 0, 0
6.744, 0, 0, 0, 0
6.757, 0, 0, 0, 0
6.771, 0, 0, 0, 0
6.784, 0, 0, 0, 0
6.796, 0, 0, 0, 0
6.81, 0, 0, 0, 0
6.823, 0, 0, 0, 0
6.836, 0, 0, 0, 0
6.849, 0, 0, 0, 0
6.863, 0, 0, 0, 0
6.876, 0, 0, 0, 0
6.889, 0, 0, 0, 0
6.902, 0, 0, 0, 0
6.915, 0, 0, 0, 0
6.928, 0, 0, 0, 0
6.942, 0, 0, 0, 0
6.956, 0, 0, 0, 0
6.969, 0, 0, 0, 0
6.982, 0, 0, 0, 0
6.994, 0, 0, 0, 0
7.007, 0, 0, 0, 0
7.021, 0, 0, 0, 0
7.034, 0, 0, 0, 0
7.047, 0, 0, 0, 0
7.06, 0, 0, 0, 0
7.073, 0, 0, 0, 0
7.086, 0, 0, 0, 0
7.099, 0, 0, 0, 0
7.112, 0, 0, 0, 0
7.125, 0, 0, 0, 0
7.139, 0, 0, 0, 0
7.152, 0, 0, 0, 0
7.166, 0, 0, 0, 0
7.18, 0, 0, 0, 0
7.194, 0, 0, 0, 0
7.207, 0, 0, 0, 0
7.22, 0, 0, 0, 0
7.232, 0, 0, 0, 0
7.245, 0, 0, 0, 0
7.258, 0, 0, 0, 0
7.271, 0, 0, 0, 0
7.284, 0, 0, 0, 0
7.296, 0, 0, 0, 0
7.309, 0, 0, 0, 0
7.322, 0, 0, 0, 0
7.335, 0, 0, 0, 0
7.347, 0, 0, 0, 0
7.358, 0, 0, 0, 0
7.371, 0, 0, 0, 0
7.383, 0, 0, 0, 0
7.395, 0, 0, 0, 0
7.409, 0, 0, 0, 0
7.421, 0, 0, 0, 0
7.434, 0, 0, 0, 0
7.447, 0, 0, 0, 0
7.46, 0, 0, 0, 0
7.473, 0, 0, 0, 0
7.486, 0, 0, 0, 0
7.499, 0, 0, 0, 0
7.512, 0, 0, 0, 0
7.525, 0, 0, 0, 0
7.537, 0, 0, 0, 0
7.552, 0, 0, 0, 0
7.564, 0, 0, 0, 0
7.577, 0, 0, 0, 0
7.591, 0, 0, 0, 0
7.605, 0, 0, 0, 0
7.617, 0, 0, 0, 0
7.63, 0, 0, 0, 0
7.642, 0, 0, 0, 0
7.656, 0, 0, 0, 0
7.668, 0, 0, 0, 0
7.681, 0, 0, 0, 0
7.694, 0, 0, 0, 0
7.707, 0, 0, 0, 0
7.72, 0, 0, 0, 0
7.732, 0, 0, 0, 0
7.745, 0, 0, 0, 0
7.758, 0, 0, 0, 0
7.77, 0, 0, 0, 0
7.783, 0, 0, 0, 0
7.796, 0, 0, 0, 0
7.808, 0, 0, 0, 0
7.82, 0, 0, 0, 0
7.833, 0, 0, 0, 0
7.845, 0, 0, 0, 0
7.858, 0, 0, 0, 0
7.87, 0, 0, 0, 0
7.883, 0, 0, 0, 0
7.896, 0, 0, 0, 0
7.908, 0, 0, 0, 0
7.92, 0, 0, 0, 0
7.933, 0, 0, 0, 0
7.948, 0, 0, 0, 0
7.961, 0, 0, 0, 0
7.973, 0, 0, 0, 0
7.986, 0, 0, 0, 0
7.998, 0, 0, 0, 0
8.011, 0, 0, 0, 0
8.023, 0, 0, 0, 0
8.036, 0, 0, 0, 0
8.049, 0, 0, 0, 0
8.061, 0, 0, 0, 0
8.074, 0, 0, 0, 0
8.087, 0, 0, 0, 0
8.1, 0, 0, 0, 0
8.112, 0, 0, 0, 0
8.125, 0, 0, 0, 0
8.138, 0, 0, 0, 0
8.152, 0, 0, 0, 0
8.165, 0, 0, 0, 0
8.178, 0, 0, 0, 0
8.19, 0, 0, 0, 0
8.203, 0, 0, 0, 0
8.215, 0, 0, 0, 0
8.228, 0, 0, 0, 0
8.241, 0, 0, 0, 0
8.254, 0, 0, 0, 0
8.267, 0, 0, 0, 0
8.28, 0, 0, 0, 0
8.292, 0, 0, 0, 0
8.305, 0, 0, 0, 0
8.318, 0, 0, 0, 0
8.331, 0, 0, 0, 0
8.344, 0, 0, 0, 0
8.357, 0, 0, 0, 0
8.37, 0, 0, 0, 0
8.384, 0, 0, 0, 0
8.398, 0, 0, 0, 0
8.411, 0, 0, 0, 0
8.423, 0, 0, 0, 0
8.437, 0, 0, 0, 0
8.449, 0, 0, 0, 0
8.462, 0, 0, 0, 0
8.475, 0, 0, 0, 0
8.488, 0, 0, 0, 0
8.502, 0, 0, 0, 0
8.515, 0, 0, 0, 0
8.528, 0, 0, 0, 0
8.54, 0, 0, 0, 0
8.554, 0, 0, 0, 0
8.567, 0, 0, 0, 0
8.58, 0, 0, 0, 0
8.593, 0, 0, 0, 0
8.606, 0, 0, 0, 0
8.618, 0, 0, 0, 0
8.631, 0, 0, 0, 0
8.644, 0, 0, 0, 0
8.657, 0, 0, 0, 0
8.67, 0, 0, 0, 0
8.683, 0, 0, 0, 0
8.697, 0, 0, 0, 0
8.71, 0, 0, 0, 0
8.723, 0, 0, 0, 0
8.737, 0, 0, 0, 0
8.749, 0, 0, 0, 0
8.762, 0, 0, 0, 0
8.775, 0, 0, 0, 0
8.788, 0, 0, 0, 0
8.8, 0, 0, 0, 0
8.813, 0, 0, 0, 0
8.827, 0, 0, 0, 0
8.839, 0, 0, 0, 0
8.852, 0, 0, 0, 0
8.864, 0, 0, 0, 0
8.876, 0, 0, 0, 0
8.889, 0, 0, 0, 0
8.901, 0, 0, 0, 0
8.913, 0, 0, 0, 0
8.926, 0, 0, 0, 0
8.94, 0, 0, 0, 0
8.952, 0, 0, 0, 0
8.964, 0, 0, 0, 0
8.977, 0, 0, 0, 0
8.989, 0, 0, 0, 0
9.002, 0, 0, 0, 0
9.014, 0, 0, 0, 0
9.027, 0, 0, 0, 0
9.039, 0, 0, 0, 0
9.053, 0, 0, 0, 0
9.066, 0, 0, 0, 0
9.079, 0, 0, 0, 0
9.091, 0, 0, 0, 0
9.104, 0, 0, 0, 0
9.116, 0, 0, 0, 0
9.128, 0, 0, 0, 0
9.141, 0, 0, 0, 0
9.154, 0, 0, 0, 0
9.166, 0, 0, 0, 0
9.179, 0, 0, 0, 0
9.191, 0, 0, 0, 0
9.203, 0, 0, 0, 0
9.216, 0, 0, 0, 0
9.228, 0, 0, 0, 0
9.24, 0, 0, 0, 0
9.253, 0, 0, 0, 0
9.266, 0, 0, 0, 0
9.278, 0, 0, 0, 0
9.291, 0, 0, 0, 0
9.303, 0, 0, 0, 0
9.315, 0, 0, 0, 0
9.328, 0, 0, 0, 0
9.34, 0, 0, 0, 0
9.353, 0, 0, 0, 0
9.365, 0, 0, 0, 0
9.377, 0, 0, 0, 0
9.39, 0, 0, 0, 0
9.402, 0, 0, 0, 0
9.414, 0, 0, 0, 0
9.427, 0, 0, 0, 0
9.439, 0, 0, 0, 0
9.451, 0, 0, 0, 0
9.464, 0, 0, 0, 0
9.476, 0, 0, 0, 0
9.489, 0, 0, 0, 0
9.501, 0, 0, 0, 0
9.513, 0, 0, 0, 0
9.526, 0, 0, 0, 0
9.538, 0, 0, 0, 0
9.55, 0, 0, 0, 0
9.563, 0, 0, 0, 0
9.575, 0, 0, 0, 0
9.588, 0, 0, 0, 0
9.6, 0, 0, 0, 0
9.612, 0, 0, 0, 0
9.625, 0, 0, 0, 0
9.637, 0, 0, 0, 0
9.65, 0, 0, 0, 0
9.662, 0, 0, 0, 0
9.674, 0, 0, 0, 0
9.687, 0, 0, 0, 0
9.699, 0, 0, 0, 0
9.711, 0, 0, 0, 0
9.724, 0, 0, 0, 0
9.736, 0, 0, 0, 0
9.749, 0, 0, 0, 0
9.761, 0, 0, 0, 0
9.774, 0, 0, 0, 0
9.786, 0, 0, 0, 0
9.799, 0, 0, 0, 0
9.811, 0, 0, 0, 0
9.824, 0, 0, 0, 0
9.837, 0, 0, 0, 0
9.85, 0, 0, 0, 0
9.863, 0, 0, 0, 0
9.876, 0, 0, 0, 0
9.889, 0, 0, 0, 0
9.902, 0, 0, 0, 0
9.914, 0, 0, 0, 0
9.928, 0, 0, 0, 0
9.94, 0, 0, 0, 0
9.953, 0, 0, 0, 0
9.966, 0, 0, 0, 0
9.979, 0, 0, 0, 0
9.992, 0, 0, 0, 0
10.004, 0, 0, 0, 0
10.017, 0, 0, 0, 0
10.03, 0, 0, 0, 0
10.042, 0, 0, 0, 0
10.055, 0, 0, 0, 0
10.068, 0, 0, 0, 0
10.081, 0, 0, 0, 0
10.095, 0, 0, 0, 0
10.108, 0, 0, 0, 0
10.121, 0, 0, 0, 0
10.133, 0, 0, 0, 0
10.146, 0, 0, 0, 0
10.159, 0, 0, 0, 0
10.172, 0, 0, 0, 0
10.185, 0, 0, 0, 0
10.198, 0, 0, 0, 0
10.211, 0, 0, 0, 0
10.224, 0, 0, 0, 0
10.236, 0, 0, 0, 0
10.249, 0, 0, 0, 0
10.262, 0, 0, 0, 0
10.275, 0, 0, 0, 0
10.288, 0, 0, 0, 0
10.301, 0, 0, 0, 0
10.313, 0, 0, 0, 0
10.324, 0, 0, 0, 0
10.337, 0, 0, 0, 0
10.35, 0, 0, 0, 0
10.362, 0, 0, 0, 0
10.377, 0, 0, 0, 0
10.39, 0, 0, 0, 0
10.403, 0, 0, 0, 0
10.417, 0, 0, 0, 0
10.43, 0, 0, 0, 0
10.443, 0, 0, 0, 0
10.455, 0, 0, 0, 0
10.468, 0, 0, 0, 0
10.481, 0, 0, 0, 0
10.493, 0, 0, 0, 0
10.506, 0, 0, 0, 0
10.519, 0, 0, 0, 0
10.532, 0, 0, 0, 0
10.546, 0, 0, 0, 0
10.559, 0, 0, 0, 0
10.572, 0, 0, 0, 0
10.585, 0, 0, 0, 0
10.597, 0, 0, 0, 0
10.61, 0, 0, 0, 0
10.623, 0, 0, 0, 0
10.636, 0, 0, 0, 0
10.649, 0, 0, 0, 0
10.663, 0, 0, 0, 0
10.675, 0, 0, 0, 0
10.688, 0, 0, 0, 0
10.7, 0, 0, 0, 0
10.713, 0, 0, 0, 0
10.725, 0, 0, 0, 0
10.738, 0, 0, 0, 0
10.75, 0, 0, 0, 0
10.762, 0, 0, 0, 0
10.775, 0, 0, 0, 0
10.787, 0, 0, 0, 0
10.8, 0, 0, 0, 0
10.812, 0, 0, 0, 0
10.825, 0, 0, 0, 0
10.837, 0, 0, 0, 0
10.85, 0, 0, 0, 0
10.862, 0, 0, 0, 0
10.875, 0, 0, 0, 0
10.887, 0, 0, 0, 0
10.9, 0, 0, 0, 0
10.912, 0, 0, 0, 0
10.925, 0, 0, 0, 0
10.938, 0, 0, 0, 0
10.951, 0, 0, 0, 0
10.964, 0, 0, 0, 0
10.977, 0, 0, 0, 0
10.99, 0, 0, 0, 0
11.002, 0, 0, 0, 0
11.015, 0, 0, 0, 0
11.028, 0, 0, 0, 0
11.041, 0, 0, 0, 0
11.054, 0, 0, 0, 0
11.067, 0, 0, 0, 0
11.08, 0, 0, 0, 0
11.093, 0, 0, 0, 0
11.106, 0, 0, 0, 0
11.119, 0, 0, 0, 0
11.132, 0, 0, 0, 0
11.145, 0, 0, 0, 0
11.158, 0, 0, 0, 0
11.172, 0, 0, 0, 0
11.185, 0, 0, 0, 0
11.197, 0, 0, 0, 0
11.211, 0, 0, 0, 0
11.223, 0, 0, 0, 0
11.236, 0, 0, 0, 0
11.248, 0, 0, 0, 0
11.261, 0, 0, 0, 0
11.273, 0, 0, 0, 0
11.285, 0, 0, 0, 0
11.298, 0, 0, 0, 0
11.31, 0, 0, 0, 0
11.321, 0, 0, 0, 0
11.334, 0, 0, 0, 0
11.347, 0, 0, 0, 0
11.359, 0, 0, 0, 0
11.372, 0, 0, 0, 0
11.385, 0, 0, 0, 0
11.398, 0, 0, 0, 0
11.41, 0, 0, 0, 0
11.422, 0, 0, 0, 0
11.435, 0, 0, 0, 0
11.447, 0, 0, 0, 0
11.46, 0, 0, 0, 0
11.472, 0, 0, 0, 0
11.484, 0, 0, 0, 0
11.497, 0, 0, 0, 0
11.509, 0, 0, 0, 0
11.522, 0, 0, 0, 0
11.534, 0, 0, 0, 0
11.547, 0, 0, 0, 0
11.559, 0, 0, 0, 0
11.572, 0, 0, 0, 0
11.585, 0, 0, 0, 0
11.597, 0, 0, 0, 0
11.61, 0, 0, 0, 0
11.623, 0, 0, 0, 0
11.636, 0, 0, 0, 0
11.648, 0, 0, 0, 0
11.66, 0, 0, 0, 0
11.673, 0, 0, 0, 0
11.685, 0, 0, 0, 0
11.698, 0, 0, 0, 0
11.71, 0, 0, 0, 0
11.722, 0, 0, 0, 0
11.735, 0, 0, 0, 0
11.747, 0, 0, 0, 0
11.76, 0, 0, 0, 0
11.772, 0, 0, 0, 0
11.785, 0, 0, 0, 0
11.797, 0, 0, 0, 0
11.809, 0, 0, 0, 0
11.822, 0, 0, 0, 0
11.834, 0, 0, 0, 0
11.847, 0, 0, 0, 0
11.859, 0, 0, 0, 0
11.872, 0, 0, 0, 0
11.884, 0, 0, 0, 0
11.897, 0, 0, 0, 0
11.909, 0, 0, 0, 0
11.922, 0, 0, 0, 0
11.934, 0, 0, 0, 0
11.947, 0, 0, 0, 0
11.959, 0, 0, 0, 0
11.972, 0, 0, 0, 0
11.984, 0, 0, 0, 0
11.997, 0, 0, 0, 0
12.008, 0, 0, 0, 0
12.021, 0, 0, 0, 0
12.034, 0, 0, 0, 0
12.046, 0, 0, 0, 0
12.059, 0, 0, 0, 0
12.072, 0, 0, 0, 0
12.085, 0, 0, 0, 0
12.097, 0, 0, 0, 0
12.109, 0, 0, 0, 0
12.122, 0, 0, 0, 0
12.134, 0, 0, 0, 0
12.147, 0, 0, 0, 0
12.159, 0, 0, 0, 0
12.172, 0, 0, 0, 0
12.184, 0, 0, 0, 0
12.196, 0, 0, 0, 0
12.213, 0, 0, 0, 0
12.226, 0, 0, 0, 0
12.238, 0, 0, 0, 0
12.251, 0, 0, 0, 0
12.263, 0, 0, 0, 0
12.275, 0, 0, 0, 0
12.288, 0, 0, 0, 0
12.3, 0, 0, 0, 0
12.313, 0, 0, 0, 0
12.325, 0, 0, 0, 0
12.337, 0, 0, 0, 0
12.35, 0, 0, 0, 0
12.362, 0, 0, 0, 0
12.375, 0, 0, 0, 0
12.387, 0, 0, 0, 0
12.4, 0, 0, 0, 0
12.412, 0, 0, 0, 0
12.424, 0, 0, 0, 0
12.437, 0, 0, 0, 0
12.449, 0, 0, 0, 0
12.461, 0, 0, 0, 0
12.474, 0, 0, 0, 0
12.487, 0, 0, 0, 0
12.499, 0, 0, 0, 0
12.511, 0, 0, 0, 0
12.524, 0, 0, 0, 0
12.536, 0, 0, 0, 0
12.548, 0, 0, 0, 0
12.561, 0, 0, 0, 0
12.574, 0, 0, 0, 0
12.586, 0, 0, 0, 0
12.599, 0, 0, 0, 0
12.611, 0, 0, 0, 0
12.624, 0, 0, 0, 0
12.636, 0, 0, 0, 0
12.648, 0, 0, 0, 0
12.661, 0, 0, 0, 0
12.673, 0, 0, 0, 0
12.686, 0, 0, 0, 0
12.698, 0, 0, 0, 0
12.711, 0, 0, 0, 0
12.723, 0, 0, 0, 0
12.736, 0, 0, 0, 0
12.748, 0, 0, 0, 0
12.761, 0, 0, 0, 0
12.776, 0, 0, 0, 0
12.788, 0, 0, 0, 0
12.8, 0, 0, 0, 0
12.813, 0, 0, 0, 0
12.825, 0, 0, 0, 0
12.838, 0, 0, 0, 0
12.85, 0, 0, 0, 0
12.862, 0, 0, 0, 0
12.875, 0, 0, 0, 0
12.887, 0, 0, 0, 0
12.9, 0, 0, 0, 0
12.912, 0, 0, 0, 0
12.924, 0, 0, 0, 0
12.937, 0, 0, 0, 0
12.949, 0, 0, 0, 0
12.962, 0, 0, 0, 0
12.974, 0, 0, 0, 0
12.987, 0, 0, 0, 0
12.999, 0, 0, 0, 0
13.012, 0, 0, 0, 0
13.025, 0, 0, 0, 0
13.037, 0, 0, 0, 0
13.05, 0, 0, 0, 0
13.063, 0, 0, 0, 0
13.076, 0, 0, 0, 0
13.088, 0, 0, 0, 0
13.101, 0, 0, 0, 0
13.114, 0, 0, 0, 0
13.126, 0, 0, 0, 0
13.139, 0, 0, 0, 0
13.152, 0, 0, 0, 0
13.165, 0, 0, 0, 0
13.178, 0, 0, 0, 0
13.191, 0, 0, 0, 0
13.203, 0, 0, 0, 0
13.215, 0, 0, 0, 0
13.228, 0, 0, 0, 0
13.24, 0, 0, 0, 0
13.253, 0, 0, 0, 0
13.266, 0, 0, 0, 0
13.279, 0, 0, 0, 0
13.291, 0, 0, 0, 0
13.303, 0, 0, 0, 0
13.316, 0, 0, 0, 0
13.328, 0, 0, 0, 0
13.341, 0, 0, 0, 0
13.354, 0, 0, 0, 0
13.366, 0, 0, 0, 0
13.379, 0, 0, 0, 0
13.392, 0, 0, 0, 0
13.405, 0, 0, 0, 0
13.418, 0, 0, 0, 0
13.43, 0, 0, 0, 0
13.443, 0, 0, 0, 0
13.456, 0, 0, 0, 0
13.469, 0, 0, 0, 0
13.482, 0, 0, 0, 0
13.494, 0, 0, 0, 0
13.507, 0, 0, 0, 0
13.52, 0, 0, 0, 0
13.532, 0, 0, 0, 0
13.545, 0, 0, 0, 0
13.557, 0, 0, 0, 0
13.57, 0, 0, 0, 0
13.583, 0, 0, 0, 0
13.596, 0, 0, 0, 0
13.608, 0, 0, 0, 0
13.622, 0, 0, 0, 0
13.634, 0, 0, 0, 0
13.647, 0, 0, 0, 0
13.66, 0, 0, 0, 0
13.673, 0, 0, 0, 0
13.686, 0, 0, 0, 0
13.698, 0, 0, 0, 0
13.711, 0, 0, 0, 0
13.723, 0, 0, 0, 0
13.736, 0, 0, 0, 0
13.749, 0, 0, 0, 0
13.761, 0, 0, 0, 0
13.774, 0, 0, 0, 0
13.787, 0, 0, 0, 0
13.8, 0, 0, 0, 0
13.812, 0, 0, 0, 0
13.824, 0, 0, 0, 0
13.837, 0, 0, 0, 0
13.85, 0, 0, 0, 0
13.862, 0, 0, 0, 0
13.875, 0, 0, 0, 0
13.888, 0, 0, 0, 0
13.9, 0, 0, 0, 0
13.913, 0, 0, 0, 0
13.925, 0, 0, 0, 0
13.938, 0, 0, 0, 0
13.95, 0, 0, 0, 0
13.963, 0, 0, 0, 0
13.976, 0, 0, 0, 0
13.989, 0, 0, 0, 0
14.002, 0, 0, 0, 0
14.015, 0, 0, 0, 0
14.029, 0, 0, 0, 0
14.042, 0, 0, 0, 0
14.054, 0, 0, 0, 0
14.067, 0, 0, 0, 0
14.08, 0, 0, 0, 0
14.093, 0, 0, 0, 0
14.106, 0, 0, 0, 0
14.119, 0, 0, 0, 0
14.132, 0, 0, 0, 0
14.145, 0, 0, 0, 0
14.158, 0, 0, 0, 0
14.171, 0, 0, 0, 0
14.184, 0, 0, 0, 0
14.197, 0, 0, 0, 0
14.21, 0, 0, 0, 0
14.222, 0, 0, 0, 0
14.235, 0, 0, 0, 0
14.248, 0, 0, 0, 0
14.262, 0, 0, 0, 0
14.274, 0, 0, 0, 0
14.287, 0, 0, 0, 0
14.3, 0, 0, 0, 0
14.312, 0, 0, 0, 0
14.325, 0, 0, 0, 0
14.339, 0, 0, 0, 0
14.352, 0, 0, 0, 0
14.364, 0, 0, 0, 0
14.377, 0, 0, 0, 0
14.389, 0, 0, 0, 0
14.402, 0, 0, 0, 0
14.415, 0, 0, 0, 0
14.428, 0, 0, 0, 0
14.44, 0, 0, 0, 0
14.453, 0, 0, 0, 0
14.466, 0, 0, 0, 0
14.478, 0, 0, 0, 0
14.491, 0, 0, 0, 0
14.504, 0, 0, 0, 0
14.517, 0, 0, 0, 0
14.53, 0, 0, 0, 0
14.542, 0, 0, 0, 0
14.555, 0, 0, 0, 0
14.568, 0, 0, 0, 0
14.581, 0, 0, 0, 0
14.594, 0, 0, 0, 0
14.606, 0, 0, 0, 0
14.619, 0, 0, 0, 0
14.632, 0, 0, 0, 0
14.644, 0, 0, 0, 0
14.657, 0, 0, 0, 0
14.67, 0, 0, 0, 0
14.683, 0, 0, 0, 0
14.695, 0, 0, 0, 0
14.708, 0, 0, 0, 0
14.721, 0, 0, 0, 0
14.733, 0, 0, 0, 0
14.746, 0, 0, 0, 0
14.76, 0, 0, 0, 0
14.774, 0, 0, 0, 0
14.786, 0, 0, 0, 0
14.799, 0, 0, 0, 0
14.812, 0, 0, 0, 0
14.824, 0, 0, 0, 0
14.837, 0, 0, 0, 0
14.85, 0, 0, 0, 0
14.863, 0, 0, 0, 0
14.876, 0, 0, 0, 0
14.889, 0, 0, 0, 0
14.902, 0, 0, 0, 0
14.916, 0, 0, 0, 0
14.928, 0, 0, 0, 0
14.942, 0, 0, 0, 0
14.954, 0, 0, 0, 0
14.966, 0, 0, 0, 0
14.979, 0, 0, 0, 0
14.991, 0, 0, 0, 0
15.004, 0, 0, 0, 0
15.016, 0, 0, 0, 0
15.029, 0, 0, 0, 0
15.042, 0, 0, 0, 0
15.054, 0, 0, 0, 0
15.067, 0, 0, 0, 0
15.08, 0, 0, 0, 0
15.093, 0, 0, 0, 0
15.105, 0, 0, 0, 0
15.118, 0, 0, 0, 0
15.131, 0, 0, 0, 0
15.143, 0, 0, 0, 0
15.156, 0, 0, 0, 0
15.168, 0, 0, 0, 0
15.181, 0, 0, 0, 0
15.193, 0, 0, 0, 0
15.207, 0, 0, 0, 0
