0, 0, 0, 0, 0
0.013, 1, 360, 0, 3599.42
0.024, 1, 360, 0.683891, 0
0.036, 1, 360, 1.57295, 0
0.05, 1, 360, 2.73556, 0
0.072, 1, 360, 4.10334, 97.5871
0.089, 1, 360, 5.47112, 82.4958
0.11, 1, 360, 7.5228, 92.501
0.13, 1, 360, 9.16413, 48.3999
0.151, 1, 360, 10.8055, 120.669
0.172, 1, 360, 12.8571, 72.3082
0.199, 1, 360, 14.7036, 115.327
0.217, 1, 360, 14.8404, 461.88
0.231, 1, 360, 16.8921, 30.9873
0.245, 1, 360, 18.0547, 0
0.259, 1, 360, 19.4225, 89.6514
0.281, 1, 360, 21.1322, 77.8919
0.302, 1, 360, 22.5684, 84.1194
0.321, 1, 360, 24.4149, 77.1886
0.342, 1, 360, 25.8511, 85.9159
0.359, 1, 360, 27.3556, 88.396
0.38, 1, 360, 29.1337, 68.7327
0.403, 1, 360, 30.6383, 81.1533
0.422, 1, 360, 32.5532, 62.3135
0.441, 1, 360, 34.0578, 110.97
0.469, 1, 360, 36.2462, 76.208
0.491, 1, 360, 38.0243, 185.336
0.509, 1, 360, 39.1185, 75.971
0.527, 1, 360, 40.8967, 120.139
0.548, 1, 360, 42.538, 71.8561
0.573, 1, 360, 44.3845, 90.223
0.589, 1, 360, 46.231, 75.1941
0.613, 1, 360, 47.7356, 73.5366
0.632, 1, 360, 49.1717, 61.8906
0.646, 1, 360, 50.1976, 755.68
0.66, 1, 360, 51.3602, 124.57
0.674, 1, 360, 52.4544, 0
0.689, 1, 360, 53.617, 107.361
0.703, 1, 360, 54.7112, 183.185
0.716, 1, 360, 55.8055, 93.8122
0.731, 1, 360, 57.1049, 104.252
0.751, 1, 360, 58.9514, 69.4587
0.774, 1, 360, 60.7979, 76.0724
0.796, 1, 360, 62.1657, 74.3521
0.813, 1, 360, 64.0122, 61.5148
0.839, 1, 360, 66.5426, -12.2298
0.875, 1, 360, 66.5426, 0
0.89, 1, 360, 69.962, 0
0.905, 1, 360, 71.0562, 0
0.92, 1, 360, 72.2188, 120.086
0.933, 1, 360, 73.3131, 0
0.948, 1, 360, 74.4757, 60.8444
0.961, 1, 360, 75.5015, 0
0.977, 1, 360, 76.6641, 61.1709
0.992, 1, 360, 77.9635, 122.561
1.006, 1, 360, 79.0578, 61.4457
1.02, 1, 360, 80.2204, 331.986
1.035, 1, 360, 81.383, 118.834
1.048, 1, 360, 82.4772, 48.6755
1.064, 1, 360, 83.7082, 31.6177
1.078, 1, 360, 84.8708, 35.8998
1.094, 1, 360, 86.307, 77.0321
1.114, 1, 360, 88.1535, 114.94
1.133, 1, 360, 89.2477, 82.5556
1.151, 1, 360, 91.0258, 87.8284
1.173, 1, 360, 92.462, 556.009
1.189, 1, 360, 93.7614, 147.39
1.202, 1, 360, 94.8556, 94.3297
1.224, 1, 360, 96.9073, 74.5141
1.278, 1, 360, 102.242, -13.0277
1.318, 1, 360, 104.567, -305.946
1.351, 1, 360, 108.602, 83.2389
1.406, 1, 360, 110.38, -661.501
1.443, 1, 360, 114.278, 0
1.455, 1, 360, 115.372, 62.059
1.47, 1, 360, 116.467, 35.7496
1.484, 1, 360, 117.629, 61.6951
1.498, 1, 360, 118.723, 799.872
1.511, 1, 360, 119.818, 93.2578
1.527, 1, 360, 120.98, 108.468
1.54, 1, 360, 122.143, 62.3135
1.555, 1, 360, 123.305, 61.3905
1.568, 1, 360, 124.331, 60.8444
1.582, 1, 360, 125.357, 121.15
1.596, 1, 360, 126.588, 80.1557
1.611, 1, 360, 127.682, 0
1.626, 1, 360, 128.845, 0
1.64, 1, 360, 130.623, 64.5992
1.663, 1, 360, 132.059, 40.2525
1.68, 1, 360, 133.495, 87.6595
1.701, 1, 360, 135.41, 239.123
1.72, 1, 360, 136.847, 60.1487
1.737, 1, 360, 138.283, 168.862
1.76, 1, 360, 139.787, 76.1359
1.777, 1, 360, 141.155, 51.9082
1.794, 1, 360, 142.591, 69.8418
1.814, 1, 360, 144.711, 74.3198
1.84, 1, 360, 146.558, 31233.3
1.866, 1, 360, 148.404, 65.8981
1.885, 1, 360, 0.136778, 67773.8
1.909, 1, 360, 151.824, 60.7633
1.923, 1, 360, 152.918, 45.8679
1.937, 1, 360, 154.081, 57.4698
1.953, 1, 360, 155.243, 871.198
1.967, 1, 360, 156.406, 131.014
1.982, 1, 360, 157.568, 93.7264
1.996, 1, 360, 158.663, 39.877
2.01, 1, 360, 159.825, 347.153
2.024, 1, 360, 160.919, 68.3344
2.043, 1, 360, 162.903, 61.501
2.061, 1, 360, 164.339, 85.2377
2.084, 1, 360, 166.117, 0
2.103, 1, 360, 167.622, 68.6913
2.126, 1, 360, 169.468, 93.3427
2.145, 1, 360, 170.973, 81.6748
2.165, 1, 360, 172.272, 77.1015
2.179, 1, 360, 173.777, 109.248
2.203, 1, 360, 175.623, 62.2284
2.218, 1, 360, 176.717, 88.9517
2.239, 1, 360, 178.701, 87.6408
2.259, 1, 360, 180.41, 75.4014
2.28, 1, 360, 181.505, 34.2802
2.293, 1, 360, 182.667, 52.9327
2.307, 1, 360, 183.761, 60.2016
2.32, 1, 360, 184.856, 388.574
2.335, 1, 360, 186.018, 61.6673
2.348, 1, 360, 187.044, 0
2.364, 1, 360, 188.207, 506.586
2.377, 1, 360, 189.369, 92.0445
2.392, 1, 360, 190.532, 61.6118
2.406, 1, 360, 191.626, 41.8794
2.42, 1, 360, 192.789, 0
2.434, 1, 360, 193.883, 62.2851
2.447, 1, 360, 194.909, 124.684
2.46, 1, 360, 196.003, 60.8173
2.478, 1, 360, 197.439, 62.4558
2.493, 1, 360, 198.944, 73.0457
2.515, 1, 360, 0, -1.00224e+08
2.527, 1, 360, 201.064, 0
2.541, 1, 360, 201.953, 60.8714
2.556, 1, 360, 202.979, 92.501
2.57, 1, 360, 204.073, 96.5265
2.584, 1, 360, 205.167, 94.1566
2.599, 1, 360, 206.398, 260.034
2.614, 1, 360, 207.629, 31.6177
2.629, 1, 360, 208.792, 94.3731
2.644, 1, 360, 209.886, 87.2309
2.658, 1, 360, 210.912, 137.881
2.67, 1, 360, 212.28, 74.5466
2.693, 1, 360, 214.195, 123.002
2.711, 1, 360, 215.631, 82.8356
2.733, 1, 360, 217.067, 63.4996
2.747, 1, 360, 218.093, 122.342
2.76, 1, 360, 219.119, 63.0314
2.773, 1, 360, 220.35, 72.7543
2.79, 1, 360, 221.786, 70.2868
2.81, 1, 360, 223.632, 70.7961
2.83, 1, 360, 225.068, 74.4168
2.847, 1, 360, 226.163, 61.6673
2.861, 1, 360, 227.53, 75.6851
2.881, 1, 360, 228.967, 62.7135
2.895, 1, 360, 230.54, 75.8474
2.916, 1, 360, 231.976, 121.978
2.933, 1, 360, 233.412, 74.3844
2.954, 1, 360, 235.122, 85.7937
2.994, 1, 360, 237.173, 57.6474
3.025, 1, 360, 241.14, 84.223
3.046, 1, 360, 242.576, 98.9711
3.062, 1, 360, 243.67, 92.1996
3.079, 1, 360, 245.38, 72.3235
3.101, 1, 360, 245.859, 55.4881
3.115, 1, 360, 247.979, 70.3591
3.129, 1, 360, 248.184, 639.719
3.147, 1, 360, 251.056, 86.7148
3.173, 1, 360, 252.971, 83.4692
3.194, 1, 360, 254.886, 96.7313
3.213, 1, 360, 256.391, 75.1528
3.233, 1, 360, 256.664, 0
3.251, 1, 360, 259.058, 125.026
3.265, 1, 360, 260.152, 120.244
3.279, 1, 360, 261.315, 120.509
3.293, 1, 360, 262.34, 53.304
3.307, 1, 360, 263.708, 174.664
3.328, 1, 360, 265.965, 293.847
3.356, 1, 360, 267.401, 80.4199
3.374, 1, 360, 268.837, 231.461
3.392, 1, 360, 270.752, 101.959
3.413, 1, 360, 272.257, 188.616
3.434, 1, 360, 273.761, 91.1652
3.453, 1, 360, 275.608, 71.6866
3.474, 1, 360, 277.112, 89.495
3.494, 1, 360, 278.891, 103.307
3.514, 1, 360, 280.532, 45.8833
3.533, 1, 360, 281.695, 36.0892
3.547, 1, 360, 283.131, 77.6619
3.573, 1, 360, 285.319, 0
3.592, 1, 360, 286.755, 677.119
3.616, 1, 360, 288.807, 69.1497
3.638, 1, 360, 290.243, 73.6158
3.654, 1, 360, 291.611, 90.7418
3.674, 1, 360, 293.526, 71.1941
3.697, 1, 360, 294.962, 69.6852
3.715, 1, 360, 296.809, 75.4014
3.737, 1, 360, 298.723, 0
3.761, 1, 360, 300.433, -49.001
3.782, 1, 360, 301.869, 81.9031
3.796, 1, 360, 302.964, 62.656
3.81, 1, 360, 304.468, 61.723
3.827, 1, 360, 305.836, 80.215
3.856, 1, 360, 306.862, 87.1568
3.875, 1, 360, 309.324, 74.7748
3.894, 1, 360, 311.581, -20.1026
3.92, 1, 360, 312.948, 169.981
3.933, 1, 360, 314.043, 91.4292
3.948, 1, 360, 315.137, 82.0505
3.961, 1, 360, 316.299, 0
3.976, 1, 360, 317.325, 90.6215
3.994, 1, 360, 319.24, 71.2881
4.015, 1, 360, 320.676, 78.3829
4.032, 1, 360, 322.181, 78.9105
4.053, 1, 360, 324.027, 93.3851
4.073, 1, 360, 325.532, 93.1097
4.094, 1, 360, 327.242, 109.073
4.114, 1, 360, 328.746, 25.1615
4.132, 1, 360, 330.182, 81.6488
4.151, 1, 360, 331.892, 84.5353
4.17, 1, 360, 333.465, 495.573
4.188, 1, 360, 334.901, 97.1666
4.215, 1, 360, 337.021, 289.784
4.233, 1, 360, 338.457, 120.616
4.25, 1, 360, 339.552, 68.3891
4.269, 1, 360, 341.467, 65.9278
4.291, 1, 360, 342.971, 66.6235
4.308, 1, 360, 344.202, 181.886
4.321, 1, 360, 345.638, 55.6461
4.387, 1, 360, 351.998, 80.6747
4.445, 1, 360, 356.786, 80.1747
4.508, 0.551368, 360, 360.684, 0
4.567, 0.207751, 360, 360.547, -16.5311
4.616, 0.816413, 360, 360.137, -12.016
4.658, 0.720669, 360, 359.521, -5.85322
4.704, 0.194073, 360, 359.384, 43.504
4.757, 0.202584, 360, 359.384, 0
4.79, 0.571884, 360, 359.453, 75561.4
4.813, 1, 360, 361.436, 16.5591
4.86, 0.818085, 360, 361.163, 0
4.925, 0.688146, 360, 360.479, -30.8615
4.964, 0.85228, 360, 360.342, -59.4687
4.98, 0.818085, 360, 359.863, 0
4.994, 0.626596, 360, 359.521, 0
5.017, 0.270973, 360, 359.384, 0
5.038, 0.00425532, 360, 359.384, 0
5.057, 0.488146, 360, 359.384, 0
5.077, 0.734347, 360, 359.521, 0
5.091, 0.734347, 360, 359.658, 15.6928
5.113, 0.96003, 360, 360.068, 0
5.128, 0.672796, 360, 360.41, 0
5.142, 0.262462, 360, 360.616, 0
5.155, 0.120517, 360, 360.684, 0
5.169, 0.530851, 360, 360.684, -2.54536
5.182, 0.530851, 360, 360.616, 0
5.206, 0.954863, 360, 360.274, -43.2933
5.228, 0.900152, 360, 359.316, -14.6162
5.251, 0.612918, 360, 358.906, 0
5.269, 0.647112, 360, 358.974, 0
5.291, 0.674468, 360, 359.111, 62.7999
5.312, 1, 360, 359.453, 58.7031
5.327, 1, 360, 360.205, 54.5367
5.342, 0.489818, 360, 361.026, 0
5.357, 0.749696, 360, 361.368, 0
5.371, 0.783891, 360, 361.299, 0
5.386, 0.681307, 360, 361.163, -54.9751
5.399, 0.612918, 360, 361.026, -49.6292
5.414, 0.824924, 360, 360.821, 0
5.427, 1, 360, 360.547, 0
5.441, 1, 360, 360, -62.4273
5.455, 0.701824, 360, 359.111, -46.0222
5.468, 0.783891, 360, 358.564, 0
5.482, 0.818085, 360, 358.564, 14.3193
5.506, 0.749696, 360, 358.906, 0
5.527, 0.612918, 360, 359.179, 0
5.547, 0.859119, 360, 359.453, 0
5.566, 1, 360, 359.795, 45.4111
5.588, 0.708663, 360, 360.821, 14.9028
5.616, 0.612918, 360, 361.094, -16.2252
5.638, 0.612918, 360, 360.957, 0
5.655, 0.97538, 360, 360.821, -14.4159
5.675, 1, 360, 360.274, -62.4986
5.694, 0.893313, 360, 358.906, -32.911
5.717, 0.818085, 360, 358.564, 0
5.736, 0.818085, 360, 358.769, 14.6099
5.763, 0.647112, 360, 359.111, 14.8672
5.787, 0.811246, 360, 359.384, 2.93159
5.809, 0.982219, 360, 359.863, 14.8737
5.831, 0.865957, 360, 360.479, 0
5.849, 0.421429, 360, 360.752, 0
5.877, 0.146201, 360, 360.821, 0
5.894, 0.720669, 360, 360.821, -14.6287
5.916, 1, 360, 360.068, -92.6263
5.937, 0.508663, 360, 359.179, -32.1453
5.957, 0.647112, 360, 358.769, 0
5.972, 0.715502, 360, 358.837, 0
5.99, 0.715502, 360, 358.974, 0
6.007, 0.647112, 360, 359.179, 11.3764
6.053, 0.763374, 360, 360, 15.057
6.104, 0.517173, 360, 360.479, 0
6.146, 0.291489, 360, 360.479, 0
6.165, 0.173556, 360, 360.479, 0
6.186, 0.365046, 360, 360.479, 0
6.203, 0.508663, 360, 360.479, -14.6443
6.224, 0.891641, 360, 360.274, 0
6.243, 0.884802, 360, 359.932, -13.5881
6.265, 0.65228, 360, 359.521, 0
6.283, 0.481307, 360, 359.384, 0
6.306, 0.00258359, 360, 359.384, 0
6.335, 0.489818, 360, 359.384, 0
6.356, 0.756535, 360, 359.726, 0
6.384, 0.886474, 360, 360, 53.8921
6.398, 0.886474, 360, 360.41, 30.8059
6.419, 0.264134, 360, 360.684, 0
6.456, 0.207751, 360, 360.684, 0
6.479, 0.481307, 360, 360.684, 15.3856
6.5, 0.378723, 360, 360.821, 0
6.515, 0.679635, 360, 360.821, 0
6.532, 1, 360, 360.137, -62.771
6.551, 0.77538, 360, 359.043, 0
6.573, 0.715502, 360, 358.632, 0
6.6, 0.749696, 360, 358.837, 0
6.614, 0.647112, 360, 359.043, 0
6.636, 0.818085, 360, 359.384, 12.0276
6.66, 1, 360, 359.453, 0
6.675, 0.578723, 360, 360.752, 59.4687
6.688, 0.612918, 360, 361.094, 61.8346
6.7, 0.715502, 360, 361.231, 0
6.713, 0.715502, 360, 361.163, 0
6.725, 0.647112, 360, 361.094, -13.9115
6.745, 0.612918, 360, 360.889, 0
6.764, 0.865957, 360, 360.684, -16.4793
6.785, 1, 360, 359.726, -59.4429
6.805, 0.524012, 360, 358.906, -30.5581
6.823, 0.681307, 360, 358.701, 0
6.842, 0.749696, 360, 358.837, 15.174
6.86, 0.647112, 360, 359.043, 0
6.88, 0.729179, 360, 359.248, 19.4841
6.91, 0.91383, 360, 359.863, 22.0752
6.931, 0.859119, 360, 360.274, 0
6.946, 0.544529, 360, 360.684, 0
6.965, 0.168389, 360, 360.752, 0
6.983, 0.385562, 360, 360.752, 0
7.003, 0.761702, 360, 360.684, -18.3891
7.025, 1, 360, 360.137, 0
7.042, 0.96003, 360, 359.248, -20.5003
7.069, 0.647112, 360, 358.837, 0
7.092, 0.681307, 360, 358.974, 0
7.112, 0.674468, 360, 359.179, 0
7.131, 0.948024, 360, 359.453, 0
7.148, 1, 360, 360, 69.999
7.164, 0.455623, 360, 360.889, 30.1539
7.184, 0.681307, 360, 361.299, 0
7.204, 0.749696, 360, 361.163, -86.6781
7.221, 0.681307, 360, 360.957, -13.8299
7.243, 0.770213, 360, 360.752, 0
7.26, 1, 360, 360.479, -31.2636
7.279, 1, 360, 359.384, 0
7.299, 0.455623, 360, 358.632, 0
7.321, 0.818085, 360, 358.632, 0
7.338, 0.715502, 360, 358.769, 61.6673
7.352, 0.647112, 360, 358.974, 0
7.365, 0.729179, 360, 359.111, 30.5854
7.38, 1, 360, 359.59, 39.7495
7.401, 1, 360, 360.616, 62.57
7.416, 0.647112, 360, 361.299, 35.7496
7.429, 0.818085, 360, 361.436, 0
7.444, 0.783891, 360, 361.368, 0
7.458, 0.715502, 360, 361.163, -452.908
7.472, 0.647112, 360, 361.026, 0
7.484, 0.770213, 360, 360.889, -61.9466
7.497, 1, 360, 360.684, -61.3355
7.509, 1, 360, 360.137, -120.616
7.522, 0.91383, 360, 359.384, -117.305
7.534, 0.681307, 360, 358.701, -478.245
7.547, 0.920669, 360, 358.359, 0
7.561, 0.886474, 360, 358.495, 417.006
7.575, 0.783891, 360, 358.701, 44.0651
7.588, 0.681307, 360, 358.906, 0
7.604, 0.818085, 360, 359.179, 0
7.618, 1, 360, 359.453, 29.6442
7.632, 1, 360, 360.205, 0
7.646, 0.35304, 360, 361.026, 0
7.659, 0.715502, 360, 361.299, 0
7.673, 0.749696, 360, 361.163, 0
7.693, 0.681307, 360, 361.026, 0
7.71, 0.647112, 360, 360.821, 0
7.731, 1, 360, 360.41, -37.7215
7.751, 0.982219, 360, 359.59, -40.1344
7.771, 0.134195, 360, 359.111, 0
7.786, 0.289818, 360, 358.974, 15.4517
7.824, 0.818085, 360, 359.248, 36.5326
7.844, 1, 360, 359.863, 56.3956
7.864, 0.571884, 360, 360.616, 30.3614
7.883, 0.00425532, 360, 361.026, 0
7.904, 0.612918, 360, 361.026, -315.157
7.92, 0.612918, 360, 360.889, 0
7.935, 1, 360, 360.479, -inf
7.953, 0.0110942, 360, 360, 0
7.967, 0.0452888, 360, 360, 0
7.986, 0.106839, 360, 359.932, 0
8.008, 0.134195, 360, 359.932, 322555
8.022, 0.113678, 360, 360.068, 0
8.036, 0.00258359, 360, 360.205, 0
8.049, 0.139362, 360, 360.205, 0
8.064, 0.262462, 360, 360.205, 0
8.079, 0.426596, 360, 360.205, 0
8.094, 0.549696, 360, 360.205, 0
8.109, 0.693313, 360, 360.205, 0
8.123, 0.706991, 360, 360.068, -59.007
8.137, 0.679635, 360, 360, 0
8.152, 0.515502, 360, 359.795, -59.8329
8.165, 0.351368, 360, 359.726, -30.6815
8.18, 0.132523, 360, 359.658, 0
8.206, 0.141033, 360, 359.658, 0
8.226, 0.243617, 360, 359.658, 0
8.244, 0.551368, 360, 359.658, 0
8.257, 0.72234, 360, 359.726, 0
8.272, 0.85228, 360, 359.863, 0
8.287, 0.777052, 360, 360.068, 48.026
8.3, 0.606079, 360, 360.274, 61.2805
8.314, 0.305167, 360, 360.479, 0
8.328, 0.0162614, 360, 360.547, 0
8.342, 0.371884, 360, 360.547, 0
8.357, 0.700152, 360, 360.479, 0
8.37, 0.966869, 360, 360.342, -28.2599
8.385, 1, 360, 360, 0
8.399, 0.659119, 360, 359.453, 0
8.412, 0.0778116, 360, 359.179, 0
8.426, 0.394073, 360, 359.043, 0
8.44, 1, 360, 359.111, 0
8.453, 1, 360, 359.658, 0
8.468, 1, 360, 360.547, 91.962
8.482, 0.681307, 360, 361.368, 0
8.496, 0.85228, 360, 361.573, -26.9142
8.515, 0.886474, 360, 361.505, 0
8.531, 0.681307, 360, 361.094, 0
8.543, 0.674468, 360, 360.889, -31.4144
8.559, 1, 360, 360.616, -32.2742
8.573, 1, 360, 360, -121.257
8.587, 0.469301, 360, 359.043, -60.361
8.6, 0.715502, 360, 358.632, -438.391
8.617, 0.818085, 360, 358.632, 0
8.636, 0.749696, 360, 358.906, 0
8.656, 0.647112, 360, 359.111, 0
8.676, 0.97538, 360, 359.384, 16.721
8.695, 1, 360, 360.205, 45.5623
8.718, 0.708663, 360, 360.957, 30.7505
8.74, 0.681307, 360, 361.231, 0
8.761, 0.681307, 360, 361.094, 0
8.777, 0.647112, 360, 360.889, 0
8.799, 1, 360, 360.205, -42.4425
8.827, 0.455623, 360, 359.179, -16.3649
8.847, 0.647112, 360, 358.837, 0
8.868, 0.681307, 360, 358.906, 0
8.882, 0.612918, 360, 359.111, 27.8344
8.902, 0.91383, 360, 359.384, 34.5399
8.92, 1, 360, 360.068, 80.1747
8.941, 0.455623, 360, 361.163, 17.2438
8.964, 0.749696, 360, 361.299, 6.69346
8.983, 0.681307, 360, 361.094, -30.2606
9.002, 0.647112, 360, 360.889, 0
9.018, 0.633435, 360, 360.752, -30.2874
9.038, 1, 360, 360.479, -29.529
9.056, 0.989058, 360, 359.384, -28.0513
9.077, 0.455623, 360, 358.906, 0
9.093, 0.647112, 360, 358.837, 0
9.116, 0.681307, 360, 358.974, 0
9.132, 0.612918, 360, 359.179, 0
9.148, 1, 360, 359.384, 60.1487
9.162, 1, 360, 359.932, 35.3432
9.176, 0.606079, 360, 360.821, 61.5563
9.189, 0.647112, 360, 361.299, 0
9.204, 0.783891, 360, 361.368, 0
9.217, 0.783891, 360, 361.299, 0
9.23, 0.681307, 360, 361.094, 0
9.243, 0.612918, 360, 361.026, 0
9.257, 0.920669, 360, 360.821, 0
9.27, 1, 360, 360.547, -61.1983
9.285, 1, 360, 359.795, -33.1182
9.299, 0.571884, 360, 358.906, -31.1284
9.313, 0.818085, 360, 358.495, 0
9.335, 0.818085, 360, 358.632, 13.0938
9.353, 0.681307, 360, 358.974, 18.4935
9.375, 0.674468, 360, 359.248, 15.6068
9.394, 1, 360, 359.726, 71.2633
9.415, 0.982219, 360, 360.616, 35.7123
9.432, 0.612918, 360, 361.094, 31.8237
9.456, 0.647112, 360, 361.094, 0
9.471, 0.647112, 360, 360.889, -15.9229
9.512, 0.770213, 360, 360.274, -17.1846
9.564, 0.770213, 360, 359.658, -18.3103
9.598, 0.209422, 360, 359.453, 0
9.617, 0.0983283, 360, 359.453, 0
9.637, 0.371884, 360, 359.453, 0
9.658, 0.590729, 360, 359.795, 17.2453
9.719, 0.700152, 360, 360.137, 0
9.743, 0.46079, 360, 360.41, 0
9.816, 0.0316109, 360, 360.479, 0
9.858, 0.127356, 360, 360.479, 0
9.881, 0.462462, 360, 360.41, 0
9.911, 0.558207, 360, 360.342, 0
9.944, 0.715502, 360, 360.274, -15.3407
9.968, 0.66079, 360, 359.795, -30.9453
9.991, 0.387234, 360, 359.658, 0
10.01, 0.250456, 360, 359.59, 0
10.029, 0.0504559, 360, 359.59, 0
10.049, 0.21459, 360, 359.59, 0
10.069, 0.419757, 360, 359.658, 0
10.091, 0.618085, 360, 359.726, 0
10.107, 0.679635, 360, 359.863, 0
10.125, 0.693313, 360, 360.068, 18.9129
10.147, 0.645441, 360, 360.274, 39.2589
10.163, 0.481307, 360, 360.479, 0
10.185, 0.00942249, 360, 360.479, 0
10.207, 0.182067, 360, 360.479, 0
10.228, 0.469301, 360, 360.479, 0
10.245, 0.763374, 360, 360.41, 0
10.265, 0.872796, 360, 360.068, 0
10.283, 0.886474, 360, 359.863, -22.9879
10.301, 0.647112, 360, 359.521, -407.078
10.313, 0.202584, 360, 359.316, -14.66
10.333, 0.21459, 360, 359.248, 0
10.348, 0.741185, 360, 359.248, 0
10.362, 1, 360, 359.453, 299.952
10.376, 1, 360, 360.068, 0
10.391, 0.447112, 360, 360.889, 183.022
10.408, 0.674468, 360, 361.299, 0
10.421, 0.674468, 360, 361.299, 0
10.445, 0.749696, 360, 361.094, -14.3977
10.465, 0.674468, 360, 360.821, -14.2122
10.488, 0.948024, 360, 360.479, -62.1436
10.507, 0.920669, 360, 359.795, -37.4393
10.525, 0.359878, 360, 358.974, 0
10.544, 0.647112, 360, 358.906, 0
10.559, 0.647112, 360, 358.974, 0
10.579, 0.674468, 360, 359.179, 0
10.599, 0.948024, 360, 359.453, 0
10.626, 1, 360, 361.505, 17.5222
10.668, 0.510334, 360, 361.094, -11.8167
10.746, 0.517173, 360, 360.205, 0
10.798, 0.462462, 360, 360.068, 0
10.826, 0.47614, 360, 360, 0
10.839, 0.1, 360, 359.932, 0
10.854, 0.175228, 360, 359.932, 0
10.877, 0.195745, 360, 359.932, 0
10.893, 1, 360, 360.205, 20.5065
10.916, 0.503495, 360, 360.547, 0
10.928, 0.282979, 360, 360.547, 0
10.95, 0.611246, 360, 360.479, 0
10.97, 0.782219, 360, 360.342, 3.05489
10.986, 0.830091, 360, 360, 0
11.006, 0.638602, 360, 359.726, -11.3792
11.027, 0.385562, 360, 359.453, 0
11.049, 0.173556, 360, 359.453, 0
11.071, 0.264134, 360, 359.453, 0
11.087, 0.701824, 360, 359.453, 0
11.101, 0.934347, 360, 359.59, 0
11.113, 1, 360, 359.863, 58.9053
11.127, 0.886474, 360, 360.684, 48.7449
11.144, 0.188906, 360, 361.094, 13.9115
11.162, 0.681307, 360, 361.163, 0
11.184, 0.681307, 360, 360.957, 0
11.21, 0.681307, 360, 360.752, -13.8439
11.232, 1, 360, 360, -119.561
11.25, 0.763374, 360, 359.043, -22.1754
11.271, 0.749696, 360, 358.632, 0
11.284, 0.783891, 360, 358.701, 0
11.303, 0.681307, 360, 358.906, 0
11.317, 0.647112, 360, 359.111, 0
11.339, 0.989058, 360, 359.384, 0
11.354, 0.989058, 360, 359.726, 0
11.37, 0.989058, 360, 360.068, 28.6386
11.387, 0.558207, 360, 360.547, 26.5177
11.407, 0.359878, 360, 360.821, 0
11.429, 0.412918, 360, 360.821, 0
11.449, 0.823252, 360, 360.684, -19.7828
11.476, 0.987386, 360, 359.726, -89.3975
11.497, 0.467629, 360, 358.906, -21.0363
11.52, 0.681307, 360, 358.837, 0
11.538, 0.647112, 360, 358.837, 30.8476
11.556, 0.770213, 360, 359.111, 0
11.57, 1, 360, 359.316, 62.0028
11.584, 1, 360, 359.932, 62.0309
11.599, 0.818085, 360, 360.821, 54.5367
11.612, 0.715502, 360, 361.368, 0
11.625, 0.715502, 360, 361.368, 0
11.644, 0.749696, 360, 361.231, 2.87579
11.658, 0.681307, 360, 361.094, 0
11.671, 0.674468, 360, 360.889, 0
11.685, 1, 360, 360.684, -60.4678
11.7, 1, 360, 360, -72.1023
11.716, 0.544529, 360, 358.632, 0
11.74, 0.920669, 360, 358.359, 0
11.757, 0.920669, 360, 358.632, 28.9539
11.777, 0.681307, 360, 358.974, 0
11.799, 0.674468, 360, 359.248, 0
11.812, 0.674468, 360, 359.453, 0
11.825, 0.674468, 360, 359.59, 0
11.844, 0.995897, 360, 360.547, 32.4272
11.871, 0.147872, 360, 360.957, 17.0376
11.888, 0.612918, 360, 361.026, 0
11.903, 0.612918, 360, 361.026, 0
11.918, 0.865957, 360, 360.889, 0
11.931, 1, 360, 360.616, -57.9078
11.945, 1, 360, 359.795, -44.0935
11.962, 0.647112, 360, 358.632, -45.4714
11.984, 1, 360, 358.153, 14.4129
12.002, 0.85228, 360, 358.974, 49.992
12.024, 0.674468, 360, 359.726, 11.9939
12.069, 0.503495, 360, 360, 0
12.091, 0.448784, 360, 360.137, 0
12.113, 0.270973, 360, 360.205, 0
12.128, 0.0794833, 360, 360.205, 0
12.141, 0.0231003, 360, 360.205, 0
12.156, 0.166717, 360, 360.205, 0
12.169, 0.289818, 360, 360.205, 0
12.181, 0.412918, 360, 360.205, 0
12.193, 0.536018, 360, 360.205, 0
12.206, 0.659119, 360, 360.137, 0
12.218, 0.693313, 360, 360.068, 0
12.231, 0.679635, 360, 360, 0
12.243, 0.624924, 360, 359.863, -59.314
12.256, 0.39924, 360, 359.726, 0
12.268, 0.235106, 360, 359.658, 0
12.281, 0.00425532, 360, 359.658, 0
12.293, 0.209422, 360, 359.658, 0
12.306, 0.41459, 360, 359.658, 0
12.318, 0.619757, 360, 359.658, 0
12.331, 0.811246, 360, 359.726, 31.0577
12.346, 0.872796, 360, 359.932, 33.524
12.36, 0.777052, 360, 360.205, 0
12.373, 0.489818, 360, 360.41, 62.3419
12.386, 0.195745, 360, 360.547, 0
12.401, 0.166717, 360, 360.547, 0
12.414, 0.549696, 360, 360.547, 0
12.429, 0.823252, 360, 360.547, 0
12.445, 0.96003, 360, 360.274, -15.2825
12.463, 0.89848, 360, 359.863, -20.2815
12.485, 0.727508, 360, 359.453, -0.96381
12.501, 0.488146, 360, 359.248, 0
12.526, 0.325684, 360, 359.248, 0
12.55, 0.811246, 360, 359.384, 0
12.566, 1, 360, 359.658, 33.7474
12.585, 0.893313, 360, 360.821, 36.2422
12.612, 0.647112, 360, 361.094, 0
12.631, 0.647112, 360, 361.163, 0
12.647, 0.612918, 360, 360.957, 0
12.661, 1, 360, 360.821, 0
12.676, 1, 360, 360.274, 0
12.688, 1, 360, 359.521, -181.886
12.703, 0.681307, 360, 358.701, -62.1719
12.716, 0.818085, 360, 358.495, 0
12.731, 0.85228, 360, 358.564, 38.0785
12.745, 0.783891, 360, 358.906, 14.7232
12.768, 0.674468, 360, 359.111, 15.2246
12.786, 0.906991, 360, 359.521, 36.8873
12.807, 0.872796, 360, 360.274, 61.1983
12.831, 0.462462, 360, 361.094, 5.8885
12.857, 0.612918, 360, 361.026, -7.93929
12.904, 0.647112, 360, 360.616, -5.81292
12.945, 0.640274, 360, 360.274, -14.4525
12.984, 0.701824, 360, 359.59, -5.94274
13.045, 0.318845, 360, 359.521, 0
13.086, 0.0299392, 360, 359.453, 0
13.127, 0.248784, 360, 359.453, 5.89155
13.162, 0.577052, 360, 359.658, 5.60888
13.248, 0.536018, 360, 360.41, 0
13.298, 0.194073, 360, 360.41, 0
13.32, 0.257295, 360, 360.41, 0
13.344, 0.462462, 360, 360.41, 0
13.366, 0.708663, 360, 360.274, 0
13.389, 0.811246, 360, 360.068, -2.18472
13.413, 0.742857, 360, 359.521, -5.91038
13.459, 0.298328, 360, 359.384, 0
13.495, 0.0983283, 360, 359.384, 0
13.528, 0.406079, 360, 359.453, 5.93964
13.57, 0.529179, 360, 359.932, -318490
13.632, 0.0589666, 360, 360.205, 0
13.651, 0.105167, 360, 360.274, -324571
13.67, 0.248784, 360, 360.274, 0
13.688, 0.255623, 360, 360.274, 0
13.702, 0.419757, 360, 360.274, 0
13.717, 0.583891, 360, 360.274, 0
13.73, 0.734347, 360, 0.478723, 313351
13.744, 0.0504559, 360, 360.068, 0
13.757, 0.0572948, 360, 360.068, 0
13.769, 0.0914894, 360, 360.068, 0
13.785, 0.146201, 360, 360.068, 0
13.799, 0.187234, 360, 360.068, 0
13.814, 0.228267, 360, 360.068, 0
13.828, 0.262462, 360, 360.068, 0
13.845, 0.296657, 360, 360.068, 0
13.866, 0.330851, 360, 360.068, 0
13.885, 0.344529, 360, 360.068, 0
13.903, 0.385562, 360, 360.068, 0
13.925, 0.440274, 360, 360.068, 0
13.944, 0.474468, 360, 360.068, 0
13.962, 0.508663, 360, 360, 0
13.983, 0.474468, 360, 360, 0
14.009, 0.474468, 360, 359.863, 0
14.051, 0.324012, 360, 359.795, 0
14.125, 0.159878, 360, 359.795, 0
14.138, 0.159878, 360, 359.795, 0
14.162, 0.147872, 360, 359.795, 0
14.175, 0.291489, 360, 359.795, 0
14.19, 0.41459, 360, 359.795, 0
14.205, 0.53769, 360, 359.795, 0
14.218, 0.592401, 360, 359.932, 0
14.234, 0.565046, 360, 360, 0
14.248, 0.565046, 360, 360.068, 0
14.262, 0.455623, 360, 360.137, 57.6636
14.28, 0.257295, 360, 360.274, 0
14.292, 0.0863222, 360, 360.274, 0
14.305, 0.0778116, 360, 360.274, 0
14.319, 0.241945, 360, 360.274, 0
14.333, 0.406079, 360, 360.274, 0
14.347, 0.542857, 360, 360.274, 0
14.362, 0.706991, 360, 360.205, 0
14.377, 0.748024, 360, 360.068, 0
14.39, 0.727508, 360, 359.932, -58.154
14.404, 0.727508, 360, 359.726, 0
14.419, 0.529179, 360, 359.521, -14.5633
14.442, 0.0231003, 360, 359.453, 0
14.464, 0.195745, 360, 359.453, 0
14.51, 0.524012, 360, 359.521, 0
14.541, 1, 360, 360, 45.7146
14.563, 0.0231003, 360, 360.41, 5.90222
14.606, 0.241945, 360, 360.479, 0
14.629, 0.508663, 360, 360.41, -5.71003
14.67, 0.65228, 360, 360.137, -11.7125
14.708, 0.65228, 360, 359.726, 0
14.735, 0.27614, 360, 359.59, -16.9322
14.754, 0.0110942, 360, 359.521, -14.5478
14.773, 0.298328, 360, 359.453, 0
14.797, 0.640274, 360, 359.521, -85145.7
14.819, 0.831763, 360, 359.726, 14.168
14.838, 0.325684, 360, 359.932, 0
14.86, 0.318845, 360, 360, 0
14.908, 0.298328, 360, 360, 0
14.949, 0.298328, 360, 360, 0
15, 0.298328, 360, 360, 0.440325
15.018, 0.298328, 360, 360, 0
15.03, 0.0179331, 360, 359.795, 0
15.045, 0.207751, 360, 359.726, 0
15.06, 0.371884, 360, 359.726, 0
15.073, 0.536018, 360, 359.726, 0
15.087, 0.618085, 360, 359.726, 0
15.106, 0.727508, 360, 359.863, 0
15.122, 0.761702, 360, 360.068, 29.9623
15.145, 0.508663, 360, 360.342, 0
15.167, 0.262462, 360, 360.479, 0
15.184, 0.043617, 360, 360.479, 0
15.199, 0.1, 360, 360.479, 0
15.223, 0.435106, 360, 360.479, 0
15.245, 0.777052, 360, 360.274, 0
15.268, 0.838602, 360, 360, -14.4098
15.285, 0.640274, 360, 359.658, 0
15.308, 0.373556, 360, 359.453, 0
15.336, 0.166717, 360, 359.453, -307751
15.354, 0.27614, 360, 359.453, 0
15.369, 0.482979, 360, 359.521, 0
15.391, 0.91383, 360, 359.726, 71.9885
15.41, 0.941185, 360, 360.068, 31.3137
15.43, 0.804407, 360, 360.479, 0
15.451, 0.182067, 360, 360.752, 0
15.472, 0.173556, 360, 360.752, 0
15.488, 0.39924, 360, 360.684, 0
15.508, 0.946353, 360, 360.547, -16.0575
15.526, 1, 360, 360.479, 0
15.54, 0.549696, 360, 359.316, -60.2016
15.553, 0.0179331, 360, 358.906, 0
15.568, 0.647112, 360, 358.906, 0
15.584, 0.647112, 360, 358.906, 31.5012
15.598, 0.674468, 360, 359.111, 0
15.612, 1, 360, 359.248, 0
15.625, 1, 360, 359.726, 386.379
15.64, 0.804407, 360, 360.547, 119.666
15.654, 0.168389, 360, 361.094, 0
15.668, 0.749696, 360, 361.299, 0
15.683, 0.715502, 360, 361.163, 0
15.697, 0.647112, 360, 361.026, 0
15.713, 0.674468, 360, 360.889, 0
15.727, 1, 360, 360.684, 0
15.741, 1, 360, 360, -48.1613
15.754, 0.694985, 360, 359.111, 0
15.768, 0.681307, 360, 358.632, 0
15.784, 0.818085, 360, 358.564, 0
15.797, 0.783891, 360, 358.632, 0
15.811, 0.681307, 360, 358.906, 0
15.825, 0.612918, 360, 359.043, 0
15.839, 0.968541, 360, 359.179, 45.4412
15.852, 1, 360, 359.658, 30.9593
15.867, 1, 360, 360.479, 30.8476
15.88, 0.565046, 360, 361.573, 24.9686
15.901, 0.920669, 360, 361.778, 0
15.918, 0.989058, 360, 361.436, -22.9725
15.94, 0.715502, 360, 360.957, 0
15.959, 0.879635, 360, 360.752, -29.8773
15.981, 1, 360, 359.932, -37.9518
16.009, 0.270973, 360, 358.974, 0
16.03, 0.647112, 360, 358.906, 14.8543
16.052, 0.612918, 360, 359.111, 0
16.074, 1, 360, 359.316, 32.1075
16.095, 1, 360, 360.41, 46.9705
16.122, 0.647112, 360, 361.299, 0
16.145, 0.749696, 360, 361.163, 0
16.161, 0.681307, 360, 361.026, 0
16.178, 0.612918, 360, 360.821, 0
16.197, 1, 360, 360.41, -47.1649
16.218, 1, 360, 359.384, -37.5352
16.235, 0.640274, 360, 358.564, -12.1085
16.257, 0.920669, 360, 358.495, 15.8897
16.28, 0.749696, 360, 358.906, 14.3614
16.301, 1, 360, 359.111, 31.328
16.316, 0.879635, 360, 359.453, 31.4867
16.33, 0.900152, 360, 359.863, 16.3767
16.353, 0.790729, 360, 360.274, 0
16.365, 0.53769, 360, 360.479, 0
16.379, 0.120517, 360, 360.616, 0
16.394, 0.0983283, 360, 360.684, 0
16.417, 0.631763, 360, 360.547, 0
16.436, 0.884802, 360, 360.547, 313529
16.454, 0.15304, 360, 360.274, 0
16.468, 0.317173, 360, 360.274, 0
16.482, 0.481307, 360, 360.274, 0
16.498, 0.645441, 360, 360.274, 0
16.512, 0.795897, 360, 360.137, 0
16.526, 0.795897, 360, 360, 0
16.539, 0.624924, 360, 359.795, 0
16.553, 0.46079, 360, 359.59, 0
16.567, 0.112006, 360, 359.521, 0
16.58, 0.112006, 360, 359.453, 0
16.599, 0.332523, 360, 359.453, 0
16.618, 0.551368, 360, 359.521, 0
16.635, 0.91383, 360, 359.59, 0
16.647, 1, 360, 359.932, 0
16.66, 0.742857, 360, 360.547, 29.6828
16.674, 0.1, 360, 360.957, 0
16.687, 0.612918, 360, 361.094, 0
16.71, 0.647112, 360, 360.957, -14.3494
16.732, 0.968541, 360, 360.752, -28.1494
16.75, 1, 360, 360.616, -364.256
16.768, 0.524012, 360, 359.111, -30.0084
16.783, 0.339362, 360, 358.701, 0
16.799, 0.783891, 360, 358.632, 0
16.823, 0.681307, 360, 358.906, 0
16.835, 0.612918, 360, 359.043, 0
16.848, 1, 360, 359.179, 61.6673
16.862, 1, 360, 359.726, 313.711
16.877, 0.770213, 360, 360.616, 0
16.891, 0.681307, 360, 361.299, 55.0637
16.905, 0.783891, 360, 361.436, 0
16.918, 0.783891, 360, 361.368, 0
16.931, 0.715502, 360, 361.163, 0
16.944, 0.647112, 360, 361.026, 0
16.958, 0.729179, 360, 360.821, 0
16.973, 1, 360, 360.547, 0
16.986, 1, 360, 359.795, -61.584
17.002, 0.441945, 360, 358.906, 0
17.015, 0.783891, 360, 358.564, 0
17.03, 0.818085, 360, 358.564, 0
17.043, 0.818085, 360, 358.769, -105527
17.065, 0.612918, 360, 358.974, 0
17.078, 0.633435, 360, 359.111, 30.9453
17.092, 1, 360, 359.384, 38.7473
17.106, 1, 360, 360.068, 119.249
17.12, 0.612918, 360, 360.889, 0
17.134, 0.715502, 360, 361.299, 0
17.149, 0.749696, 360, 361.231, 0
17.166, 0.681307, 360, 361.026, 0
17.19, 0.674468, 360, 360.821, 0
17.205, 0.674468, 360, 360.616, -14.0314
17.228, 1, 360, 359.521, -54.5041
17.251, 0.647112, 360, 358.837, -19.4674
17.268, 0.749696, 360, 358.701, 0
17.281, 0.715502, 360, 358.837, 0
17.297, 0.647112, 360, 358.974, 0
17.31, 0.674468, 360, 359.111, -310014
17.323, 0.674468, 360, 359.248, 0
17.337, 0.97538, 360, 359.521, 38.3132
17.358, 1, 360, 360.274, 58.3027
17.372, 0.332523, 360, 361.094, 0
17.385, 0.783891, 360, 361.368, 0
17.399, 1, 360, 361.368, 0
17.413, 0.85228, 360, 361.505, 0
17.428, 0.783891, 360, 361.368, -135.424
17.443, 0.681307, 360, 361.163, -1179.12
17.455, 0.681307, 360, 360.957, -48.8493
17.472, 0.674468, 360, 360.752, -34.1689
17.494, 1, 360, 359.932, -57.615
17.511, 0.339362, 360, 359.043, -61.5563
17.524, 0.612918, 360, 358.632, 0
17.548, 0.783891, 360, 358.837, 0
17.569, 0.681307, 360, 359.111, 0
17.587, 0.865957, 360, 359.384, 44.4301
17.638, 0.845441, 360, 361.436, -5.98853
17.679, 0.681307, 360, 361.368, -5.12747e+07
17.702, 0.647112, 360, 361.026, 0
17.716, 0.674468, 360, 360.889, 0
17.73, 1, 360, 360.684, -41.1487
17.744, 1, 360, 360, -62.6847
17.758, 0.674468, 360, 359.111, -48.5373
17.772, 0.749696, 360, 358.632, 0
17.786, 0.783891, 360, 358.632, 0
17.799, 0.783891, 360, 358.701, 0
17.811, 0.681307, 360, 358.906, 0
17.825, 0.612918, 360, 359.043, 0
17.838, 0.91383, 360, 359.179, 29.2386
17.853, 1, 360, 359.726, 0
17.868, 0.838602, 360, 360.547, 172.991
17.882, 0.421429, 360, 361.368, 0
17.901, 0.749696, 360, 361.505, 0
17.916, 0.85228, 360, 361.368, -16.16
17.934, 0.681307, 360, 361.094, -14.7454
17.954, 0.612918, 360, 360.821, 0
17.968, 0.783891, 360, 360.342, -1.03911
18.015, 0.763374, 360, 359.316, 0
18.063, 0.0794833, 360, 359.316, 0
18.13, 0.467629, 360, 359.316, 0
18.157, 0.980547, 360, 359.521, 29.715
18.176, 1, 360, 360.41, 40.2407
18.197, 0.556535, 360, 361.094, 0
18.213, 0.612918, 360, 361.163, 0
18.234, 0.681307, 360, 361.094, 0
18.253, 0.647112, 360, 360.957, -14.2004
18.272, 0.968541, 360, 360.752, -27.4214
18.29, 1, 360, 359.863, -854.863
18.312, 0.626596, 360, 358.974, -16.1638
18.334, 0.612918, 360, 358.837, 0
18.348, 0.647112, 360, 358.906, 0
18.363, 0.612918, 360, 359.043, 58.7031
18.377, 0.906991, 360, 359.179, 0
18.391, 1, 360, 359.521, 0.99634
18.405, 0.216261, 360, 360.137, 57.9078
18.418, 0.105167, 360, 360.41, 0
18.433, 0.433435, 360, 360.479, 0
18.446, 0.720669, 360, 360.479, 0
18.461, 0.96003, 360, 360.274, 0
18.475, 1, 360, 360.274, 0
18.492, 0.536018, 360, 359.384, -59.0579
18.506, 0.0641337, 360, 359.111, 0
18.521, 0.407751, 360, 359.043, 0
18.538, 0.633435, 360, 359.043, 16.1485
18.559, 1, 360, 359.863, 54.8759
18.581, 1, 360, 361.231, 58.5022
18.598, 0.647112, 360, 361.915, -31.2421
18.625, 0.681307, 360, 360.889, -62.2001
18.642, 0.510334, 360, 360.137, -14.6318
18.664, 0.380395, 360, 359.795, 0
18.682, 0.188906, 360, 359.726, 0
18.708, 0.0572948, 360, 359.726, 0
18.745, 0.194073, 360, 359.726, 0
18.767, 0.385562, 360, 359.726, 0
18.787, 0.52234, 360, 359.795, 0
18.81, 0.583891, 360, 359.932, 14.8543
18.831, 0.556535, 360, 360.068, 0
18.85, 0.508663, 360, 360.205, 0
18.867, 0.39924, 360, 360.274, 0
18.901, 0.194073, 360, 360.274, 0
18.94, 0.0299392, 360, 360.274, 0
18.962, 0.188906, 360, 360.274, 0
18.98, 0.325684, 360, 360.274, 0
19.005, 0.544529, 360, 360.274, 1.47005e+09
19.029, 0.2231, 360, 360.342, 0
19.043, 0.462462, 360, 360.41, 0
19.058, 0.626596, 360, 360.41, 0
19.077, 0.667629, 360, 360.274, -15.6246
19.099, 0.831763, 360, 3.60036e+06, 0
19.143, 0.146201, 360, 359.59, 0
19.227, 0.52234, 360, 359.795, 15.3133
19.261, 0.563374, 360, 360.068, 14.8963
19.311, 0.39924, 360, 360.274, 0
19.355, 0.235106, 360, 360.274, 0
19.39, 0.043617, 360, 360.274, 0
19.41, 0.0931611, 360, 360.274, 0
19.43, 0.257295, 360, 360.274, 0
19.446, 0.339362, 360, 360.274, -5.66557
19.503, 0.530851, 360, 360.137, 0
19.526, 0.640274, 360, 360.068, 0
19.54, 0.612918, 360, 360, 0
19.553, 0.524012, 360, 359.863, -57.7123
19.567, 0.380395, 360, 359.726, 0
19.586, 0.298328, 360, 359.658, 0
19.604, 0.0726444, 360, 359.658, -0.175834
19.627, 0.166717, 360, 359.658, 0
19.65, 0.33769, 360, 359.658, 0
19.669, 0.474468, 360, 359.726, 0
19.686, 0.624924, 360, 359.726, 0
19.702, 0.734347, 360, 359.863, 14.8382
19.723, 0.706991, 360, 360.205, 0
19.75, 0.365046, 360, 360.41, 16.2715
19.769, 0.0778116, 360, 360.479, 0
19.784, 0.113678, 360, 360.479, 0
19.802, 0.35304, 360, 360.479, 0
19.825, 0.544529, 360, 360.479, 0
19.84, 0.742857, 360, 360.274, -14.4586
19.877, 0.777052, 360, 359.59, -16.5071
19.906, 0.394073, 360, 359.453, 0
19.948, 0.209422, 360, 359.316, 0
19.987, 0.248784, 360, 359.316, 0
20.029, 0.624924, 360, 359.453, 13.2511
20.051, 0.489818, 360, 359.59, 0
20.074, 0.736018, 360, 359.726, 0
20.087, 0.824924, 360, 359.795, 0
20.101, 0.838602, 360, 360, 29.0646
20.115, 0.667629, 360, 360.274, 0
20.13, 0.359878, 360, 360.479, 0
20.144, 0.00258359, 360, 360.547, 0
20.158, 0.330851, 360, 360.547, 0
20.172, 0.659119, 360, 360.547, 0
20.186, 0.946353, 360, 360.41, -28.1668
20.201, 1, 360, 360.068, -41.0499
20.215, 0.871125, 360, 359.316, 0
20.236, 0.27614, 360, 359.043, -16.0538
20.258, 0.366717, 360, 358.974, 0
20.281, 0.674468, 360, 359.111, 14.0256
20.299, 0.995897, 360, 359.453, 49.1183
20.321, 1, 360, 360.547, 47.0567
20.347, 0.681307, 360, 361.299, 4.99342
20.362, 0.749696, 360, 361.231, 0
20.381, 0.681307, 360, 361.094, 0
20.403, 0.674468, 360, 360.821, 0
20.421, 1, 360, 360.274, 0
20.444, 0.674468, 360, 359.453, 0
20.457, 0.0110942, 360, 359.043, 0
20.472, 0.612918, 360, 358.974, 0
20.485, 0.612918, 360, 358.974, 0
20.498, 0.612918, 360, 359.043, 0
20.516, 0.961702, 360, 359.384, 0
20.538, 1, 360, 360.479, 31.2564
20.558, 0.421429, 360, 361.299, 0
20.577, 0.749696, 360, 361.368, 0
20.593, 0.783891, 360, 361.231, -39.9702
20.609, 0.715502, 360, 361.026, -30.9453
20.628, 0.729179, 360, 360.821, 0
20.648, 1, 360, 359.658, -40.6755
20.682, 0.305167, 360, 358.837, 0
20.699, 0.647112, 360, 358.837, 0
20.716, 0.647112, 360, 358.837, 0
20.728, 0.647112, 360, 358.974, 0
20.74, 0.729179, 360, 359.111, 31.0718
20.756, 0.995897, 360, 359.316, 0
20.769, 1, 360, 359.932, 24.7786
20.79, 0.578723, 360, 360.752, 27.9025
20.81, 0.612918, 360, 361.163, 0
20.831, 0.681307, 360, 361.094, 0
20.848, 0.647112, 360, 360.889, 0
20.861, 1, 360, 360.752, -30.9453
20.877, 1, 360, 360.137, -47.9923
20.89, 0.85228, 360, 359.316, -62.656
20.905, 0.647112, 360, 358.701, -72.1404
20.919, 0.749696, 360, 358.564, 0
20.939, 0.783891, 360, 358.906, 15.1874
20.969, 0.647112, 360, 359.453, 49.0508
21.02, 0.811246, 360, 359.795, 2.95192
21.04, 0.811246, 360, 360.068, 11.5649
21.067, 0.688146, 360, 360.616, 0
21.097, 0.127356, 360, 360.684, 0
21.126, 0.371884, 360, 360.684, 0
21.143, 0.672796, 360, 360.616, -15.1069
21.162, 0.932675, 360, 360.342, 0
21.183, 0.953191, 360, 360, 0
21.2, 0.871125, 360, 359.521, -13.8327
21.222, 0.269301, 360, 359.248, 0
21.24, 0.298328, 360, 359.248, 0
21.255, 0.900152, 360, 359.316, 0
21.269, 1, 360, 359.658, 58.6527
21.283, 0.865957, 360, 360.342, 0
21.298, 0.175228, 360, 361.026, 0
21.311, 0.681307, 360, 361.299, 0
21.325, 0.749696, 360, 361.231, 0
21.339, 0.681307, 360, 361.094, 0
21.361, 0.612918, 360, 360.821, 0
21.381, 0.85228, 360, 360.684, -60.4678
21.394, 0.85228, 360, 360.41, 0
21.41, 1, 360, 359.795, 0
21.426, 0.551368, 360, 359.043, -62.8287
21.44, 0.749696, 360, 358.632, 0
21.454, 0.783891, 360, 358.632, 0
21.468, 0.749696, 360, 358.837, 0
21.483, 0.647112, 360, 358.974, 0
21.497, 0.729179, 360, 359.111, 0
21.509, 1, 360, 359.384, 123.613
21.527, 0.236778, 360, 360.547, 30.9523
21.554, 0.672796, 360, 360.821, 19.5957
21.594, 0.96003, 360, 360.274, -23.7256
21.631, 0.96003, 360, 359.932, -61.6118
21.654, 0.303495, 360, 358.974, 0
21.674, 0.612918, 360, 358.974, 0
21.694, 0.612918, 360, 359.043, 0
21.713, 1, 360, 359.658, 56.241
21.735, 0.989058, 360, 360.342, 59.314
21.751, 0.626596, 360, 360.889, 16.0575
21.773, 0.612918, 360, 361.094, -5.74457
21.807, 0.612918, 360, 360.684, -11.5865
21.853, 0.811246, 360, 360.274, 23.2537
21.874, 0.790729, 360, 359.932, -31.1709
21.893, 0.729179, 360, 359.863, 0
21.903, 0.448784, 360, 359.521, 0
21.917, 0.373556, 360, 359.453, 0
21.932, 0.00258359, 360, 359.453, 0
21.951, 0.27614, 360, 359.453, 0
21.974, 0.71383, 360, 359.521, 18.5085
21.995, 0.877964, 360, 359.863, 29.1203
22.019, 0.802736, 360, 360.479, -136778
22.051, 0.33769, 360, 360.684, 0
22.089, 0.229939, 360, 360.684, -5.75665
22.12, 0.366717, 360, 360.547, 0
22.16, 0.633435, 360, 360.274, -38.7803
22.204, 0.886474, 360, 359.453, -5.78588
22.25, 0.264134, 360, 359.248, 0
22.279, 0.194073, 360, 359.248, 0
22.312, 0.570213, 360, 359.384, 0
22.329, 0.754863, 360, 359.453, 15.3236
22.347, 0.973708, 360, 360.205, 16.9911
22.37, 0.659119, 360, 360.752, 0
22.393, 0.147872, 360, 360.889, 0
22.415, 0.804407, 360, 360.889, 0
22.43, 0.893313, 360, 360.684, -81.2222
22.446, 1, 360, 359.521, 0
22.47, 1, 360, 356.786, -61.723
22.509, 1, 360, 355.008, 69.6426
22.584, 1, 360, 359.179, -125.976
22.647, 0.715502, 360, 361.983, 0
22.67, 1, 360, 361.641, -31.2421
22.689, 0.612918, 360, 360.821, -28.8379
22.708, 0.742857, 360, 360.342, -29.1141
22.727, 0.783891, 360, 360, 0
22.745, 0.667629, 360, 359.726, 0
22.767, 0.325684, 360, 359.59, -15.1874
22.785, 0.168389, 360, 359.521, 0
22.807, 0.248784, 360, 359.521, 0
22.825, 0.488146, 360, 359.521, 0
22.847, 0.679635, 360, 359.59, 0
22.863, 0.850608, 360, 359.795, 30.9173
22.882, 0.782219, 360, 360.274, -303230
22.906, 0.180395, 360, 360.479, 0
22.92, 0.501824, 360, 360.479, 0
22.933, 0.741185, 360, 360.479, -167.21
22.948, 0.973708, 360, 360.274, 0
22.963, 0.946353, 360, 359.795, -30.5854
22.978, 0.488146, 360, 359.316, -427.432
22.991, 0.0863222, 360, 359.111, 0
23.005, 0.606079, 360, 359.043, 0
23.023, 1, 360, 359.179, -1.44645
23.037, 1, 360, 359.726, 0
23.05, 1, 360, 360.547, 147.709
23.065, 0.715502, 360, 361.299, 0
23.08, 0.818085, 360, 361.436, 0
23.093, 0.783891, 360, 361.299, -16.2483
23.111, 0.681307, 360, 361.026, -40.8537
23.131, 0.612918, 360, 360.821, -648958
23.148, 0.948024, 360, 3.60583e+06, 0
23.174, 0.482979, 360, 360.547, 0
23.193, 0.736018, 360, 360.479, -30.2473
23.208, 0.906991, 360, 360.205, -58.154
23.226, 0.900152, 360, 359.795, 0
23.25, 0.606079, 360, 359.453, 0
23.267, 0.0863222, 360, 359.316, 0
23.286, 0.289818, 360, 359.316, 0
23.307, 0.563374, 360, 359.316, 0
23.323, 0.768541, 360, 359.453, 13.9741
23.345, 1, 360, 360.274, 116.705
23.363, 0.884802, 360, 361.026, 0
23.38, 0.783891, 360, 361.436, 0
23.397, 0.818085, 360, 361.368, 0
23.412, 0.715502, 360, 361.163, 0
23.429, 0.612918, 360, 360.957, -14.4372
23.452, 1, 360, 360.342, -61.3905
23.47, 0.995897, 360, 359.453, -33.8811
23.491, 0.0589666, 360, 359.043, 0
23.513, 0.647112, 360, 358.974, 14.851
23.542, 0.770213, 360, 359.179, 0
23.561, 0.995897, 360, 359.521, 43.2842
23.581, 0.900152, 360, 360.342, 61.5286
23.595, 0.804407, 360, 361.026, 0
23.61, 0.804407, 360, 361.573, 0
23.634, 0.920669, 360, 361.505, 0
23.651, 0.886474, 360, 361.299, -19.4785
23.668, 0.749696, 360, 360.889, 0
23.687, 1, 360, 360.684, -123.002
23.7, 1, 360, 360, 0
23.715, 0.715502, 360, 358.906, -60.8444
23.737, 0.612918, 360, 358.701, 0
23.752, 0.749696, 360, 358.837, 0
23.773, 0.647112, 360, 358.974, 0
23.788, 0.633435, 360, 359.179, 0
23.808, 0.97538, 360, 359.453, 30.8337
23.827, 1, 360, 360.342, 54.7112
23.846, 0.544529, 360, 361.094, 0
23.864, 0.612918, 360, 361.231, 0
23.884, 0.681307, 360, 361.094, 0
23.903, 0.647112, 360, 360.889, -15.0936
23.924, 0.995897, 360, 360.684, -30.0677
23.942, 1, 360, 359.795, -70.486
23.964, 0.749696, 360, 0, 17.745
24.026, 0.749696, 360, 358.906, 13.1796
24.045, 0.612918, 360, 359.179, 0
24.062, 0.783891, 360, 359.453, 32.6673
24.083, 1, 360, 360, 93.3002
24.097, 0.626596, 360, 361.094, 30.3547
24.121, 0.818085, 360, 361.436, -5.64825
24.151, 0.818085, 360, 361.026, -1199.81
24.173, 0.612918, 360, 360.274, -18.0098
24.234, 0.756535, 360, 359.726, -11.2649
24.275, 0.448784, 360, 359.453, 0
24.323, 0.0709726, 360, 359.453, 0
24.352, 0.289818, 360, 154.286, 92962
24.37, 0.482979, 360, 359.453, 0
24.391, 0.756535, 360, 359.59, 29.8773
24.41, 0.859119, 360, 359.863, 58.5523
24.428, 0.797568, 360, 360.205, 17.6807
24.456, 0.72234, 360, 361.026, 0
24.53, 0.612918, 360, 360.957, 0
24.555, 0.612918, 360, 360.821, 0
24.571, 1, 360, 360.616, -32.0323
24.59, 1, 360, 359.521, -30.5036
24.609, 0.647112, 360, 358.769, -19.3189
24.633, 0.783891, 360, 358.564, -4.7406
24.651, 0.818085, 360, 358.837, 20.6426
24.677, 0.647112, 360, 359.179, 60.4678
24.7, 0.859119, 360, 359.453, 29.7408
24.722, 1, 360, 360.41, 60.7363
24.74, 0.818085, 360, 361.163, 141.3
24.763, 0.715502, 360, 361.368, 0
24.78, 0.749696, 360, 361.368, 1.0362e+07
24.791, 0.749696, 360, 360.821, -17.4685
24.847, 0.674468, 360, 360.274, -16.7867
24.881, 0.797568, 360, 359.726, -11.443
24.923, 0.681307, 360, 359.248, 0
24.961, 0.250456, 360, 359.248, 0
24.974, 0.590729, 360, 359.248, 0
24.989, 1, 360, 359.384, 31.6031
25.004, 1, 360, 360, 31.0295
25.019, 0.672796, 360, 360.821, 0
25.031, 0.612918, 360, 361.299, 0
25.053, 0.749696, 360, 361.299, -13.872
25.072, 0.681307, 360, 361.026, -45.1413
25.092, 0.612918, 360, 360.821, 0
25.109, 1, 360, 360.342, -57.9274
25.137, 1, 360, 357.538, 46.7697
25.194, 1, 360, 358.085, 66.1403
25.207, 0.421429, 360, 359.726, 0
25.222, 0.28465, 360, 360.137, 31.3711
25.238, 0.113678, 360, 360.274, 0
25.256, 0.0231003, 360, 360.274, 0
25.278, 0.132523, 360, 360.274, 0
25.294, 0.324012, 360, 360.274, 0
25.318, 0.433435, 360, 360.274, 0
25.334, 0.515502, 360, 360.274, 0
25.356, 0.706991, 360, 360.068, 0
25.379, 0.604407, 360, 359.795, 0
25.398, 0.447112, 360, 0, 165773
25.418, 0.400912, 360, 359.658, 0
25.43, 0.571884, 360, 359.658, 0
25.445, 0.729179, 360, 359.726, 0
25.458, 0.865957, 360, 359.932, 0
25.472, 0.783891, 360, 360.068, 0
25.487, 0.53769, 360, 360.274, 61.1162
25.5, 0.407751, 360, 360.479, 5.58734
25.529, 0.250456, 360, 360.547, 0
25.581, 0.207751, 360, 360.547, 0
25.614, 0.536018, 360, 360.41, -11.4363
25.655, 0.65228, 360, 360, 0
25.691, 0.577052, 360, 359.863, 0
25.712, 0.358207, 360, 359.726, 0
25.725, 0.159878, 360, 359.726, 0
25.739, 0.00425532, 360, 359.726, 0
25.753, 0.168389, 360, 359.726, 0
25.767, 0.305167, 360, 359.726, 0
25.78, 0.496657, 360, 359.726, 0
25.795, 0.66079, 360, 359.726, 0
25.808, 0.742857, 360, 359.726, 0
25.824, 0.831763, 360, 360, 0
25.84, 0.681307, 360, 360.205, 0
25.853, 0.428267, 360, 360.342, 0
25.868, 0.202584, 360, 360.479, 0
25.882, 0.21459, 360, 360.479, 0
25.897, 0.501824, 360, 360.479, 0
25.911, 0.741185, 360, 360.479, 0
25.924, 0.925836, 360, 360.274, 0
25.938, 0.918997, 360, 360, -26.0728
25.958, 0.720669, 360, 359.521, 0
25.977, 0.590729, 360, 359.316, 0
25.995, 0.241945, 360, 359.248, 0
26.016, 0.332523, 360, 359.248, 0
26.033, 0.859119, 360, 359.316, 16.3885
26.053, 1, 360, 360.205, 40.1895
26.08, 0.400912, 360, 360.957, 0
26.105, 0.612918, 360, 361.026, 3.03905
26.124, 0.612918, 360, 360.889, -31.0577
26.148, 1, 360, 360.137, -53.9559
26.169, 0.872796, 360, 359.248, -45.2309
26.186, 0.400912, 360, 358.701, -13.0389
26.208, 0.783891, 360, 358.769, 15.0174
26.256, 0.633435, 360, 359.316, 17.4685
26.276, 0.571884, 360, 359.521, 0
26.289, 0.790729, 360, 359.726, 0
26.304, 0.831763, 360, 359.932, 0
26.318, 0.783891, 360, 359.932, 123.557
26.335, 0.482979, 360, 360.41, 0
26.348, 0.106839, 360, 360.547, 0
26.362, 0.166717, 360, 360.547, 0
26.377, 0.549696, 360, 360.547, 0
26.39, 0.823252, 360, 360.547, 0
26.404, 1, 360, 360.274, 0
26.417, 0.966869, 360, 359.658, -62.4843
26.432, 0.255623, 360, 359.111, 0
26.445, 0.612918, 360, 358.906, 0
26.46, 0.647112, 360, 358.906, 0
26.474, 0.612918, 360, 358.974, 28.295
26.489, 0.824924, 360, 359.111, 0
26.502, 1, 360, 359.521, 31.3999
26.517, 1, 360, 360.274, 240.172
26.533, 0.325684, 360, 361.163, 59.8329
26.547, 0.783891, 360, 361.368, 0
26.561, 0.783891, 360, 361.368, -30.6403
26.575, 0.715502, 360, 361.163, 0
26.589, 0.647112, 360, 360.957, -13.3338
26.612, 0.770213, 360, 360.752, -23.5418
26.63, 1, 360, 360.41, -30.8406
26.649, 0.961702, 360, 359.658, -44.303
26.668, 0.339362, 360, 358.906, 0
26.687, 0.647112, 360, 358.906, 14.5633
26.711, 0.612918, 360, 359.111, 0
26.731, 0.818085, 360, 359.316, 60.5749
26.747, 0.995897, 360, 359.726, 178.562
26.77, 1, 360, 360.889, 42.8324
26.792, 0.749696, 360, 361.436, 0
26.81, 0.818085, 360, 361.368, 0
26.826, 0.681307, 360, 361.163, 0
26.847, 0.612918, 360, 360.889, 0
26.865, 0.729179, 360, 360.616, -17.0631
26.888, 1, 360, 359.658, -63.426
26.91, 0.188906, 360, 358.906, -620.028
26.923, 0.715502, 360, 358.769, 0
26.938, 0.715502, 360, 358.769, 59.314
26.951, 0.681307, 360, 358.906, 0
26.965, 0.612918, 360, 359.043, 0
26.977, 0.633435, 360, 359.248, 5699.09
26.99, 0.872796, 360, 359.521, 0
27.003, 0.968541, 360, 359.863, 50.9986
27.017, 0.694985, 360, 360.274, 56.9434
27.03, 0.441945, 360, 360.616, 30.9873
27.045, 0.15304, 360, 360.752, 0
27.057, 0.529179, 360, 360.752, 0
27.071, 0.980547, 360, 360.684, 0
27.085, 1, 360, 360.41, 0
27.097, 1, 360, 359.726, 0
27.109, 0.510334, 360, 358.974, -13.8355
27.128, 0.647112, 360, 358.769, 0
27.151, 0.681307, 360, 358.906, 0
27.17, 0.612918, 360, 359.179, 0
27.201, 0.824924, 360, 359.521, 24.0088
27.224, 1, 360, 360.479, 29.0276
27.243, 0.612918, 360, 361.094, 13.6287
27.263, 0.749696, 360, 361.299, 0
27.279, 0.681307, 360, 361.163, 0
27.295, 0.612918, 360, 360.889, -23.4611
27.318, 0.91383, 360, 360.616, 0
27.335, 0.954863, 360, 360, -45.3208
27.355, 0.804407, 360, 359.043, 0
27.374, 0.612918, 360, 358.837, 0
27.397, 0.647112, 360, 358.974, 14.0863
27.417, 0.770213, 360, 359.179, 0
27.438, 0.995897, 360, 359.59, 41.6329
27.461, 0.790729, 360, 360.479, 41.8965
27.479, 0.168389, 360, 361.094, 0
27.506, 0.647112, 360, 361.094, 0
27.524, 0.674468, 360, 360.821, -16.8904
27.551, 1, 360, 360.274, -41.8623
27.57, 0.681307, 360, 359.179, -27.1331
27.592, 0.147872, 360, 358.837, 0
27.614, 0.681307, 360, 358.906, 42.8235
27.635, 0.647112, 360, 359.111, 13.9941
27.656, 0.989058, 360, 359.316, 29.7732
27.674, 1, 360, 360.137, 0
27.692, 0.736018, 360, 360.957, 0
27.713, 0.141033, 360, 361.163, 0
27.726, 0.715502, 360, 361.231, 0
27.74, 0.681307, 360, 361.163, 0
27.754, 0.647112, 360, 361.026, 0
27.767, 0.674468, 360, 360.889, -16.2637
27.784, 1, 360, 360.616, 0
27.798, 1, 360, 360, -61.2257
27.812, 0.530851, 360, 359.248, -41.8026
27.826, 0.647112, 360, 358.906, 0
27.841, 0.681307, 360, 358.837, 0
27.854, 0.647112, 360, 358.906, 0
27.867, 0.612918, 360, 358.974, 0
27.881, 1, 360, 359.179, 27.9824
27.897, 1, 360, 359.795, 24.627
27.913, 0.653951, 360, 360.957, 55.862
27.934, 0.783891, 360, 361.573, 1.2223
27.956, 0.783891, 360, 361.299, -13.5693
27.977, 0.749696, 360, 360.957, -13.656
28, 0.968541, 360, 360.616, -399.936
28.022, 1, 360, 359.726, -88.8554
28.038, 0.175228, 360, 358.906, -33.0701
28.058, 0.783891, 360, 358.632, 0
28.08, 0.715502, 360, 358.837, 93.898
28.093, 0.647112, 360, 358.974, 0
28.107, 0.633435, 360, 359.179, 20.4574
28.13, 0.934347, 360, 359.453, 0
28.147, 0.920669, 360, 360.137, 41.4982
28.167, 0.421429, 360, 360.957, 0
28.19, 0.647112, 360, 361.094, -14.1037
28.21, 0.612918, 360, 360.889, -20.7051
28.234, 1, 360, 360.616, -28.4599
28.254, 1, 360, 358.906, -23.2774
28.287, 0.647112, 360, 358.701, 0
28.303, 0.749696, 360, 358.701, 0
28.316, 0.715502, 360, 359.111, 115.62
28.332, 0.708663, 360, 359.521, 393.041
28.347, 0.886474, 360, 359.795, 0
28.36, 0.872796, 360, 360.137, 0
28.38, 0.674468, 360, 360.479, 0
28.395, 0.482979, 360, 360.616, 15.4937
28.414, 0.187234, 360, 360.684, 0
28.436, 0.392401, 360, 360.684, 0
28.453, 0.830091, 360, 360.547, 0
28.478, 0.987386, 360, 360, -28.057
28.5, 0.816413, 360, 359.384, 0
28.518, 0.255623, 360, 359.179, 0
28.539, 0.482979, 360, 359.179, 0
28.559, 1, 360, 359.316, 39.169
28.573, 1, 360, 359.932, 62.1719
28.586, 0.729179, 360, 360.752, 61.723
28.6, 0.681307, 360, 361.231, 0
28.615, 0.783891, 360, 361.368, 0
28.63, 0.749696, 360, 361.231, 0
28.643, 0.647112, 360, 361.094, 0
28.657, 0.612918, 360, 360.957, 0
28.669, 1, 360, 360.821, 0
28.681, 1, 360, 360.342, -60.5749
28.694, 1, 360, 359.521, -61.6673
28.708, 0.216261, 360, 358.837, -61.3355
28.722, 0.783891, 360, 358.632, 0
28.736, 0.783891, 360, 358.632, 0
28.75, 0.715502, 360, 358.837, 36.0132
28.765, 0.612918, 360, 359.043, 0
28.785, 0.961702, 360, 359.248, 30.8198
28.806, 1, 360, 360.068, 75.8194
28.829, 0.195745, 360, 361.094, 31.1567
28.846, 0.715502, 360, 361.231, 9.977e+08
28.87, 1, 360, 361.505, 31.2136
28.885, 1, 360, 362.394, 0
28.905, 1, 360, 361.983, -46.287
28.926, 0.715502, 360, 360.889, -53.9452
28.946, 0.571884, 360, 359.932, 0
28.966, 0.305167, 360, 359.658, -19.5397
28.986, 0.0846505, 360, 359.59, 0
29.005, 0.289818, 360, 359.59, 0
29.026, 0.536018, 360, 359.59, -6.22851
29.059, 0.768541, 360, 360, -106730
29.085, 0.65228, 360, 360.274, 0
29.108, 0.346201, 360, 360.274, 0
29.13, 0.53769, 360, 360.274, 0
29.152, 0.66079, 360, 360.137, 0
29.175, 0.633435, 360, 359.932, 0
29.197, 0.544529, 360, 359.726, 0
29.21, 0.544529, 360, 359.726, -16.3649
29.231, 0.0863222, 360, 359.59, 0
29.267, 0.0863222, 360, 359.59, 0
29.294, 0.159878, 360, 359.59, 0
29.319, 0.488146, 360, 359.59, 14.4494
29.345, 0.843769, 360, 359.726, 0
29.359, 0.857447, 360, 360, 0
29.373, 0.693313, 360, 360.274, 0
29.388, 0.406079, 360, 360.479, 0
29.402, 0.043617, 360, 360.547, 0
29.416, 0.339362, 360, 360.547, 0
29.431, 0.667629, 360, 360.547, 0
29.444, 0.954863, 360, 360.479, 0
29.458, 1, 360, 360.068, -57.0384
29.471, 0.640274, 360, 359.248, -41.091
29.491, 0.715502, 360, 358.632, 0
29.522, 0.783891, 360, 358.837, 22796.4
29.539, 0.647112, 360, 358.974, 0
29.553, 0.729179, 360, 359.179, 0
29.569, 1, 360, 359.521, 62.5128
29.584, 1, 360, 360.342, 92.0445
29.598, 0.270973, 360, 361.094, 0
29.612, 0.783891, 360, 361.368, 0
29.627, 0.783891, 360, 361.368, 0
29.639, 0.749696, 360, 361.163, 0
29.654, 0.647112, 360, 361.026, 0
29.667, 0.818085, 360, 360.821, 0
29.683, 1, 360, 360.547, 0
29.696, 1, 360, 359.863, 0
29.712, 0.496657, 360, 358.906, -39079.5
29.724, 0.818085, 360, 358.564, 0
29.739, 0.85228, 360, 358.564, 0
29.752, 0.783891, 360, 358.701, 0
29.767, 0.647112, 360, 358.906, 0
29.78, 0.612918, 360, 359.111, 0
29.796, 1, 360, 359.384, 0
29.81, 1, 360, 360, 57.9078
29.825, 0.606079, 360, 360.889, 58.8799
29.84, 0.715502, 360, 361.299, 30.0084
29.858, 0.783891, 360, 361.299, 0
29.872, 0.715502, 360, 361.163, -191.566
29.886, 0.612918, 360, 361.026, 0
29.9, 0.865957, 360, 360.821, 0
29.915, 1, 360, 360.547, -57.5665
29.931, 1, 360, 359.521, -30.7228
29.946, 0.647112, 360, 358.769, -62.0028
29.96, 0.783891, 360, 358.564, 0
29.973, 0.818085, 360, 358.632, 0
29.987, 0.749696, 360, 358.769, 0
30, 0.681307, 360, 358.974, 15.4134
30.021, 0.729179, 360, 359.179, 0
30.036, 0.989058, 360, 359.453, 37.5971
30.056, 1, 360, 360.342, 122.781
30.072, 0.790729, 360, 361.163, 30.5308
30.091, 0.749696, 360, 361.368, 0
30.112, 0.783891, 360, 361.163, -14.5695
30.135, 0.681307, 360, 360.889, 0
30.152, 0.674468, 360, 360.752, 0
30.176, 1, 360, 359.726, -44.4277
30.199, 0.339362, 360, 358.906, 0
30.22, 0.647112, 360, 358.837, 0
30.24, 0.612918, 360, 359.043, 0
30.255, 0.824924, 360, 359.316, 128.793
30.279, 1, 360, 359.863, 181.725
30.294, 1, 360, 360.957, 68.8943
30.312, 0.920669, 360, 361.778, 0
30.331, 0.989058, 360, 361.573, -29.5736
30.35, 0.85228, 360, 361.026, -35.5452
30.367, 0.612918, 360, 360.684, -30.274
30.388, 0.954863, 360, 360.274, -46.4915
30.407, 0.954863, 360, 359.863, 0
30.425, 0.811246, 360, 359.521, -16.949
30.454, 0.277812, 360, 359.179, 0
30.476, 0.221429, 360, 359.179, 0
30.498, 0.96003, 360, 359.248, 0
30.513, 1, 360, 359.795, 0
30.529, 0.693313, 360, 360.684, 25.5183
30.545, 0.612918, 360, 361.163, 30.6953
30.559, 0.749696, 360, 361.299, -43.5877
30.573, 0.681307, 360, 361.163, 0
30.587, 0.647112, 360, 361.026, -13.6833
30.605, 0.729179, 360, 360.821, 0
30.627, 0.982219, 360, 360.342, 0
30.651, 0.948024, 360, 359.521, -31.5012
30.666, 0.435106, 360, 358.974, 0
30.683, 0.0863222, 360, 358.837, 0
30.701, 0.681307, 360, 358.906, 30.8754
30.722, 0.647112, 360, 359.111, 0
30.738, 0.674468, 360, 359.248, 16.5511
30.755, 1, 360, 359.726, 46.682
30.768, 1, 360, 360.821, 61.5563
30.785, 0.127356, 360, 361.505, 0
30.814, 0.818085, 360, 361.299, -17.667
30.836, 0.749696, 360, 360.957, 0
30.859, 0.770213, 360, 360.684, -14.2507
30.881, 1, 360, 359.726, 0
30.899, 0.879635, 360, 359.179, -54.953
30.916, 0.592401, 360, 358.701, 0
30.929, 0.783891, 360, 358.632, 0
30.944, 0.715502, 360, 358.837, 0
30.959, 0.612918, 360, 358.974, 30.7091
30.974, 0.920669, 360, 359.179, 0
30.988, 1, 360, 359.726, 60.361
31.005, 1, 360, 359.795, 83.578
31.041, 1, 360, 362.462, 218.995
31.071, 1, 360, 363.283, -329184
31.088, 1, 360, 362.325, -121.257
31.102, 1, 360, 361.368, -62.9154
31.116, 0.633435, 360, 360.479, -31.4144
31.131, 0.530851, 360, 360, -31.1284
31.146, 0.305167, 360, 359.658, 0
31.16, 0.00258359, 360, 0, 309133
32.948, 0.159878, 360, 360.205, 0
32.965, 0.200912, 360, 360.205, 0
32.983, 0.282979, 360, 360.205, 0
33.002, 0.406079, 360, 360.205, 0
33.024, 1, 360, 360.205, 0
33.037, 0.125684, 360, 360.274, 31.2564
33.052, 0.344529, 360, 360.41, 0
33.075, 0.816413, 360, 360.342, -30.5445
33.09, 0.925836, 360, 360.205, -30.9033
33.104, 0.857447, 360, 359.932, 0
33.118, 0.638602, 360, 359.658, 0
33.131, 0.536018, 360, 359.453, 0
33.148, 0.303495, 360, 359.384, 0
33.171, 0.141033, 360, 359.384, 0
33.194, 0.633435, 360, 359.384, 0
33.209, 0.838602, 360, 359.59, 1519.76
33.226, 0.995897, 360, 359.932, 0
33.248, 0.694985, 360, 360.547, 0
33.272, 0.332523, 360, 360.684, 0
33.288, 0.166717, 360, 360.752, 0
33.308, 0.467629, 360, 360.684, 1.28057
33.324, 0.693313, 360, 360.547, 0
33.341, 0.994225, 360, 360.274, -51.8885
33.365, 1, 360, 359.179, -40.732
33.388, 0.681307, 360, 358.564, 0
33.409, 0.818085, 360, 358.701, 14.1037
33.432, 0.681307, 360, 358.974, 16.4003
33.454, 0.777052, 360, 359.179, 0
33.47, 0.859119, 360, 359.453, 29.8382
33.488, 1, 360, 360.342, -68389.1
33.509, 0.182067, 360, 361.094, 0
33.526, 0.681307, 360, 361.163, 0
33.54, 0.681307, 360, 361.094, 0
33.554, 0.647112, 360, 361.026, 0
33.572, 0.961702, 360, 360.821, 0
33.585, 1, 360, 360.547, 0
33.599, 1, 360, 359.795, -365.717
33.615, 0.53769, 360, 358.906, 0
33.629, 0.783891, 360, 358.564, 0
33.643, 0.818085, 360, 358.632, 0
33.658, 0.715502, 360, 358.769, 60.2547
33.672, 0.647112, 360, 358.974, 0
33.686, 0.674468, 360, 359.111, 11.8433
33.713, 0.818085, 360, 359.726, 22.43
33.755, 0.763374, 360, 360.068, 0
33.809, 0.33769, 360, 360.547, 158481
33.822, 0.33769, 360, 360.547, 0
33.837, 0.665957, 360, 360.547, 0
33.85, 1, 360, 360.479, -63.0314
33.865, 1, 360, 359.932, -123.446
33.878, 0.693313, 360, 359.179, 0
33.893, 0.647112, 360, 358.837, 0
33.906, 0.715502, 360, 358.769, 0
33.92, 0.681307, 360, 358.837, 0
33.934, 0.681307, 360, 359.111, 0
33.962, 0.818085, 360, 359.316, 0
33.979, 0.995897, 360, 359.726, 41.1734
34.001, 0.893313, 360, 360.547, 63.2939
34.016, 0.612918, 360, 361.094, 0
34.03, 0.749696, 360, 361.299, 0
34.044, 0.715502, 360, 361.163, 0
34.058, 0.647112, 360, 361.094, -23.8539
34.073, 0.770213, 360, 360.889, 0
34.085, 0.392401, 360, 360.821, 0
34.1, 1, 360, 360.821, 0
34.113, 1, 360, 360.41, 0
34.128, 1, 360, 359.521, -122.014
34.142, 0.392401, 360, 358.701, 0
34.156, 0.886474, 360, 358.427, 0
34.17, 0.886474, 360, 358.564, 0
34.185, 0.783891, 360, 358.769, -4.34104
34.199, 0.612918, 360, 358.974, 0
34.214, 0.968541, 360, 359.179, 0
34.226, 1, 360, 359.453, 47.0891
34.243, 1, 360, 360.752, 61.9747
34.262, 0.838602, 360, 361.778, 0
34.291, 1, 360, 361.231, -60.9528
34.309, 0.818085, 360, 360.274, -11.383
34.35, 0.510334, 360, 360.137, 0
34.384, 0.312006, 360, 360, 0
34.399, 0.312006, 360, 360, 0
34.412, 0.312006, 360, 360, 0
34.425, 0.312006, 360, 360, 0
34.437, 0.312006, 360, 360, 0
34.46, 0.312006, 360, 360, 0
34.472, 0.312006, 360, 360, 0
34.485, 0.312006, 360, 360, 0
34.497, 0.312006, 360, 360, 0
34.509, 0.312006, 360, 360, 0
34.522, 0.312006, 360, 360, 0
34.534, 0.270973, 360, 359.932, 0
34.546, 0.243617, 360, 359.932, 0
34.559, 0.188906, 360, 359.932, 0
34.572, 0.147872, 360, 359.932, 0
34.584, 0.106839, 360, 359.932, 0
34.596, 0.0658055, 360, 359.932, 0
34.609, 0.024772, 360, 359.932, 0
34.622, 0.0162614, 360, 359.932, 0
34.634, 0.0572948, 360, 359.932, 0
34.647, 0.0983283, 360, 359.932, 0
34.659, 0.15304, 360, 359.932, 0
34.672, 0.194073, 360, 359.932, 0
34.684, 0.235106, 360, 359.932, 0
34.696, 0.27614, 360, 359.932, 0
34.709, 0.317173, 360, 359.932, 0
34.721, 0.358207, 360, 359.932, 0
34.734, 0.39924, 360, 359.932, 0
34.748, 0.447112, 360, 359.932, 0
34.762, 0.474468, 360, 359.932, 0
34.777, 0.515502, 360, 360, 0
34.791, 0.494985, 360, 360, 0
34.806, 0.447112, 360, 360.068, 0
34.82, 0.365046, 360, 360.137, 0
34.832, 0.296657, 360, 360.137, 0
34.845, 0.173556, 360, 360.205, 0
34.868, 0.0504559, 360, 360.205, 0
34.886, 0.0316109, 360, 360.205, 0
34.914, 0.134195, 360, 360.205, 0
34.928, 0.134195, 360, 360.205, 0
34.95, 0.359878, 360, 360.205, 0
34.969, 0.441945, 360, 360.205, 0
34.997, 0.571884, 360, 360.068, -14.3464
35.02, 0.544529, 360, 359.932, 0
35.042, 0.496657, 360, 359.795, 0
35.059, 0.387234, 360, 359.726, 0
35.08, 0.134195, 360, 359.726, 0
35.099, 0.024772, 360, 359.726, 0
35.12, 0.194073, 360, 359.726, 0
35.142, 0.303495, 360, 359.726, 0
35.159, 0.467629, 360, 359.726, 0
35.182, 0.618085, 360, 359.863, 0
35.204, 0.624924, 360, 360.068, 12.9255
35.231, 0.447112, 360, 360.274, 0
35.25, 0.282979, 360, 360.274, 0
35.277, 0.0914894, 360, 360.274, 0
35.296, 0.0179331, 360, 360.274, 0
35.317, 0.264134, 360, 360.274, 0.920302
35.329, 0.400912, 360, 360.274, 0
35.343, 0.592401, 360, 360.274, 0
35.357, 0.729179, 360, 360.205, 0
35.371, 0.770213, 360, 360.068, 0
35.385, 0.729179, 360, 359.932, -37.6799
35.398, 0.565046, 360, 359.726, 0
35.413, 0.257295, 360, 359.59, 0
35.427, 0.1, 360, 359.59, 0
35.443, 0.146201, 360, 359.59, 0
35.467, 0.433435, 360, 359.59, 0
35.485, 0.638602, 360, 359.59, 0
35.506, 0.761702, 360, 359.795, 0
35.522, 0.823252, 360, 360, 17.7911
35.539, 0.618085, 360, 360.274, 0
35.556, 0.365046, 360, 360.479, 16.4003
35.575, 0.043617, 360, 360.547, 0
35.594, 0.229939, 360, 360.547, 0
35.612, 0.503495, 360, 360.547, -53.3456
35.64, 0.954863, 360, 360.274, 0
35.654, 0.982219, 360, 360, -38.4208
35.668, 0.66079, 360, 359.521, 0
35.681, 0.250456, 360, 359.248, 0
35.696, 0.385562, 360, 359.179, 0
35.709, 0.795897, 360, 359.179, 0
35.724, 1, 360, 359.521, 56.4266
35.738, 1, 360, 360.205, -34.5836
35.755, 0.563374, 360, 361.299, 310377
35.768, 1, 360, 361.983, 102.379
35.783, 1, 360, 361.915, -121.043
35.796, 0.920669, 360, 361.299, -62.2001
35.811, 0.633435, 360, 360.752, -33.8225
35.825, 0.879635, 360, 360.41, -58.4023
35.838, 0.900152, 360, 360.068, -61.1709
35.852, 0.838602, 360, 359.658, -17.722
35.874, 0.339362, 360, 359.384, -14.6538
35.893, 0.0504559, 360, 359.248, 0
35.914, 0.385562, 360, 359.248, 0
35.93, 0.611246, 360, 359.384, 0
35.946, 1, 360, 359.932, 0
35.971, 0.877964, 360, 360.752, 31.1994
35.989, 0.15304, 360, 361.163, 0
36.008, 0.681307, 360, 361.163, 0
36.026, 0.612918, 360, 360.821, -13.481
36.048, 0.927508, 360, 360.41, 108.296
36.104, 0.394073, 360, 359.179, 0
36.123, 0.0983283, 360, 359.179, 0
36.141, 0.262462, 360, 359.179, 0
36.158, 0.918997, 360, 359.179, 13.4492
36.179, 1, 360, 360, 73.1825
36.199, 0.925836, 360, 360.957, 56.3801
36.214, 0.412918, 360, 361.436, 0
36.238, 0.85228, 360, 361.368, -64.7624
36.261, 0.749696, 360, 361.094, 0
36.276, 0.749696, 360, 360.821, -14.5231
36.299, 0.920669, 360, 360.41, 0
36.316, 0.982219, 360, 359.795, -18.7419
36.347, 0.667629, 360, 359.658, 0
36.36, 0.0658055, 360, 359.248, 0
36.374, 0.344529, 360, 359.248, 0
36.388, 0.871125, 360, 359.248, 0
36.402, 1, 360, 359.658, 61.8906
36.415, 0.877964, 360, 360.41, 120.936
36.429, 0.474468, 360, 19.3541, 0
36.45, 0.783891, 360, 361.368, 0
36.463, 0.749696, 360, 361.231, -46.5232
36.477, 0.647112, 360, 361.094, -57.8099
36.491, 0.770213, 360, 360.889, 0
36.505, 1, 360, 360.616, 0
36.518, 1, 360, 360, -51.5755
36.531, 0.619757, 360, 359.111, 0
36.545, 0.681307, 360, 358.632, 0
36.558, 0.818085, 360, 358.564, 0
36.572, 0.783891, 360, 358.701, 0
36.586, 0.681307, 360, 0, 162769
36.6, 1, 360, 358.906, 0
36.619, 0.647112, 360, 358.906, 0
36.639, 0.647112, 360, 359.043, 0
36.659, 1, 360, 359.316, 60.8173
36.674, 1, 360, 360.068, 0
36.688, 0.428267, 360, 360.957, 59.7284
36.702, 0.715502, 360, 361.299, 34.2802
36.716, 0.783891, 360, 361.368, -100.869
36.729, 0.715502, 360, 361.163, 0
36.744, 0.647112, 360, 361.026, 0
36.758, 0.674468, 360, 360.821, 0
36.781, 0.982219, 360, 360.479, -61.9466
36.797, 1, 360, 359.658, -46.0326
36.819, 0.640274, 360, 358.564, 0
36.86, 0.783891, 360, 358.564, 0
36.921, 0.551368, 360, 359.453, 0
36.948, 0.85228, 360, 359.726, 0
36.97, 0.770213, 360, 360.068, 0
36.985, 0.585562, 360, 360.342, 0
37.001, 0.585562, 360, 360.547, 0
37.021, 0.1, 360, 360.616, 0
37.039, 0.0846505, 360, 360.616, 0
37.066, 0.761702, 360, 360.547, 0
37.084, 0.96003, 360, 360.274, 0
37.106, 0.980547, 360, 359.863, -14.2656
37.124, 0.508663, 360, 359.384, -18.0446
37.147, 0.207751, 360, 359.248, 0
37.165, 0.373556, 360, 359.248, 0
37.187, 0.749696, 360, 359.384, 57.1815
37.204, 0.886474, 360, 359.658, 0
37.22, 0.954863, 360, 360.068, 26.6002
37.248, 0.838602, 360, 360.547, 30.8198
37.265, 0.0863222, 360, 360.889, 0
37.282, 0.433435, 360, 360.957, 0
37.301, 0.912158, 360, 360.821, -42.4645
37.328, 0.946353, 360, 359.726, -43.1205
37.347, 0.248784, 360, 358.906, -28.4539
37.365, 0.749696, 360, 358.701, 0
37.387, 0.749696, 360, 358.906, 30.4493
37.406, 0.770213, 360, 359.111, 24.3204
37.422, 1, 360, 359.384, 61.5563
37.434, 1, 360, 360, 127.117
37.45, 0.585562, 360, 361.094, 61.2394
37.467, 0.886474, 360, 361.641, 0
37.491, 0.920669, 360, 361.368, 0
37.507, 0.818085, 360, 361.026, -17.1573
37.53, 0.818085, 360, 360.684, 0
37.547, 1, 360, 360.274, -60.7903
37.561, 0.934347, 360, 359.521, -31.1142
37.575, 0.188906, 360, 358.974, 0
37.589, 0.715502, 360, 358.769, 0
37.603, 0.715502, 360, 358.837, 0
37.618, 0.647112, 360, 358.974, 0
37.631, 0.647112, 360, 359.179, 0
37.654, 0.85228, 360, 359.384, 0
37.669, 0.85228, 360, 359.726, 16.4318
37.69, 0.941185, 360, 360.274, 0
37.71, 0.653951, 360, 360.616, 0
37.724, 0.209422, 360, 360.821, 0
37.741, 0.0162614, 360, 360.821, 0
37.758, 0.344529, 360, 360.821, 0
37.78, 1, 360, 360.41, -52.4054
37.798, 1, 360, 359.316, -11.3688
37.844, 0.365046, 360, 358.495, 16.4239
37.878, 0.85228, 360, 358.837, 17.3591
37.907, 0.715502, 360, 359.453, 16.7456
37.949, 0.640274, 360, 359.658, 0
38.008, 0.448784, 360, 360.274, 0
38.029, 0.2231, 360, 360.342, 0
38.049, 0.0504559, 360, 360.342, 0
38.072, 0.255623, 360, 360.342, 0
38.093, 0.46079, 360, 360.342, 0
38.113, 0.665957, 360, 360.274, 0
38.133, 0.748024, 360, 360.068, 0
38.15, 0.748024, 360, 359.863, 0
38.167, 0.494985, 360, 359.658, -15.0108
38.19, 0.15304, 360, 359.521, 0
38.205, 0.209422, 360, 359.521, 0
38.218, 0.448784, 360, 359.521, 0
38.232, 0.387234, 360, 359.658, 0
38.247, 0.47614, 360, 359.795, 14.4923
38.265, 0.47614, 360, 360, 0
38.282, 0.421429, 360, 360, 0
38.299, 0.380395, 360, 360.068, 0
38.321, 0.35304, 360, 360.068, 0
38.344, 0.312006, 360, 360.068, 0
38.359, 0.264134, 360, 360.068, 0
38.384, 0.236778, 360, 360.068, 0
38.412, 0.168389, 360, 360.068, -4.10334e+07
38.425, 0.0521277, 360, 360.068, 0
38.439, 0.00425532, 360, 360.068, 0
38.453, 0.0367781, 360, 360.068, 0
38.467, 0.0641337, 360, 360.068, 0
38.48, 0.0983283, 360, 360.068, 0
38.495, 0.146201, 360, 360.068, 0
38.51, 0.194073, 360, 360.068, 0
38.524, 0.194073, 360, 360.068, 0
38.62, 0.296657, 360, 360.068, 0
38.636, 0.310334, 360, 360.068, 0
38.663, 0.385562, 360, 360.068, 0
38.704, 0.412918, 360, 360.068, 0
38.732, 0.440274, 360, 360.068, -5.95931
38.769, 0.440274, 360, 360, 0
38.814, 0.433435, 360, 360, 0
38.849, 0.433435, 360, 360, -5.06736
38.945, 0.433435, 360, 359.863, -13.6125
38.967, 0.235106, 360, 359.795, 0
39.012, 0.00942249, 360, 359.795, 0
39.031, 0.0931611, 360, 359.795, 0
39.05, 0.154711, 360, 359.795, 0
39.069, 0.318845, 360, 359.795, 0
39.085, 0.421429, 360, 0, -33613.1
39.109, 0.182067, 360, 359.863, 0
39.164, 0.291489, 360, 359.863, 0
39.177, 0.400912, 360, 359.863, 0
39.192, 0.482979, 360, 359.863, 0
39.206, 0.524012, 360, 359.932, 0
39.221, 0.571884, 360, 359.932, 0
39.235, 0.558207, 360, 360, 0
39.249, 0.517173, 360, 360.068, 0
39.261, 0.380395, 360, 360.205, 0
39.276, 0.277812, 360, 360.274, 0
39.298, 0.134195, 360, 360.274, 0
39.32, 0.0572948, 360, 360.274, 0
39.344, 0.166717, 360, 360.274, 0
39.363, 0.303495, 360, 360.274, 0
39.388, 0.604407, 360, 360.274, 0
39.402, 0.748024, 360, 360.205, 0
39.418, 0.768541, 360, 360, 0
39.432, 0.65228, 360, 360, 0
39.444, 0.494985, 360, 359.726, 0
39.456, 0.303495, 360, 359.59, 0
39.469, 0.146201, 360, 359.59, -30.1805
39.482, 0.0726444, 360, 359.521, 0
39.495, 0.312006, 360, 359.521, 0
39.515, 0.694985, 360, 359.521, 0
39.529, 0.934347, 360, 359.59, 0
39.543, 1, 360, 360, 59.6243
39.559, 0.503495, 360, 360.752, 58.3027
39.573, 0.612918, 360, 361.094, 0
39.588, 0.681307, 360, 361.163, 0
39.603, 0.647112, 360, 361.094, 0
39.616, 0.612918, 360, 360.957, 0
39.633, 1, 360, 360.821, -183.349
39.647, 1, 360, 360.137, -60.361
39.661, 0.954863, 360, 359.316, 0
39.675, 0.647112, 360, 358.632, 0
39.689, 0.818085, 360, 358.564, 0
39.704, 0.783891, 360, 358.632, 0
39.717, 0.715502, 360, 358.837, 0
39.732, 0.647112, 360, 359.043, 0
39.747, 1, 360, 359.248, 0
39.76, 1, 360, 359.863, 63.3819
39.775, 0.859119, 360, 360.684, 226.454
39.787, 0.715502, 360, 361.505, 15.1773
39.807, 0.920669, 360, 361.641, -13.9144
39.831, 0.783891, 360, 361.299, -14.1212
39.848, 0.647112, 360, 360.957, 0
39.863, 0.879635, 360, 360.821, 0
39.876, 1, 360, 360.547, -61.6673
39.891, 1, 360, 359.453, -30.9593
39.91, 0.339362, 360, 358.632, 0
39.931, 0.749696, 360, 358.632, 0
39.946, 0.715502, 360, 358.837, 14.4678
39.966, 0.647112, 360, 359.111, 0
39.985, 0.906991, 360, 359.384, 0
40.007, 0.989058, 360, 359.795, 46.3131
40.028, 0.811246, 360, 360.889, 36.7288
40.048, 0.134195, 360, 361.299, 0
40.064, 0.749696, 360, 361.299, 0
40.087, 0.681307, 360, 361.026, -35.8998
40.108, 0.612918, 360, 360.821, 0
40.129, 1, 360, 360.342, -52.5867
40.15, 1, 360, 359.111, -63.4603
40.176, 0.681307, 360, 358.564, 0
40.193, 0.818085, 360, 358.632, 21.8565
40.214, 0.749696, 360, 358.974, 11.9886
40.259, 0.592401, 360, 359.453, 11.8741
40.288, 0.66079, 360, 359.59, 18.4039
40.321, 0.667629, 360, 360.068, 28.747
40.34, 0.503495, 360, 360.342, 0
40.361, 0.312006, 360, 360.479, 0
40.385, 0.118845, 360, 360.479, 0
40.406, 0.310334, 360, 360.479, 0
40.423, 0.453951, 360, 360.479, -5.70146
40.469, 0.748024, 360, 359.59, 0
40.551, 0.105167, 360, 359.59, 0
40.578, 0.2231, 360, 359.59, 0
40.6, 0.387234, 360, 359.59, 0
40.614, 0.387234, 360, 359.59, 0
40.637, 0.838602, 360, 359.726, 0
40.659, 0.872796, 360, 360.068, 18.4885
40.679, 0.551368, 360, 360.479, 14.4616
40.699, 0.346201, 360, 360.684, 0
40.731, 0.33769, 360, 360.684, 0
40.75, 0.406079, 360, 360.616, -38.8795
40.771, 0.823252, 360, 360.479, 0
40.802, 0.884802, 360, 359.863, 0
40.819, 0.52234, 360, 359.521, 0
40.832, 0.255623, 360, 359.384, -29.58
40.846, 0.147872, 360, 359.248, 0
40.859, 0.407751, 360, 359.248, 0
40.874, 0.558207, 360, 359.384, 0
40.896, 0.818085, 360, 359.59, 49.0596
40.92, 0.995897, 360, 360.205, 0
40.935, 0.995897, 360, 360.616, 18.8503
40.951, 0.0231003, 360, 361.026, 27.5874
40.972, 0.612918, 360, 361.026, 0
40.99, 0.612918, 360, 360.889, 0
41.008, 0.948024, 360, 360.616, -17.1789
41.033, 1, 360, 359.726, -55.4656
41.051, 0.168389, 360, 358.906, -42.557
41.07, 0.783891, 360, 358.632, 0
41.093, 0.749696, 360, 358.837, 0
41.108, 0.647112, 360, 359.043, 0
41.122, 0.824924, 360, 359.179, 0
41.141, 0.715502, 360, 359.453, 0
41.182, 0.879635, 360, 360.274, 19.8863
41.205, 0.47614, 360, 360.547, 0
41.219, 0.1, 360, 360.616, 0
41.237, 0.235106, 360, 360.616, 0
41.261, 0.665957, 360, 360.616, -16.5551
41.28, 0.925836, 360, 360.41, 0
41.303, 1, 360, 358.632, 0
41.371, 0.681307, 360, 358.906, 14.4984
41.392, 0.674468, 360, 359.179, 0
41.412, 0.948024, 360, 359.658, 44.0557
41.439, 0.920669, 360, 360.821, 580.799
41.457, 0.612918, 360, 361.163, 0
41.472, 0.681307, 360, 361.163, 0
41.487, 0.681307, 360, 361.094, 0
41.502, 0.612918, 360, 361.026, 0
41.516, 0.961702, 360, 360.821, 0
41.529, 1, 360, 360.41, -61.5563
41.542, 1, 360, 359.726, -121.797
41.556, 0.325684, 360, 358.837, -30.9733
41.571, 0.818085, 360, 358.564, 0
41.585, 0.818085, 360, 358.632, 0
41.602, 0.749696, 360, 358.837, 0
41.616, 0.647112, 360, 358.974, 0
41.629, 0.770213, 360, 359.179, 0
41.644, 1, 360, 359.453, 35.4164
41.657, 1, 360, 360.205, 30.6953
41.672, 0.448784, 360, 361.026, 28.0513
41.687, 0.749696, 360, 361.299, 0
41.701, 0.749696, 360, 361.299, 0
41.714, 0.681307, 360, 361.163, -61.6118
41.728, 0.647112, 360, 361.026, 0
41.742, 0.770213, 360, 360.821, 0
41.757, 1, 360, 360.547, -61.501
41.772, 1, 360, 359.726, -34.1604
41.786, 0.339362, 360, 358.974, -30.5991
41.8, 0.749696, 360, 358.632, 0
41.814, 0.783891, 360, 358.701, 0
41.828, 0.681307, 360, 358.837, 0
41.842, 0.612918, 360, 359.043, 0
41.857, 1, 360, 359.179, 56.8015
41.87, 1, 360, 359.658, 101.467
41.884, 0.989058, 360, 360.479, 0
41.898, 0.612918, 360, 361.163, 61.2257
41.911, 0.749696, 360, 361.368, 0
41.924, 0.783891, 360, 361.368, -59.007
41.938, 0.715502, 360, 361.163, 0
41.951, 0.612918, 360, 361.026, 0
41.966, 0.818085, 360, 360.889, 0
41.981, 1, 360, 360.616, -60.4144
41.995, 1, 360, 360, -514.203
42.01, 0.91383, 360, 358.837, -32.0099
42.032, 0.818085, 360, 358.427, 15.2654
42.058, 0.818085, 360, 358.769, 26.5074
42.076, 0.818085, 360, 358.974, 59.7806
42.088, 0.818085, 360, 359.384, 32.4426
42.106, 0.729179, 360, 359.658, 0
42.121, 0.742857, 360, 359.795, 16.1944
42.139, 0.667629, 360, 360.205, 0
42.158, 0.510334, 360, 360.342, 13.7909
42.183, 0.106839, 360, 360.479, 0
42.2, 0.132523, 360, 360.479, 0
42.222, 0.371884, 360, 360.479, 0
42.237, 0.563374, 360, 360.479, 0
42.256, 0.761702, 360, 360.342, 0
42.274, 0.830091, 360, 360.068, 0.0948915
