0, 1.8158e-312, 4.94066e-324, 0, 0
0.012, 1, 180, 0.0683891, 0
0.025, 1, 180, 0.410334, 59.2113
0.037, 1, 180, 1.231, 61.1709
0.05, 1, 180, 2.32523, 182.858
0.061, 1, 180, 3.7614, 122.781
0.074, 1, 180, 5.6079, 182.696
0.086, 1, 180, 7.72796, 0
0.097, 1, 180, 9.71125, 183.022
0.11, 1, 180, 11.8997, 677.119
0.12, 1, 180, 13.9514, 173.137
0.133, 1, 180, 16.2766, 0
0.144, 1, 180, 18.5334, 169.42
0.157, 1, 180, 20.9271, 0
0.169, 1, 180, 23.3891, 222.766
0.182, 1, 180, 25.9195, 0
0.194, 1, 180, 28.4498, 212.884
0.207, 1, 180, 31.0486, 434.216
0.218, 1, 180, 33.6474, 0
0.229, 1, 180, 35.7675, 172.265
0.242, 1, 180, 38.0927, 84.1194
0.253, 1, 180, 40.5547, 232.616
0.266, 1, 180, 42.9483, 0
0.277, 1, 180, 45.4103, 212.719
0.29, 1, 180, 47.8723, 0
0.301, 1, 180, 50.3343, 229.686
0.314, 1, 180, 52.7964, 154.377
0.326, 1, 180, 55.3267, 168.584
0.338, 1, 180, 55.5319, 0
0.349, 1, 180, 59.4301, 291.017
0.36, 1, 180, 62.234, 296.057
0.371, 1, 180, 63.7386, 0
0.382, 1, 180, 66.5426, 298.642
0.393, 1, 180, 68.1155, 7123.86
0.404, 1, 180, 71.193, 0
0.415, 1, 180, 74.0653, 287.349
0.426, 1, 180, 75.5015, 341.945
0.437, 1, 180, 78.4422, 340.244
0.448, 1, 180, 79.9468, 0
0.459, 1, 180, 83.0243, 0
0.47, 1, 180, 85.965, 0
0.48, 1, 180, 87.4012, 0
0.491, 1, 180, 90.4103, 0
0.502, 1, 180, 91.9149, 0
0.513, 1, 180, 94.924, 367.683
0.524, 1, 180, 97.8647, 0
0.535, 1, 180, 99.3693, 0
0.546, 1, 180, 102.378, 341.945
0.557, 1, 180, 103.883, 390.795
0.568, 1, 180, 106.892, 305.308
0.579, 1, 180, 109.901, 287.349
0.59, 1, 180, 111.406, 0
0.6, 1, 180, 113.936, 288.561
0.611, 1, 180, 116.945, 139.855
0.623, 1, 180, 118.518, 0
0.634, 1, 180, 121.459, 150.969
0.646, 1, 180, 124.468, 0
0.657, 1, 180, 125.904, 151.639
0.669, 1, 180, 128.982, 332.793
0.68, 1, 180, 131.922, 126.646
0.692, 1, 180, 133.495, 536.385
0.704, 1, 180, -6.77052, 751.528
0.715, 1, 180, -3.82979, 0
0.725, 1, 180, -1.36778, 0
0.736, 1, 180, -0.136778, 633.232
0.747, 1, 180, -4.10334, 0
0.759, 1, 180, -1.16261, 1036.2
0.771, 1, 180, -6.42857, 592.113
0.782, 1, 180, -3.41945, 438.391
0.792, 1, 180, -0.547112, 0
0.803, 1, 180, -6.15502, 0
0.813, 1, 180, -3.7614, 2137.16
0.823, 1, 180, -1.36778, 0
0.834, 1, 180, -5.94985, 2072.4
0.844, 1, 180, -3.62462, 2137.16
0.854, 1, 180, -1.29939, 0
0.865, 1, 180, -1.29939, 0
0.875, 1, 180, -5.88146, 1848.35
0.885, 1, 180, -3.55623, 0
0.895, 1, 180, -1.29939, 0
0.906, 1, 180, -5.88146, 0
0.916, 1, 180, -3.69301, 1953.97
0.926, 1, 180, -1.43617, 0
0.937, 1, 180, -0.273556, 0
0.947, 1, 180, -4.92401, 0
0.957, 1, 180, -2.73556, 0
0.968, 1, 180, -0.547112, 1848.35
0.978, 1, 180, -5.19757, 621.719
0.988, 1, 180, -2.94073, 0
0.999, 1, 180, -0.75228, 0
1.009, 1, 180, -6.42857, 0
1.019, 1, 180, -4.30851, 0
1.03, 1, 180, -2.18845, 0
1.041, 1, 180, 0, 0
1.051, 1, 180, -4.71884, 0
1.061, 1, 180, -2.59878, 0
1.072, 1, 180, -0.478723, 1953.97
1.082, 1, 180, -5.19757, 2072.4
1.092, 1, 180, -3.00912, 0
1.102, 1, 180, -0.889058, 2072.4
1.113, 1, 180, -6.56535, 1799.71
1.123, 1, 180, -4.51368, 0
1.133, 1, 180, -2.32523, 0
1.143, 1, 180, -0.136778, 0
1.154, 1, 180, -4.85562, 2072.4
1.164, 1, 180, -2.66717, 0
1.174, 1, 180, -0.547112, 0
1.184, 1, 180, -5.26596, 0
1.195, 1, 180, -4.10334, 1709.73
1.205, 1, 180, -2.05167, 0
1.215, 1, 180, -6.77052, 0
1.225, 1, 180, -4.65046, 0
1.235, 1, 180, -2.5304, 0
1.246, 1, 180, -0.410334, 1243.44
1.256, 1, 180, -5.06079, 0
1.266, 1, 180, -2.80395, 0
1.277, 1, 180, -1.57295, 0
1.287, 1, 180, -6.15502, 0
1.298, 1, 180, -3.69301, 0
1.308, 1, 180, -1.29939, 0
1.318, 1, 180, -5.94985, 0
1.328, 1, 180, -4.78723, 0
1.339, 1, 180, -2.66717, 1953.97
1.349, 1, 180, -0.478723, 1848.35
1.359, 1, 180, -5.06079, 0
1.37, 1, 180, -2.94073, 2137.16
1.38, 1, 180, -0.75228, 0
1.39, 1, 180, -5.40274, 0
1.4, 1, 180, -3.28267, 0
1.411, 1, 180, -2.12006, 0
1.421, 1, 180, 0, 0
1.431, 1, 180, -4.78723, 1899.7
1.442, 1, 180, -2.59878, 0
1.452, 1, 180, -0.478723, 0
1.462, 1, 180, -5.12918, 0
1.473, 1, 180, -2.94073, 0
1.483, 1, 180, -0.75228, 0
1.493, 1, 180, -5.47112, 0
1.504, 1, 180, -4.3769, 1953.97
1.514, 1, 180, -2.18845, 0
1.524, 1, 180, -6.70213, 0
1.534, 1, 180, -4.58207, 712.386
1.545, 1, 180, -2.32523, 0
1.555, 1, 180, -0.136778, 565.199
1.566, 1, 180, -5.81307, 621.719
1.576, 1, 180, -3.55623, 1953.97
1.587, 1, 180, -1.36778, 1848.35
1.597, 1, 180, -5.94985, 0
1.607, 1, 180, -3.7614, 0
1.617, 1, 180, -1.64134, 1709.73
1.628, 1, 180, -6.29179, 0
1.638, 1, 180, -6.29179, 0
1.648, 1, 180, -3.1459, 0
1.658, 1, 180, -1.09422, 9432.97
1.668, 1, 180, -5.88146, 9241.76
1.679, 1, 180, -3.89818, 13677.8
1.689, 1, 180, -1.8465, 16091.5
1.699, 1, 180, -6.70213, 20331.9
1.709, 1, 180, -4.65046, 21596.5
1.72, 1, 180, -2.73556, 1953.97
1.73, 1, 180, -0.615502, 1848.35
1.74, 1, 180, -5.40274, 7327.4
1.75, 1, 180, -3.41945, 11090.1
1.761, 1, 180, -1.36778, 17097.3
1.771, 1, 180, -6.2234, 16635.2
1.781, 1, 180, -4.17173, 17461
1.791, 1, 180, -2.18845, 2072.4
1.802, 1, 180, -0.0683891, -134043
1.812, 1, 180, -4.85562, 8767.83
1.822, 1, 180, -2.80395, 11398.2
1.832, 1, 180, -0.75228, 12212.3
1.843, 1, 180, -5.47112, 13197.9
1.853, 1, 180, -3.55623, 1628.31
1.863, 1, 180, -1.29939, 338.56
1.874, 1, 180, -6.01824, 4460.16
1.885, 1, 180, -3.89818, 10521.4
1.895, 1, 180, -1.77812, 12158.1
1.905, 1, 180, -6.56535, 16680.3
1.915, 1, 180, -4.65046, 1609.15
1.926, 1, 180, -2.39362, 1486.72
1.936, 1, 180, -0.273556, 6672.1
1.947, 1, 180, -5.06079, 12938.5
1.957, 1, 180, -2.94073, 15782.1
1.967, 1, 180, -0.889058, 22796.4
1.977, 1, 180, -5.67629, 0
1.987, 1, 180, -3.62462, 0
1.998, 1, 180, -1.57295, 3377.24
2.008, 1, 180, -6.29179, 7742.16
2.018, 1, 180, -4.24012, 3907.95
2.029, 1, 180, -2.12006, 2746.55
2.04, 1, 180, 0, -80243.2
2.05, 1, 180, -4.85562, 2358.24
2.06, 1, 180, -2.66717, 1290.36
2.071, 1, 180, -0.547112, 3799.39
2.081, 1, 180, -5.33435, 5759.08
2.092, 1, 180, -3.21429, 10131.7
2.102, 1, 180, -1.231, 751.528
2.113, 1, 180, -5.74468, 735.366
2.123, 1, 180, -3.62462, 4799.23
2.133, 1, 180, -1.50456, 11893.7
2.144, 1, 180, 0, 9.27067e+07
2.154, 1, 180, -4.24012, 1179.12
2.165, 1, 180, -1.98328, 1266.46
2.175, 1, 180, -6.70213, 0
2.185, 1, 180, -4.58207, 0
2.196, 1, 180, -2.46201, 0
2.206, 1, 180, -0.478723, 0
2.216, 1, 180, -5.06079, 0
2.227, 1, 180, -2.94073, 0
2.237, 1, 180, -0.889058, 1139.82
2.247, 1, 180, -5.67629, 876.783
2.258, 1, 180, -3.55623, 0
2.268, 1, 180, -1.64134, 1159.14
2.279, 1, 180, -6.15502, 0
2.289, 1, 180, -4.03495, 0
2.299, 1, 180, -1.98328, 0
2.31, 1, 180, -6.77052, 1486.72
2.32, 1, 180, -4.65046, 0
2.33, 1, 180, -2.66717, 1315.17
2.341, 1, 180, -0.478723, 0
2.351, 1, 180, -5.26596, 1159.14
2.361, 1, 180, -3.1459, 0
2.372, 1, 180, -1.02584, 0
2.382, 1, 180, -6.01824, 574.698
2.393, 1, 180, -3.69301, 318.089
2.403, 1, 180, -1.50456, 0
2.414, 1, 180, -6.42857, 670.481
2.424, 1, 180, -3.96657, 0
2.435, 1, 180, -1.77812, 0
2.446, 1, 180, -6.56535, 468.418
2.457, 1, 180, -4.10334, 417.006
2.467, 1, 180, -1.8465, 446.987
2.478, 1, 180, -6.49696, 0
2.489, 1, 180, -4.03495, 627.423
2.5, 1, 180, -1.57295, 0
2.511, 1, 180, -6.42857, 1278.3
2.522, 1, 180, -3.7614, 0
2.532, 1, 180, -1.50456, 514.203
2.543, 1, 180, -6.15502, 1278.3
2.553, 1, 180, -3.69301, 0
2.564, 1, 180, -1.8465, 0
2.576, 1, 180, -5.88146, 435.599
2.587, 1, 180, -3.21429, 0
2.598, 1, 180, -1.43617, 1278.3
2.608, 1, 180, -5.40274, 0
2.619, 1, 180, -3.07751, 0
2.63, 1, 180, -0.957447, 0
2.641, 1, 180, -5.26596, 639.15
2.652, 1, 180, -2.73556, 0
2.663, 1, 180, -0.75228, 621.719
2.673, 1, 180, -4.92401, 0
2.684, 1, 180, -2.59878, 0
2.695, 1, 180, -0.478723, 0
2.705, 1, 180, -4.78723, 0
2.716, 1, 180, -2.46201, 2442.47
2.726, 1, 180, -0.341945, 854.863
2.737, 1, 180, -4.78723, 0
2.748, 1, 180, -2.5304, 444.085
2.759, 1, 180, -339156, 448.453
2.771, 1, 180, 554.567, 18831.8
2.781, 1, 180, 557.439, 11546.2
2.791, 1, 180, 559.286, 2486.87
2.802, 1, 180, 560.175, 551.525
2.813, 1, 180, 560.38, 1327.94
2.824, 1, 180, 560.517, -636.177
2.835, 1, 180, 560.38, 0
2.846, 1, 180, -0.478723, -1545.52
2.857, 1, 180, -1.231, -2338.09
2.868, 1, 180, -2.12006, -497.375
2.879, 1, 180, -2.66717, -422.155
2.889, 1, 180, -2.73556, 327.22
2.9, 1, 180, -2.59878, 639.15
2.911, 1, 180, -2.12006, 703.832
2.923, 1, 180, -1.16261, 0
2.935, 1, 180, -0.410334, 0
2.947, 1, 180, -5.88146, 125.026
2.958, 1, 180, -4.65046, 0
2.97, 1, 180, -3.7614, 132.794
2.982, 1, 180, -2.39362, 216.421
2.993, 1, 180, -0.615502, 276.879
3.004, 1, 180, -5.74468, 53.3456
3.016, 1, 180, -3.82979, 168.446
3.028, 1, 180, -1.77812, 379.939
3.039, 1, 180, -5.94985, 0
3.051, 1, 180, -4.10334, 240.807
3.063, 1, 180, -1.77812, 308.059
3.074, 1, 180, -5.94985, 0
3.086, 1, 180, -3.7614, 2599.58
3.097, 1, 180, -1.70973, 172.265
3.108, 1, 180, -5.74468, 166.397
3.12, 1, 180, -4.24012, 2122.94
3.132, 1, 180, -1.29939, 0
3.143, 1, 180, -5.19757, 0
3.155, 1, 180, -3.48784, 1940.12
3.167, 1, 180, -1.91489, 3682.49
3.178, 1, 180, -5.88146, 4001.49
3.189, 1, 180, -4.17173, 3982.15
3.201, 1, 180, -1.64134, 1068.58
3.212, 1, 180, -6.01824, 6557.85
3.223, 1, 180, -3.48784, 4138.82
3.234, 1, 180, -0.957447, 1662.23
3.245, 1, 180, -5.33435, 2131.61
3.256, 1, 180, -3.1459, 566.76
3.269, 1, 180, -1.8465, 2764.66
3.281, 1, 180, -5.67629, 11398.2
3.291, 1, 180, -2.32523, 697.848
3.308, 1, 180, -6.49696, 3218.31
3.318, 1, 180, -3.96657, 8548.63
3.329, 1, 180, -1.70973, -54110
3.339, 1, 180, -4.92401, 17097.3
3.35, 1, 180, -2.73556, 18997
3.361, 1, 180, -0.547112, -161974
3.371, 1, 180, -5.26596, 9018.34
3.381, 1, 180, -3.28267, 795.222
3.392, 1, 180, -1.09422, 2041.46
3.402, 1, 180, -5.74468, 1953.97
3.412, 1, 180, -3.62462, 735.366
3.423, 1, 180, -1.57295, 6411.47
3.433, 1, 180, -6.29179, 5545.06
3.443, 1, 180, -4.24012, 8045.77
3.453, 1, 180, -2.18845, 12068.7
3.464, 1, 180, -0.136778, -174772
3.474, 1, 180, 0, -7598.78
3.484, 1, 180, 665.699, 27725.3
3.495, 1, 180, 667.819, 32183.1
3.505, 1, 180, 670.008, 33158.3
3.515, 1, 180, 672.264, 22796.4
3.525, 1, 180, 673.837, 10362
3.536, 1, 180, 674.658, 1590.44
3.546, 1, 180, 674.863, 2072.4
3.556, 1, 180, 675, -1899.7
3.566, 1, 180, 674.795, -2331.45
3.577, 1, 180, 674.316, -9769.87
3.587, 1, 180, 673.564, -12434.4
3.597, 1, 180, 672.47, -14654.8
3.607, 1, 180, 671.102, -13677.8
3.617, 1, 180, 669.46, -9769.87
3.628, 1, 180, 668.571, -21684.3
3.638, 1, 180, 666.725, -13485.2
3.648, 1, 180, 664.81, -26995.7
3.659, 1, 180, 662.758, -7912.78
3.669, 1, 180, 660.707, -15484.3
3.679, 1, 180, 658.655, -13909.6
3.69, 1, 180, 656.603, -11754.4
3.701, 1, 180, 655.509, -9598.46
3.711, 1, 180, 653.321, -14210.7
3.722, 1, 180, 651.064, -5795.68
3.732, 1, 180, 649.764, -2594.71
3.744, 1, 180, 647.576, -161.295
3.755, 1, 180, 645.456, -3049.19
3.765, 1, 180, 643.815, -1776.34
3.776, 1, 180, 641.147, 0
3.787, 1, 180, 641.147, 0
3.797, 1, 180, -4.10334, -8839.4
3.808, 1, 180, -6.77052, 26558.9
3.819, 1, 180, -2.94073, -3009.12
3.831, 1, 180, -4.24012, -8969.06
3.842, 1, 180, -0.273556, -8548.63
3.852, 1, 180, -1.43617, -20896.7
3.862, 1, 180, -2.73556, -10057.2
3.873, 1, 180, -3.21429, 0
3.883, 1, 180, -3.1459, 2206.1
3.893, 1, 180, -2.66717, 0
3.903, 1, 180, -1.91489, 1848.35
3.913, 1, 180, -0.957447, 3696.71
3.924, 1, 180, -6.56535, 8824.39
3.934, 1, 180, -5.12918, 11090.1
3.944, 1, 180, -3.82979, 9241.76
3.954, 1, 180, -1.91489, 5699.09
3.965, 1, 180, 0, -197121
3.975, 1, 180, -4.85562, 0
3.985, 1, 180, -2.87234, 0
3.995, 1, 180, -0.889058, 4144.79
4.006, 1, 180, -5.81307, 8045.77
4.016, 1, 180, -3.82979, 11723.8
4.026, 1, 180, -1.8465, 15631.8
4.036, 1, 180, -0.205167, -191087
4.047, 1, 180, -4.92401, 8289.58
4.057, 1, 180, -2.80395, 3907.95
4.067, 1, 180, -0.683891, 0
4.077, 1, 180, -5.47112, 1953.97
4.088, 1, 180, -3.41945, 3799.39
4.098, 1, 180, -1.36778, 7815.89
4.108, 1, 180, -6.2234, 14080.1
4.118, 1, 180, 0, 0
4.129, 1, 180, 667.409, 2011.44
4.139, 1, 180, 669.529, 1799.71
4.15, 1, 180, 671.717, 0
4.16, 1, 180, 673.837, 0
4.17, 1, 180, 675.889, 0
4.18, 1, 180, 676.983, 0
4.191, 1, 180, 677.462, 0
4.201, 1, 180, 677.667, 0
4.211, 1, 180, 677.599, 0
4.221, 1, 180, 677.325, 0
4.232, 1, 180, 676.71, 0
4.242, 1, 180, 675.821, 0
4.252, 1, 180, 674.658, 0
4.262, 1, 180, 673.222, 0
4.273, 1, 180, 671.649, 0
4.283, 1, 180, 669.871, 0
4.293, 1, 180, 668.024, 0
4.303, 1, 180, 666.178, -2072.4
4.314, 1, 180, 664.536, 0
4.324, 1, 180, 662.485, 0
4.334, 1, 180, 660.433, 0
4.344, 1, 180, 658.313, 0
4.355, 1, 180, 656.33, 0
4.365, 1, 180, 654.278, 0
4.375, 1, 180, 652.295, -2137.16
4.385, 1, 180, 650.312, -2011.44
4.395, 1, 180, 648.26, 0
4.406, 1, 180, 646.687, -1953.97
4.416, 1, 180, 644.567, -2072.4
4.426, 1, 180, 642.378, 0
4.437, 1, 180, 640.19, 0
4.447, 1, 180, 638.138, 0
4.457, 1, 180, 636.087, 0
4.467, 1, 180, 634.103, 0
4.477, 1, 180, 632.052, 0
4.488, 1, 180, 630.547, 0
4.498, 1, 180, 629.521, -33158.3
4.508, 1, 180, 627.333, -15411.6
4.519, 1, 180, 625.144, -32183.1
4.529, 1, 180, 622.956, -28495.4
4.539, 1, 180, 620.973, -20114.4
4.549, 1, 180, 619.4, -17997.1
4.559, 1, 180, 617.622, -17097.3
4.57, 1, 180, 615.707, -16091.5
4.58, 1, 180, 614.749, -31085.9
4.59, 1, 180, 612.698, -31085.9
4.6, 1, 180, 610.646, -27725.3
4.611, 1, 180, 608.594, -29573.6
4.621, 1, 180, 606.406, -14290.3
4.631, 1, 180, 604.354, -24696
4.642, 1, 180, 602.234, -22180.2
4.652, 1, 180, 600.114, -8443.09
4.662, 1, 180, 597.994, -15631.8
4.673, 1, 180, 595.874, -13677.8
4.683, 1, 180, 594.78, -26995.7
4.693, 1, 180, 592.66, -27725.3
4.704, 1, 180, 590.54, -28795.4
4.714, 1, 180, 588.351, -11030.5
4.724, 1, 180, 586.231, -12664.6
4.734, 1, 180, 584.043, -12884.9
4.745, 1, 180, 581.922, -5471.12
4.755, 1, 180, 580.555, -26303.5
4.766, 1, 180, 578.435, -12024.4
4.776, 1, 180, 576.315, -27355.6
4.786, 1, 180, 574.126, -30171.6
4.796, 1, 180, 572.006, -30171.6
4.807, 1, 180, 569.886, -28160.2
4.817, 1, 180, 567.698, -24868.7
4.827, 1, 180, 565.509, -18997
4.837, 1, 180, 564.483, -32183.1
4.848, 1, 180, 562.295, -32183.1
4.858, 1, 180, 560.038, -28057
4.868, 1, 180, 557.85, -33158.3
4.879, 1, 180, 555.661, -29013.5
4.889, 1, 180, 553.473, -24868.7
4.899, 1, 180, 552.31, -31085.9
4.909, 1, 180, 550.19, -33158.3
4.92, 1, 180, 547.933, -33158.3
4.93, 1, 180, 545.676, -32183.1
4.94, 1, 180, 543.419, -26941.1
4.95, 1, 180, 541.231, -23508.7
4.96, 1, 180, 540.137, -29573.6
4.971, 1, 180, 537.88, -31085.9
4.981, 1, 180, 535.691, -33158.3
4.991, 1, 180, 533.503, -29573.6
5.002, 1, 180, 531.315, -31085.9
5.012, 1, 180, 529.126, -26148.8
5.023, 1, 180, 526.869, -3303.82
5.033, 1, 180, -1.64134, -15442.7
5.043, 1, 180, -2.73556, -34194.5
5.054, 1, 180, -4.92401, -33158.3
5.064, 1, 180, -0.273556, -34194.5
5.074, 1, 180, -2.5304, -32183.1
5.085, 1, 180, -4.71884, -21042.8
5.095, 1, 180, -6.29179, -11723.8
5.105, 1, 180, -6.77052, 209579
5.115, 1, 180, -0.478723, -3907.95
5.126, 1, 180, -0.683891, 2011.44
5.136, 1, 180, -0.478723, 8289.58
5.146, 1, 180, -6.77052, 10685.8
5.157, 1, 180, -5.94985, 10685.8
5.167, 1, 180, -4.85562, 12068.7
5.177, 1, 180, -4.24012, 17097.3
5.187, 1, 180, -2.66717, 27783.1
5.198, 1, 180, -0.889058, -183796
5.208, 1, 180, -5.74468, 29920.2
5.218, 1, 180, -3.7614, 30885.4
5.229, 1, 180, -1.64134, 25645.9
5.239, 1, 180, -6.42857, 17997.1
5.249, 1, 180, -5.33435, 31085.9
5.259, 1, 180, -3.21429, 31263.6
5.27, 1, 180, -1.09422, 33158.3
5.28, 1, 180, -5.74468, 34194.5
5.29, 1, 180, -3.55623, 28160.2
5.301, 1, 180, -1.36778, 24267.1
5.311, 1, 180, -0.273556, -174081
5.321, 1, 180, -4.85562, 32057.4
5.331, 1, 180, -2.66717, 32057.4
5.342, 1, 180, -0.478723, -174081
5.352, 1, 180, -5.12918, 31085.9
5.362, 1, 180, -2.94073, 26941.1
5.373, 1, 180, -0.75228, 20896.7
5.383, 1, 180, -6.49696, 33158.3
5.393, 1, 180, -4.24012, 31085.9
5.404, 1, 180, -2.05167, 34194.5
5.414, 1, 180, -6.70213, 35230.7
5.424, 1, 180, -4.3769, 21168
5.434, 1, 180, -2.18845, 20896.7
5.445, 1, 180, -1.09422, 33158.3
5.455, 1, 180, -5.74468, 35297.6
5.465, 1, 180, -3.55623, 31263.6
5.476, 1, 180, -1.29939, 30395.1
5.486, 1, 180, -5.94985, 32057.4
5.496, 1, 180, -3.7614, 26148.8
5.506, 1, 180, -1.57295, 10165.9
5.517, 1, 180, -6.29179, 6690.23
5.527, 1, 180, -4.10334, 15631.8
5.537, 1, 180, -1.98328, 13236.6
5.548, 1, 180, -0.957447, -42870.8
5.558, 1, 180, -5.6079, 16028.7
5.568, 1, 180, -3.48784, 34194.5
5.579, 1, 180, -1.29939, 29309.6
5.589, 1, 180, -6.01824, 27725.3
5.599, 1, 180, -3.82979, 29635.3
5.61, 1, 180, -1.77812, 25401.7
5.62, 1, 180, -6.42857, 9769.87
5.63, 1, 180, -4.30851, 17585.8
5.641, 1, 180, -2.18845, 17585.8
5.651, 1, 180, -0.0683891, -171897
5.661, 1, 180, -5.88146, 31263.6
5.672, 1, 180, -3.69301, 32057.4
5.682, 1, 180, -1.57295, 33158.3
5.692, 1, 180, -6.2234, 35297.6
5.707, 1, 180, -3.00912, 1953.97
5.717, 1, 180, -1.8465, 23447.7
5.728, 1, 180, -6.42857, 19234.4
5.738, 1, 180, -4.24012, 14960.1
5.748, 1, 180, -2.05167, 33158.3
5.758, 1, 180, -6.56535, 22796.4
5.769, 1, 180, -4.3769, 27355.6
5.779, 1, 180, -2.18845, 21371.6
5.789, 1, 180, -1.09422, 30395.1
5.8, 1, 180, -5.74468, 33158.3
5.81, 1, 180, -3.55623, 33158.3
5.82, 1, 180, -1.29939, 31085.9
5.83, 1, 180, -5.94985, 30885.4
5.841, 1, 180, -3.7614, 25645.9
5.851, 1, 180, -2.66717, 26688.4
5.861, 1, 180, -0.478723, -168961
5.872, 1, 180, -5.06079, 31263.6
5.882, 1, 180, -2.87234, 29573.6
5.892, 1, 180, -0.683891, -174081
5.903, 1, 180, -5.26596, 29013.5
5.913, 1, 180, -3.1459, 22796.4
5.923, 1, 180, -0.957447, 19289.2
5.934, 1, 180, -5.6079, 7815.89
5.944, 1, 180, -4.51368, 11928.3
5.954, 1, 180, -2.32523, 7327.4
5.965, 1, 180, -0.205167, -205167
5.975, 1, 180, -4.85562, 36474.2
6.004, 1, 180, -6.42857, 3696.71
6.015, 1, 180, -5.19757, 22180.2
6.025, 1, 180, -3.07751, 23508.7
6.035, 1, 180, -0.957447, -166088
6.045, 1, 180, -4.51368, 30171.6
6.056, 1, 180, -2.39362, 26995.7
6.066, 1, 180, -0.205167, -167173
6.077, 1, 180, -4.92401, 22125.9
6.087, 1, 180, -2.73556, 17097.3
6.097, 1, 180, -0.547112, 14506.8
6.108, 1, 180, -6.29179, 26995.7
6.118, 1, 180, -4.17173, 11765.9
6.128, 1, 180, -2.05167, 33158.3
6.139, 1, 180, -6.70213, 35297.6
6.149, 1, 180, -4.58207, 40526.8
6.159, 1, 180, -2.32523, 18522
6.169, 1, 180, -0.136778, -164503
6.18, 1, 180, -4.78723, 8548.63
6.19, 1, 180, -2.66717, 9386.73
6.2, 1, 180, -1.64134, 17686.8
6.211, 1, 180, -6.36018, 33091.5
6.221, 1, 180, -4.24012, 17686.8
6.232, 1, 180, -2.05167, 12510.2
6.242, 1, 180, -6.70213, 13677.8
6.253, 1, 180, -4.51368, 13677.8
6.263, 1, 180, -3.35106, 11150.4
6.274, 1, 180, -1.16261, 5286.11
6.284, 1, 180, -5.67629, 15501.5
6.295, 1, 180, -3.28267, 10109.7
6.306, 1, 180, -0.889058, -48274.6
6.317, 1, 180, -6.42857, 12561.3
6.327, 1, 180, -4.03495, 11398.2
6.338, 1, 180, -1.64134, 12494.2
6.348, 1, 180, -5.81307, 14353.3
6.359, 1, 180, -4.44529, 7224.2
6.369, 1, 180, -2.05167, 7791.16
6.38, 1, 180, -6.29179, 12615.5
6.391, 1, 180, -4.58207, 6891.92
6.401, 1, 180, -2.39362, 15711
6.411, 1, 180, -0.136778, -87286
6.422, 1, 180, -4.65046, 6436.62
6.432, 1, 180, -2.59878, 1972.76
6.443, 1, 180, -0.136778, -63741.3
6.454, 1, 180, -4.65046, 19539.7
6.464, 1, 180, -2.18845, 8651.63
6.475, 1, 180, -0.205167, -56130.6
6.486, 1, 180, -4.58207, 18237.1
6.496, 1, 180, -1.8465, 12615.5
6.507, 1, 180, -6.15502, 8437.61
6.517, 1, 180, -4.58207, 19539.7
6.528, 1, 180, -2.12006, 10284.1
6.539, 1, 180, -6.2234, 11951.5
6.549, 1, 180, -3.69301, 8492.76
6.56, 1, 180, -0.957447, -67574.9
6.571, 1, 180, -6.49696, 11287.5
6.581, 1, 180, -3.96657, 17325.2
6.592, 1, 180, -1.29939, 14437.7
6.602, 1, 180, -5.47112, 9118.54
6.613, 1, 180, -4.17173, 11836.6
6.624, 1, 180, -1.57295, 2891.71
6.635, 1, 180, -5.74468, 11863.4
6.645, 1, 180, -3.28267, 9255.66
6.656, 1, 180, -1.8465, 7275.43
6.667, 1, 180, -6.2234, 17799.9
6.677, 1, 180, -3.48784, 8261.77
6.688, 1, 180, -0.957447, -43769
6.699, 1, 180, -8.446e+07, -8.79383e+06
6.709, 1, 180, 823.336, 3599.42
6.719, 1, 180, 825.593, 5895.61
6.73, 1, 180, 827.85, 5845.22
6.741, 1, 180, 830.243, 8548.63
6.751, 1, 180, 832.5, 0
6.763, 1, 180, 834.688, 0
6.773, 1, 180, 835.919, 0
6.784, 1, 180, 836.535, 0
6.795, 1, 180, 836.672, 0
6.805, 1, 180, 836.603, 0
6.816, 1, 180, 836.125, 0
6.826, 1, 180, 835.441, 0
6.837, 1, 180, 834.688, 0
6.847, 1, 180, 833.321, 0
6.858, 1, 180, 831.884, 0
6.868, 1, 180, 830.243, -1848.35
6.879, 1, 180, 0, -3.07877e+06
6.889, 1, 180, -6.49696, 50991.8
6.9, 1, 180, -1.8465, -6782.39
6.91, 1, 180, -4.03495, -8317.59
6.921, 1, 180, -6.49696, -1799.71
6.932, 1, 180, -0.820669, -9154.44
6.943, 1, 180, -3.1459, -15068.8
6.953, 1, 180, -4.92401, -2763.19
6.964, 1, 180, -5.74468, -663.971
6.975, 1, 180, -6.01824, 0
6.985, 1, 180, -6.01824, 391.914
6.996, 1, 180, -5.67629, 1465.48
7.007, 1, 180, -5.06079, 2051.67
7.018, 1, 180, -4.03495, 984.015
7.028, 1, 180, -3.48784, 5335.32
7.039, 1, 180, -1.91489, 7050.42
7.05, 1, 180, -0.205167, -37265.9
7.061, 1, 180, -6.01824, 5605.66
7.072, 1, 180, -3.82979, 6398.98
7.083, 1, 180, -1.57295, 8156.49
7.094, 1, 180, -0.410334, -72829.9
7.105, 1, 180, -4.85562, 31564.2
7.115, 1, 180, -2.32523, 38468.8
7.125, 1, 180, -6.29179, 6690.23
7.136, 1, 180, -3.41945, 4022.89
7.146, 1, 180, -1.8465, 17432.5
7.157, 1, 180, -6.2234, 6345.38
7.167, 1, 180, -3.96657, 4559.27
7.178, 1, 180, -2.87234, 10109.7
7.189, 1, 180, -0.410334, -122227
7.199, 1, 180, -4.85562, 9959.57
7.21, 1, 180, -2.39362, 5082.97
7.22, 1, 180, -1.09422, -178694
7.231, 1, 180, -5.12918, 4307.97
7.241, 1, 180, -2.59878, 3096.86
7.252, 1, 180, -0.0683891, -20583.1
7.263, 1, 180, -5.6079, 4657.32
7.274, 1, 180, -3.00912, 6288.65
7.285, 1, 180, -0.547112, -17752.9
7.296, 1, 180, -6.15502, 4542.45
7.307, 1, 180, -3.55623, 5240.54
7.318, 1, 180, -0.75228, -17199.6
7.329, 1, 180, -4.65046, 1668.03
7.34, 1, 180, -3.41945, 8495.54
7.351, 1, 180, -0.547112, -19847.2
7.362, 1, 180, -4.65046, 6170.44
7.373, 1, 180, -338823, 3.26644e+09
7.384, 1, 180, 888.237, 0
7.394, 1, 180, 890.973, 432.842
7.405, 1, 180, 892.34, 0
7.415, 1, 180, 895.008, 645.18
7.426, 1, 180, 897.88, 0
7.437, 1, 180, 899.248, 0
7.448, 1, 180, 901.915, 639.15
7.458, 1, 180, 903.283, 0
7.47, 1, 180, 903.625, 0
7.482, 1, 180, 903.898, 0
7.492, 1, 180, 903.625, 0
7.503, 1, 180, 903.078, -167.21
7.514, 1, 180, 902.599, 0
7.525, 1, 180, 901.436, -264.05
7.536, 1, 180, 899.658, 0
7.547, 1, 180, 898.701, -3.68352e+06
7.559, 1, 180, -5.53951, -123.446
7.571, 1, 180, -0.75228, 0
7.582, 1, 180, -3.21429, 0
7.594, 1, 180, -4.44529, -169.28
7.605, 1, 180, -0.205167, -147.39
7.617, 1, 180, -22.0897, 41628.1
7.628, 1, 180, -3.82979, -789.712
7.64, 1, 180, -5.19757, -469.49
7.651, 1, 180, -5.81307, -262.53
7.663, 1, 180, -5.94985, 0
7.675, 1, 180, -5.67629, 223.129
7.687, 1, 180, -5.12918, 542.77
7.699, 1, 180, -4.10334, 1370.83
7.711, 1, 180, -3.21429, 1412.16
7.722, 1, 180, -1.77812, 13236.6
7.732, 1, 180, -6.77052, 2002.38
7.744, 1, 180, -4.65046, 4844.22
7.755, 1, 180, -3.00912, 3799.39
7.766, 1, 180, -0.820669, -25994
7.777, 1, 180, -5.47112, 2120.59
7.788, 1, 180, -3.28267, 7771.48
7.799, 1, 180, -1.16261, 3062.2
7.81, 1, 180, -5.67629, 6071.93
7.82, 1, 180, -3.41945, 1828.58
7.831, 1, 180, -1.09422, 8548.63
7.842, 1, 180, -5.40274, 11836.6
7.852, 1, 180, -2.94073, 5284.61
7.864, 1, 180, -1.02584, 1683.42
7.875, 1, 180, -5.6079, 5554.44
7.886, 1, 180, 919.696, 3799.39
7.896, 1, 180, 921.884, 683.891
7.908, 1, 180, -0.0683891, 2.35029e+06
7.919, 1, 180, -3.69301, 0
7.929, 1, 180, -2.18845, 2.27068e+06
7.941, 1, 180, -6.2234, 690.799
7.952, 1, 180, -6.15502, 0
7.962, 1, 180, -3.00912, 663.971
7.973, 1, 180, -1.231, 441.22
7.984, 1, 180, -0.273556, 502.861
7.994, 1, 180, -6.49696, 0
8.005, 1, 180, -5.6079, 0
8.016, 1, 180, -4.51368, 0
8.027, 1, 180, -3.21429, 677.119
8.037, 1, 180, -1.70973, 0
8.048, 1, 180, -6.70213, 589.561
8.059, 1, 180, -5.06079, 399.936
8.07, 1, 180, -2.87234, 1199.81
8.08, 1, 180, -0.957447, 435.599
8.091, 1, 180, -5.53951, 657.587
8.102, 1, 180, -3.48784, 379.939
8.113, 1, 180, -1.09422, 2279.64
8.123, 1, 180, -4.85562, 1519.76
8.133, 1, 180, -3.21429, 9325.78
8.144, 1, 180, -0.273556, 430.12
8.155, 1, 180, -4.03495, 1367.78
8.165, 1, 180, -1.09422, 333.605
8.176, 1, 180, -6.08663, 333.605
8.188, 1, 180, -3.55623, 0
8.199, 1, 180, -2.39362, 0
8.21, 1, 180, -6.42857, 0
8.22, 1, 180, -3.7614, 0
8.23, 1, 180, -2.32523, 0
8.241, 1, 180, -6.36018, 639.15
8.253, 1, 180, -4.85562, 341.945
8.264, 1, 180, -1.64134, 333.605
8.275, 1, 180, -0.136778, 155.077
8.286, 1, 180, -4.03495, 0
8.297, 1, 180, -4.03495, 0
8.308, 1, 180, -0.478723, 0
8.319, 1, 180, 999.711, -21319.7
8.331, 1, 180, -3.69301, 21224.2
8.341, 1, 180, -0.478723, -27839.8
8.352, 1, 180, -5.74468, 3006.11
8.364, 1, 180, -2.66717, 3450.82
8.375, 1, 180, -1.09422, -24137.3
8.386, 1, 180, -4.65046, 10090.2
8.397, 1, 180, -1.50456, 633.232
8.408, 1, 180, -6.63374, 3599.42
8.42, 1, 180, -3.69301, 373.711
8.431, 1, 180, -0.957447, 2405.65
8.442, 1, 180, -5.6079, 1455.09
8.453, 1, 180, -2.87234, 2156.41
8.464, 1, 180, -0.410334, -27606.6
8.475, 1, 180, -4.85562, 338.56
8.486, 1, 180, -2.39362, 936.836
8.497, 1, 180, -0.820669, -13709.3
8.51, 1, 180, -4.71884, 2717.45
8.521, 1, 180, -3.28267, 3108.59
8.533, 1, 180, -1.70973, 4916.86
8.544, 1, 180, -5.53951, 3350.91
8.557, 1, 180, -3.7614, 2836.41
8.571, 1, 180, -1.02584, -12006.1
8.583, 1, 180, -5.67629, 4103.34
8.593, 1, 180, -3.21429, 347.153
8.604, 1, 180, -0.615502, -32436
8.615, 1, 180, -5.06079, 1859.52
8.627, 1, 180, -2.39362, 8678.81
8.639, 1, 180, 1067.83, 60.6824
8.651, 1, 180, 1069.67, 333.605
8.663, 1, 180, 1073.37, 716.116
8.674, 1, 180, 1075.14, 341.945
8.686, 1, 180, 1078.43, 0
8.697, 1, 180, 1079.86, 849.554
8.708, 1, 180, 1083.01, 198.229
8.719, 1, 180, 1086.16, 712.386
8.729, 1, 180, 1088.89, 0
8.741, 1, 180, 1090.05, 150.306
8.752, 1, 180, 1090.81, 0
8.763, 1, 180, 1091.01, 0
8.775, 1, 180, 1090.81, 0
8.787, 1, 180, 1090.33, -139.855
8.798, 1, 180, 1089.64, -1286.89
8.81, 1, 180, 1089.1, 0
8.822, 1, 180, 1087.73, 0
8.833, 1, 180, 1086.84, -253.293
8.843, 1, 180, 1084.72, -154.029
8.855, 1, 180, 1083.49, -154.029
8.867, 1, 180, 1080.96, -114.172
8.879, 1, 180, 1078.36, 0
8.891, 1, 180, 1075.69, 0
8.902, 1, 180, 1074.32, 0
8.913, 1, 180, 1071.45, -231.827
8.924, 1, 180, 1068.37, 0
8.936, 1, 180, 1067.21, 0
8.947, 1, 180, 1064.48, -157.578
8.958, 1, 180, 1061.67, -148.996
8.97, 1, 180, 1060.24, 0
8.981, 1, 180, 1057.29, -438.391
8.992, 1, 180, 1054.35, 0
9.003, 1, 180, 1052.99, 0
9.014, 1, 180, 1050.05, -786.081
9.024, 1, 180, 1048.61, -3730.31
9.035, 1, 180, 1046.42, -294.78
9.046, 1, 180, 1043.96, -727.543
9.057, 1, 180, 1041.43, -386.379
9.069, 1, 180, 1038.9, 0
9.081, 1, 180, 1036.78, 0
9.093, 1, 180, 1034.25, -137.881
9.106, 1, 180, 1032.26, -154.377
9.118, 1, 180, 1030.83, 0
9.13, 1, 180, 1028.02, 0
9.143, 1, 180, 1026.52, -1226.1
9.157, 1, 180, 1024.67, -147.073
9.168, 1, 180, 1021.94, 0
9.181, 1, 180, 1019.82, -315.885
9.193, 1, 180, 1016.47, -62.4558
9.207, 1, 180, 1014.41, -542.77
9.218, 1, 180, 1010.86, 0
9.229, 1, 180, 1009.15, -228.981
9.241, 1, 180, 1005.66, -645.18
9.251, 1, 180, 1002.38, 0
9.262, 1, 180, 1000.74, 0
9.272, 1, 180, 997.386, -809.338
9.283, 1, 180, 993.898, -899.856
9.294, 1, 180, 991.915, -633.232
9.304, 1, 180, 988.837, 0
9.315, 1, 180, -6.49374e+06, 2.14244e+10
9.326, 1, 180, 986.102, -6015.7
9.338, 1, 180, 983.366, -5329.02
9.349, 1, 180, 981.725, -11854.1
9.36, 1, 180, 979.263, -6247.08
9.371, 1, 180, 976.596, -5282.08
9.383, 1, 180, 974.954, -1025.44
9.395, 1, 180, 972.561, -6907.99
9.406, 1, 180, 969.552, -2935.15
9.418, 1, 180, 967.979, -2764.66
9.43, 1, 180, 966.132, -356.502
9.443, 1, 180, 964.628, -250.969
9.455, 1, 180, 962.713, 0
9.468, 1, 180, 961.345, 0
9.479, 1, 180, 958.746, -1395.7
9.489, 1, 180, 956.353, -690.799
9.5, 1, 180, 954.78, 0
9.511, 1, 180, 951.976, 0
9.521, 1, 180, 949.309, -587.031
9.533, 1, 180, 946.847, -89.7494
9.545, 1, 180, 944.111, -288.561
9.556, 1, 180, 941.717, -134.36
9.568, 1, 180, 938.913, 0
9.58, 1, 180, 936.725, 0
9.591, 1, 180, 934.878, -1139.82
9.601, 1, 180, 932.348, 0
9.613, 1, 180, 930.843, -315.157
9.624, 1, 180, 927.903, -163.61
9.635, 1, 180, 926.33, -755.68
9.646, 1, 180, 923.184, -597.284
9.657, 1, 180, 921.611, -613.355
9.669, 1, 180, 918.191, -427.432
9.68, 1, 180, 916.755, -201.144
9.692, 1, 180, 913.609, -298.642
9.704, 1, 180, 910.6, -274.104
9.716, 1, 180, 908.891, -1953.97
9.726, 1, 180, 905.676, -690.799
9.737, 1, 180, 903.009, -677.119
9.748, 1, 180, 900.821, -292.261
9.759, 1, 180, 898.153, -340.244
9.77, 1, 180, 895.555, -605.213
9.781, 1, 180, 893.093, -1709.73
9.791, 1, 180, 890.357, -422.155
9.803, 1, 180, 890.289, 0
9.814, 1, 180, 886.391, 0
9.826, 1, 180, 885.023, 0
9.836, 1, 180, 882.971, 0
9.848, 1, 180, 881.193, 0
9.859, 1, 180, 878.457, -1290.36
9.87, 1, 180, 876.816, 0
9.881, 1, 180, 873.875, 0
9.892, 1, 180, 872.302, -163.22
9.904, 1, 180, 869.635, -308.059
9.915, 1, 180, 868.062, 0
9.926, 1, 180, 864.506, -1052.14
9.937, 1, 180, 862.591, -596.416
9.949, 1, 180, 859.309, 0
9.96, 1, 180, 856.641, -207.24
9.971, 1, 180, 854.521, 0
9.982, 1, 180, 852.333, -142.477
9.996, 1, 180, 850.008, 0
