0, 0, 0, 0, 0
0.015, 1, 360, 0.0683891, 0
0.027, 1, 360, 0.683891, 108.9
0.039, 1, 360, 1.50456, 0
0.054, 1, 360, 2.46201, 122.781
0.068, 1, 360, 3.41945, 19.6407
0.084, 1, 360, 4.65046, 0
0.098, 1, 360, 5.74468, 40.1344
0.112, 1, 360, 6.83891, 59.2113
0.125, 1, 360, 7.79635, 33.4257
0.139, 1, 360, 9.02736, 31.328
0.154, 1, 360, 10.1216, 62.9878
0.172, 1, 360, 11.5578, 88.3389
0.191, 1, 360, 13.3359, 69.7848
0.213, 1, 360, 15.114, 0
0.236, 1, 360, 16.5502, 93.8122
0.254, 1, 360, 18.3283, 87.1753
0.276, 1, 360, 20.1064, 65.5068
0.3, 1, 360, 22.1581, 88.971
0.321, 1, 360, 23.3891, -49407.7
0.339, 1, 360, 25.1672, 200.554
0.358, 1, 360, 26.3298, 74.1613
0.38, 1, 360, 28.7918, 88.6251
0.407, 1, 360, 30.6383, 62.059
0.425, 1, 360, 32.0745, 79.8751
0.447, 1, 360, 33.7158, 89.0676
0.468, 1, 360, 35.4255, 0
0.487, 1, 360, 36.6565, 31.3137
0.501, 1, 360, 37.7508, 60.2547
0.516, 1, 360, 38.845, 62.4273
0.53, 1, 360, 40.0076, 0
0.543, 1, 360, 40.8967, 68.6637
0.556, 1, 360, 42.1277, 61.2257
0.57, 1, 360, 43.1535, 60.7903
0.583, 1, 360, 44.5213, 120.722
0.606, 1, 360, 46.231, 85.3441
0.63, 1, 360, 48.0775, 122.451
0.646, 1, 360, 48.2143, 503.787
0.665, 1, 360, 50.6763, 163.61
0.679, 1, 360, 51.7705, 0
0.694, 1, 360, 52.9331, 187.882
0.707, 1, 360, 53.959, 180.446
0.721, 1, 360, 61.003, 122.014
0.735, 1, 360, 56.2158, 93.8122
0.75, 1, 360, 57.31, 38.3347
0.763, 1, 360, 58.4043, 0
0.776, 1, 360, 59.4301, 63.0024
0.79, 1, 360, 60.5243, 85.22
0.803, 1, 360, 61.5502, 62.3988
0.816, 1, 360, 62.4392, 1799.71
0.828, 1, 360, 63.807, 82.8791
0.85, 1, 360, 65.6535, 75.4347
0.872, 1, 360, 11.3526, 481.99
0.91, 1, 360, 70.1672, 93.898
0.925, 1, 360, 71.6033, 141.945
0.946, 1, 360, 73.3131, 879.198
0.966, 1, 360, 74.6809, 58.6276
0.982, 1, 360, 75.8435, 33.0382
0.997, 1, 360, 75.9119, 0
1.008, 1, 360, 77.5532, 1302.65
1.021, 1, 360, 78.8526, 119.771
1.035, 1, 360, 79.9468, 120.722
1.048, 1, 360, 81.041, 58.6527
1.063, 1, 360, 82.2036, 59.7024
1.078, 1, 360, 83.2295, 78.4728
1.091, 1, 360, 84.3921, 0
1.106, 1, 360, 86.307, 67.1007
1.133, 1, 360, 86.7173, 80.6792
1.157, 1, 360, 89.7948, 183.349
1.173, 1, 360, 91.231, -74.1747
1.191, 1, 360, 92.3252, 64.3965
1.206, 1, 360, 93.5562, 113.887
1.22, 1, 360, 94.9924, 44.1077
1.241, 1, 360, 96.4286, 93.984
1.257, 1, 360, 97.728, 93.4702
1.277, 1, 360, 99.2325, 123.669
1.291, 1, 360, 100.737, 71.1521
1.324, 1, 360, 104.293, 6143.05
1.368, 1, 360, 107.508, 80.3065
1.396, 1, 360, 110.448, 86.2264
1.446, 1, 360, 114.278, -161.895
1.484, 1, 360, 116.056, 316.616
1.504, 1, 360, 117.629, 29.9821
1.518, 1, 360, 118.723, 121.257
1.532, 1, 360, 119.886, 30.6815
1.547, 1, 360, 120.98, 59.8068
1.561, 1, 360, 122.074, 94.678
1.576, 1, 360, 123.237, 98.1896
1.589, 1, 360, 124.331, 121.365
1.603, 1, 360, 125.357, 182.047
1.616, 1, 360, 126.52, 147.709
1.632, 1, 360, 127.682, 0
1.647, 1, 360, 128.845, 414.479
1.662, 1, 360, 130.008, 186.685
1.675, 1, 360, 131.102, 93.6409
1.69, 1, 360, 132.196, 40.2525
1.703, 1, 360, 133.769, 82.8958
1.723, 1, 360, 135.137, 61.5563
1.739, 1, 360, 136.505, 76.8244
1.777, 1, 360, 140.813, 42709.4
1.826, 1, 360, 143.138, 102.918
1.839, 1, 360, 144.233, 79.7337
1.853, 1, 360, 145.327, 47.4265
1.869, 1, 360, 146.695, 0
1.884, 1, 360, 147.72, 0
1.896, 1, 360, 148.746, 93.7693
1.911, 1, 360, 149.909, 62.656
1.925, 1, 360, 151.071, 50.7714
1.939, 1, 360, 152.508, 53.7861
1.962, 1, 360, 153.875, -141932
1.98, 1, 360, 155.38, 123.335
1.994, 1, 360, 156.406, 61.2805
2.006, 1, 360, 157.363, 75.1115
2.02, 1, 360, 158.526, 118.628
2.033, 1, 360, 159.552, 93.5555
2.047, 1, 360, 160.714, 89.5535
2.062, 1, 360, 161.877, 53.2211
2.076, 1, 360, 162.971, 124.118
2.089, 1, 360, 164.065, 144.892
2.105, 1, 360, 165.296, 0
2.119, 1, 360, 166.459, 84.223
2.134, 1, 360, 167.69, 29.3138
2.149, 1, 360, 168.853, 61.5286
2.164, 1, 360, 169.947, 118.014
2.177, 1, 360, 171.041, 123.335
2.191, 1, 360, 172.272, 41.1734
2.208, 1, 360, 173.708, 86.0059
2.229, 1, 360, 175.486, 83.4522
2.257, 1, 360, 177.47, 0
2.27, 1, 360, 178.427, 72.3694
2.285, 1, 360, 179.521, 0
2.297, 1, 360, 180.547, 0
2.31, 1, 360, 181.436, 61.5563
2.322, 1, 360, 182.394, 105.62
2.335, 1, 360, 183.351, 178.562
2.347, 1, 360, 184.309, 185.84
2.36, 1, 360, 185.266, -154.726
2.372, 1, 360, 186.429, 52.6475
2.386, 1, 360, 187.523, 40.732
2.401, 1, 360, 188.685, 59.7806
2.416, 1, 360, 191.968, 66.5425
2.459, 1, 360, 194.977, -210.644
2.498, 1, 360, 196.687, 77.9985
2.518, 1, 360, 198.397, 39.7149
2.538, 1, 360, 200.038, 92.6472
2.562, 1, 360, 201.611, 83.1984
2.579, 1, 360, 203.047, 61.308
2.594, 1, 360, 204.21, 62.5987
2.608, 1, 360, 205.372, 62.6847
2.623, 1, 360, 206.603, 0
2.639, 1, 360, 207.766, 118.628
2.653, 1, 360, 208.86, 52.607
2.668, 1, 360, 210.502, 74.8403
2.691, 1, 360, 212.348, 74.1546
2.714, 1, 360, 213.647, 37.1075
2.727, 1, 360, 214.742, 123.557
2.74, 1, 360, 215.836, 195.397
2.755, 1, 360, 216.998, 0
2.77, 1, 360, 218.503, 91.7974
2.789, 1, 360, 219.939, 157.578
2.806, 1, 360, 220.965, 94.5471
2.827, 1, 360, 223.085, 88.6443
2.847, 1, 360, 224.384, 331.986
2.862, 1, 360, 225.479, 77.7148
2.878, 1, 360, 227.257, 58.7283
2.897, 1, 360, 228.761, 158.308
2.915, 1, 360, 230.198, 0
2.934, 1, 360, 231.702, 94.0487
2.961, 1, 360, 233.891, 86.0456
2.995, 1, 360, 236.558, 83.0636
3.017, 1, 360, 238.883, 814.155
3.046, 1, 360, 240.593, 89.6945
3.096, 1, 360, 246.337, -296.057
3.134, 1, 360, 247.432, 79.443
3.153, 1, 360, 249.483, 51.7054
3.176, 1, 360, 251.261, 69.9561
3.199, 1, 360, 253.108, -39.2552
3.232, 1, 360, 255.365, 0
3.246, 1, 360, 256.527, 111.247
3.263, 1, 360, 258.305, 115.816
3.281, 1, 360, 259.742, 86.4226
3.305, 1, 360, 261.862, 108.082
3.328, 1, 360, 263.298, 70.0421
3.349, 1, 360, 265.076, 101.769
3.367, 1, 360, 266.239, 89.4754
3.382, 1, 360, 267.812, -66.9606
3.404, 1, 360, 269.521, 86.7148
3.426, 1, 360, 271.368, 50.1662
3.449, 1, 360, 273.761, 707.186
3.489, 1, 360, 276.36, -45.671
3.521, 1, 360, 278.617, 119.249
3.535, 1, 360, 279.643, 32.9586
3.548, 1, 360, 280.737, 85.6112
3.565, 1, 360, 282.378, -260421
3.587, 1, 360, 283.815, 178.251
3.6, 1, 360, 285.251, 0
3.619, 1, 360, 286.755, 81.464
3.639, 1, 360, 288.191, 85.3796
3.655, 1, 360, 289.217, 95.6156
3.671, 1, 360, 290.585, 185.504
3.685, 1, 360, 291.679, 85.8979
3.703, 1, 360, 293.936, 80.1184
3.735, 1, 360, 295.646, 85.7221
3.753, 1, 360, 296.193, 107.724
3.778, 1, 360, 299.476, 78.7288
3.798, 1, 360, 300.98, 102.934
3.82, 1, 360, 302.622, 73.9661
3.84, 1, 360, 304.126, 119.771
3.853, 1, 360, 305.22, 62.5128
3.869, 1, 360, 306.451, 0
3.888, 1, 360, 307.888, 0
3.902, 1, 360, 309.119, 60.2812
3.917, 1, 360, 310.281, 59.007
3.932, 1, 360, 311.375, 60307.8
3.944, 1, 360, 312.401, 204.758
3.959, 1, 360, 313.495, 60.9528
3.972, 1, 360, 314.59, 59.4687
3.986, 1, 360, 315.752, 30.7643
4.001, 1, 360, 316.778, 42.8772
4.014, 1, 360, 318.214, 79.4808
4.038, 1, 360, 320.061, 82.0209
4.059, 1, 360, 321.497, 87.3423
4.077, 1, 360, 323.343, 9.66238e+08
4.103, 1, 360, 325.122, 81.9423
4.122, 1, 360, 326.9, 113.887
4.144, 1, 360, 328.609, 90.5815
4.168, 1, 360, 330.866, 120.192
4.189, 1, 360, 332.234, 92.6681
4.208, 1, 360, 333.807, 65.9914
4.229, 1, 360, 335.175, 40.2525
4.245, 1, 360, 336.748, 98.4015
4.269, 1, 360, 338.321, 81.9521
4.285, 1, 360, 340.372, 86.3317
4.312, 1, 360, 342.287, 75.5346
4.336, 1, 360, 343.655, 319703
4.35, 1, 360, 344.886, 47.858
4.366, 1, 360, 346.117, 178.873
4.38, 1, 360, 347.211, 42.7165
4.393, 1, 360, 348.305, 59.8853
4.407, 1, 360, 349.4, 61.7787
4.42, 1, 360, 350.562, 171.401
4.437, 1, 360, 351.725, 0
4.451, 1, 360, 352.888, 220.966
4.466, 1, 360, 354.05, 374.735
4.48, 1, 360, 355.144, 0
4.492, 1, 360, 355.76, 2573.78
4.504, 1, 360, 357.333, 72.0795
4.526, 0.96003, 360, 359.179, 38.3992
4.554, 0.216261, 360, 359.658, 0
4.577, 0.428267, 360, 359.59, 0
4.599, 0.688146, 360, 359.521, -35.7123
4.618, 0.838602, 360, 359.248, 0
4.634, 1, 360, 358.701, 0
4.652, 0.549696, 360, 358.359, 0
4.678, 0.720669, 360, 358.495, 36.5521
4.698, 0.65228, 360, 358.701, 0
4.715, 0.549696, 360, 358.906, 0
4.736, 0.447112, 360, 358.974, 0
4.759, 0.282979, 360, 359.043, 0
4.803, 0.291489, 360, 359.043, 0
4.819, 0.578723, 360, 359.043, -14.3554
4.841, 0.447112, 360, 358.495, -23.3889
4.862, 0.65228, 360, 358.427, 0
4.879, 0.686474, 360, 358.564, 0
4.9, 0.549696, 360, 358.632, 0
4.919, 0.481307, 360, 358.906, 0
4.931, 0.447112, 360, 358.906, 30.8476
4.946, 0.412918, 360, 358.974, 0
4.958, 0.412918, 360, 358.974, 0
4.972, 0.412918, 360, 359.043, 0
4.991, 0.00425532, 360, 359.043, 0
5.011, 0.770213, 360, 359.043, 0
5.026, 0.412918, 360, 358.906, -41.3227
5.039, 0.515502, 360, 358.769, 0
5.053, 0.515502, 360, 358.769, 0
5.067, 0.515502, 360, 358.837, 0
5.081, 0.447112, 360, 358.906, 0
5.095, 0.412918, 360, 358.974, 0
5.11, 0.412918, 360, 358.974, 0
5.123, 0.412918, 360, 358.974, 0
5.141, 0.1, 360, 359.043, 0
5.156, 0.674468, 360, 359.043, 0
5.17, 0.412918, 360, 358.974, -61.0072
5.183, 0.515502, 360, 358.701, 0
5.198, 0.549696, 360, 358.701, 0
5.212, 0.515502, 360, 358.769, 0
5.226, 0.515502, 360, 358.837, 0
5.239, 0.447112, 360, 358.906, 0
5.254, 0.412918, 360, 358.974, 0
5.268, 0.412918, 360, 358.974, 0
5.283, 0.412918, 360, 358.974, 0
5.297, 0.1, 360, 359.043, 0
5.311, 0.578723, 360, 359.043, 0
5.324, 0.412918, 360, 358.974, -61.0617
5.338, 0.515502, 360, 358.701, 0
5.353, 0.549696, 360, 358.701, 0
5.366, 0.515502, 360, 358.769, 0
5.38, 0.515502, 360, 358.837, 29.8121
5.394, 0.447112, 360, 358.906, 31.2707
5.41, 0.447112, 360, 358.974, 0
5.43, 0.412918, 360, 358.974, 31.6763
5.444, 0.00425532, 360, 359.043, 0
5.458, 0.578723, 360, 359.043, 0
5.471, 0.865957, 360, 359.043, -30.1539
5.486, 0.412918, 360, 358.837, 0
5.507, 0.481307, 360, 358.837, -0.598353
5.524, 0.447112, 360, 358.906, 0
5.54, 0.447112, 360, 358.906, 13.5558
5.558, 0.412918, 360, 358.974, 0
5.582, 0.412918, 360, 359.043, 0
5.6, 0.282979, 360, 359.043, 0
5.623, 0.482979, 360, 359.043, 0
5.64, 0.770213, 360, 358.974, 0
5.657, 0.412918, 360, 358.906, 0
5.68, 0.447112, 360, 358.974, 0
5.698, 0.412918, 360, 358.974, 0
5.719, 0.412918, 360, 358.974, 61.9466
5.737, 0.00425532, 360, 359.043, 0
5.751, 0.482979, 360, 359.043, 0
5.765, 1, 360, 358.974, 0
5.779, 0.481307, 360, 358.769, 0
5.793, 0.515502, 360, 358.769, 0
5.806, 0.515502, 360, 358.769, 0
5.818, 0.481307, 360, 358.906, 0
5.832, 0.481307, 360, 358.906, 58.5022
5.85, 0.447112, 360, 358.974, 0
5.868, 0.412918, 360, 359.043, 0
5.888, 0.00425532, 360, 359.043, 0
5.911, 0.674468, 360, 359.043, 0
5.929, 0.412918, 360, 358.837, 0
5.956, 0.481307, 360, 358.837, 0
5.974, 0.447112, 360, 358.906, 0
6.001, 0.412918, 360, 358.974, 0
6.025, 0.412918, 360, 0, 15.0604
6.047, 0.187234, 360, 359.043, 0
6.066, 0.291489, 360, 359.043, 0
6.087, 0.674468, 360, 17.0973, 302546
6.1, 0.412918, 360, 153.807, 92003.2
6.115, 0.412918, 360, 358.974, 0
6.13, 0.412918, 360, 0, 162948
6.144, 0.412918, 360, 358.974, 0
6.16, 0.412918, 360, 359.043, 0
6.177, 0.282979, 360, 359.043, 0
6.198, 0.578723, 360, 359.043, 0
6.217, 0.770213, 360, 358.906, -16.416
6.238, 0.481307, 360, 358.837, 0
6.261, 0.447112, 360, 358.906, 5.79765
6.297, 0.447112, 360, 359.043, 0
6.343, 0.00425532, 360, 359.043, 0
6.375, 0.770213, 360, 358.974, 0
6.398, 0.412918, 360, 358.974, 0
6.422, 0.412918, 360, 358.974, 0
6.438, 0.412918, 360, 358.974, 0
6.454, 0.412918, 360, 359.043, 0
6.47, 0.412918, 360, 359.043, 0
6.485, 0.00425532, 360, 359.043, 0
6.498, 0.674468, 360, 359.043, 0
6.512, 1, 360, 358.974, 0
6.525, 0.515502, 360, 358.701, 0
6.539, 0.549696, 360, 358.701, 0
6.553, 0.549696, 360, 358.701, 0
6.569, 0.549696, 360, 358.769, 0
6.582, 0.515502, 360, 358.837, 0
6.595, 0.447112, 360, 358.906, 0
6.61, 0.412918, 360, 358.974, 0
6.625, 0.412918, 360, 358.974, 0
6.638, 0.412918, 360, 359.043, 0
6.652, 0.195745, 360, 359.043, 0
6.665, 0.770213, 360, 359.043, 0
6.68, 0.412918, 360, 358.837, 0
6.694, 0.549696, 360, 358.701, 0
6.711, 0.549696, 360, 358.701, 0
6.728, 0.515502, 360, 358.769, 26.5382
6.752, 0.481307, 360, 358.906, 0
6.766, 0.481307, 360, 358.974, 0
6.788, 0.412918, 360, 359.043, 0
6.806, 0.187234, 360, 359.043, 1.14491
6.819, 0.482979, 360, 359.043, 0
6.84, 0.961702, 360, 358.974, -62.2851
6.858, 0.447112, 360, 358.837, 0
6.879, 0.447112, 360, 358.906, 0
6.901, 0.447112, 360, 358.906, 0
6.92, 0.447112, 360, 358.974, 0
6.947, 0.412918, 360, 359.043, 0
6.965, 0.00425532, 360, 359.043, 0
6.988, 0.674468, 360, 359.043, 0
7.011, 0.412918, 360, 358.974, 0
7.029, 0.412918, 360, 358.974, 0
7.046, 0.282979, 360, 359.043, 0
7.07, 0.1, 360, 359.043, 0
7.089, 0.770213, 360, 359.043, 0
7.104, 0.865957, 360, 358.974, 0
7.121, 0.412918, 360, 358.906, 0
7.136, 0.481307, 360, 358.837, 0
7.158, 0.481307, 360, 358.906, 0
7.177, 0.447112, 360, 358.974, 0
7.197, 0.412918, 360, 358.974, 0
7.219, 0.412918, 360, 358.974, 30.5581
7.233, 0.187234, 360, 359.043, 0
7.255, 0.195745, 360, 359.043, 0
7.269, 0.961702, 360, 359.043, -47.5916
7.284, 0.481307, 360, 358.701, 0
7.299, 0.549696, 360, 358.632, 0
7.313, 0.583891, 360, 358.701, 0
7.328, 0.549696, 360, 358.701, 0
7.343, 0.515502, 360, 358.769, 0
7.355, 0.481307, 360, 358.906, 0
7.371, 0.447112, 360, 358.974, 0
7.385, 0.412918, 360, 358.974, 0
7.399, 0.412918, 360, 358.974, 61.1709
7.413, 0.00425532, 360, 359.043, 0
7.427, 0.578723, 360, 359.043, 0.324788
7.442, 0.412918, 360, 358.837, 0
7.46, 0.481307, 360, 358.769, 0
7.482, 0.481307, 360, 358.837, 61.7787
7.495, 0.447112, 360, 358.906, 0
7.51, 0.412918, 360, 358.974, 0
7.523, 0.412918, 360, 358.974, 0
7.538, 0.412918, 360, 358.974, 0
7.552, 0.282979, 360, 359.043, 0
7.566, 0.387234, 360, 359.043, 0
7.58, 0.961702, 360, 359.043, -99.1146
7.594, 0.481307, 360, 358.769, 0
7.608, 0.549696, 360, 358.701, 0
7.623, 0.549696, 360, 358.701, 0
7.636, 0.549696, 360, 358.701, 0
7.651, 0.515502, 360, 358.769, 0
7.666, 0.481307, 360, 358.837, 0
7.68, 0.447112, 360, 358.906, 0
7.693, 0.412918, 360, 358.906, 60.7363
7.705, 0.412918, 360, 358.974, -5.12918e+07
7.719, 0.412918, 360, 358.974, 140.718
7.731, 0.0914894, 360, 359.043, 0
7.744, 0.578723, 360, 359.043, 0
7.756, 1, 360, 359.043, 0
7.772, 0.447112, 360, 358.769, 0
7.791, 0.481307, 360, 358.837, 0
7.808, 0.447112, 360, 358.906, 0
7.822, 0.447112, 360, 358.974, 0
7.837, 0.412918, 360, 358.974, 0
7.853, 0.412918, 360, 358.974, 0
7.866, 0.187234, 360, 359.043, 0
7.881, 0.387234, 360, 359.043, 0
7.894, 0.961702, 360, 359.043, -31.4867
7.909, 0.481307, 360, 358.769, 0
7.923, 0.549696, 360, 358.701, 0
7.942, 0.549696, 360, 358.701, 19.4896
7.969, 0.549696, 360, 358.769, 0
7.985, 0.447112, 360, 358.906, 0
8.004, 0.412918, 360, 358.974, 0
8.023, 0.412918, 360, 359.043, 0
8.048, 0.0914894, 360, 359.043, 0
8.061, 0.674468, 360, 359.043, 0
8.074, 1, 360, 358.906, -60.1751
8.088, 0.583891, 360, 358.564, 0
8.102, 0.65228, 360, 358.495, 0
8.117, 0.65228, 360, 358.564, 0
8.132, 0.583891, 360, 358.701, 0
8.146, 0.515502, 360, 358.769, 0
8.161, 0.481307, 360, 358.906, 0
8.174, 0.447112, 360, 358.906, 52.2054
8.188, 0.412918, 360, 358.974, 0
8.203, 0.412918, 360, 358.974, 0
8.218, 0.282979, 360, 359.043, 0
8.233, 0.195745, 360, 359.043, 0
8.257, 0.770213, 360, 359.043, 0
8.275, 0.412918, 360, 358.974, 0
8.291, 0.412918, 360, 358.974, 0
8.311, 0.412918, 360, 359.043, 0
8.332, 0.187234, 360, 359.043, 254744
8.346, 0.0521277, 360, 359.248, 0
8.359, 0.462462, 360, 359.316, 0
8.374, 0.906991, 360, 359.248, 0
8.387, 1, 360, 358.974, -45.1016
8.406, 0.686474, 360, 358.359, 0
8.429, 0.720669, 360, 358.632, 5.65292
8.474, 0.583891, 360, 358.906, 17.6488
8.494, 0.412918, 360, 359.111, 0
8.508, 0.2231, 360, 359.384, 0
8.527, 0.558207, 360, 359.384, 0
8.543, 0.865957, 360, 359.248, -41.6372
8.564, 0.549696, 360, 358.427, -39.7919
8.585, 0.857447, 360, 358.085, 0
8.603, 0.823252, 360, 358.359, 0
8.618, 0.686474, 360, 358.701, 0
8.639, 0.447112, 360, 358.974, 16.4199
8.661, 0.187234, 360, 359.043, 0
8.68, 0.195745, 360, 359.043, 0
8.695, 0.961702, 360, 359.043, 0
8.708, 0.447112, 360, 358.769, 0
8.723, 0.549696, 360, 358.701, 0
8.741, 0.549696, 360, 358.769, 0
8.754, 0.515502, 360, 358.837, 0
8.769, 0.447112, 360, 358.906, 0
8.791, 0.447112, 360, 358.974, 0
8.813, 0.412918, 360, 359.043, 0
8.827, 0.291489, 360, 359.043, 0
8.841, 0.770213, 360, 359.043, 0
8.855, 0.412918, 360, 358.837, -30.7091
8.87, 0.549696, 360, 358.701, 0
8.885, 0.549696, 360, 358.701, 0
8.905, 0.549696, 360, 358.769, 0
8.925, 0.515502, 360, 358.974, 0
8.95, 0.412918, 360, 358.974, 0
8.964, 0.412918, 360, 359.043, 0
8.978, 0.195745, 360, 359.043, 0
8.993, 0.961702, 360, 359.043, 0
9.008, 0.447112, 360, 358.769, 0
9.022, 0.549696, 360, 358.701, 0
9.038, 0.549696, 360, 358.701, 0
9.053, 0.549696, 360, 358.769, 0
9.066, 0.515502, 360, 358.769, 58.3027
9.08, 0.447112, 360, 358.906, 0
9.093, 0.447112, 360, 358.974, 0
9.112, 0.412918, 360, 358.974, 0
9.133, 0.412918, 360, 359.043, 0
9.15, 0.282979, 360, 359.043, 0
9.168, 0.578723, 360, 359.043, 0
9.184, 1, 360, 358.974, -29.7992
9.198, 0.549696, 360, 358.632, 0
9.212, 0.583891, 360, 358.632, 0
9.225, 0.583891, 360, 358.632, 0
9.238, 0.549696, 360, 358.701, 0
9.25, 0.515502, 360, 358.769, 0
9.264, 0.481307, 360, 358.906, 0
9.277, 0.447112, 360, 358.906, 0
9.291, 0.412918, 360, 358.974, 0
9.306, 0.412918, 360, 358.974, 0
9.319, 0.412918, 360, 359.043, 0
9.333, 0.195745, 360, 359.043, 0.314388
9.346, 0.674468, 360, 359.043, 0
9.362, 0.412918, 360, 358.837, 0
9.377, 0.515502, 360, 358.769, 0
9.391, 0.515502, 360, 358.769, 0
9.408, 0.481307, 360, 358.906, 0
9.421, 0.447112, 360, 358.906, 0
9.435, 0.412918, 360, 358.974, 0
9.449, 0.412918, 360, 358.974, 0
9.462, 0.412918, 360, 359.043, 0
9.476, 0.0641337, 360, 359.179, 0
9.489, 0.400912, 360, 359.248, 0
9.504, 0.85228, 360, 359.248, 0
9.518, 1, 360, 358.974, -283.772
9.534, 0.549696, 360, 358.701, 0
9.547, 0.583891, 360, 358.632, 0
9.562, 0.583891, 360, 358.701, -0.346646
9.576, 0.549696, 360, 358.769, 0
9.594, 0.515502, 360, 358.837, 30.8059
9.613, 0.447112, 360, 358.906, 13.7659
9.633, 0.412918, 360, 359.043, 0
9.646, 0.147872, 360, 359.248, 0
9.66, 0.633435, 360, 359.248, 0
9.673, 1, 360, 359.179, 0
9.687, 0.549696, 360, 358.632, 0
9.702, 0.686474, 360, 358.427, 0
9.717, 0.686474, 360, 358.427, 31.0014
9.731, 0.618085, 360, 358.632, 0
9.746, 0.549696, 360, 358.701, 0
9.759, 0.515502, 360, 358.769, 0
9.773, 0.481307, 360, 358.906, 0
9.791, 0.412918, 360, 359.043, 0
9.804, 0.236778, 360, 359.248, 0
9.818, 0.72234, 360, 359.248, 0
9.832, 1, 360, 359.111, 0
9.845, 1, 360, 358.017, -5.86628
9.886, 0.618085, 360, 358.359, -81739.4
9.935, 0.686474, 360, 358.701, 14.9681
9.975, 0.481307, 360, 359.043, 0
10.004, 0.412918, 360, 359.043, 0
10.041, 0.387234, 360, 359.043, 0
10.079, 0.387234, 360, 358.837, -5.77952
10.124, 0.412918, 360, 358.837, 16.9029
10.158, 0.481307, 360, 358.974, 0
10.203, 0.447112, 360, 359.043, 0
10.229, 0.447112, 360, 359.111, 14.1329
10.25, 0.120517, 360, 359.179, 0
10.27, 0.448784, 360, 359.179, 0
10.291, 0.859119, 360, 358.974, -54.931
10.312, 0.412918, 360, 358.564, 0
10.334, 0.618085, 360, 358.632, 0
10.353, 0.583891, 360, 358.701, 1.34596
10.37, 0.515502, 360, 358.906, 0
10.391, 0.447112, 360, 358.974, 0
10.404, 0.412918, 360, 358.974, 0
10.417, 0.412918, 360, 359.043, 0
10.434, 0.0914894, 360, 359.043, 0
10.453, 0.387234, 360, 359.043, 0
10.475, 0.674468, 360, 358.974, 0
10.498, 0.412918, 360, 358.974, 0
10.52, 0.412918, 360, 359.043, 0
10.538, 0.282979, 360, 359.043, 0
10.554, 0.1, 360, 359.043, 0
10.577, 0.481307, 360, 358.837, 0
10.59, 0.481307, 360, 358.837, 0
10.605, 0.481307, 360, 358.906, 0
10.624, 0.447112, 360, 358.906, 0
10.636, 0.447112, 360, 358.974, 0
10.648, 0.412918, 360, 358.974, 0
10.663, 0.412918, 360, 358.974, 0
10.676, 0.412918, 360, 359.043, 0
10.698, 0.00425532, 360, 359.043, 0
10.715, 0.291489, 360, 359.043, -16.4515
10.737, 0.447112, 360, 358.837, -299487
10.756, 0.515502, 360, 358.769, 0
10.771, 0.481307, 360, 358.906, 0
10.786, 0.447112, 360, 358.906, 0
10.801, 0.412918, 360, 358.974, 0
10.815, 0.412918, 360, 358.974, 0
10.828, 0.282979, 360, 358.974, 11398.2
10.84, 0.0914894, 360, 359.043, 0
10.855, 0.674468, 360, 359.043, 0
10.87, 0.412918, 360, 358.974, 0
10.883, 0.515502, 360, 358.769, 0
10.897, 0.549696, 360, 358.701, 0
10.912, 0.515502, 360, 358.769, 0
10.925, 0.481307, 360, 358.906, 0
10.941, 0.447112, 360, 358.906, 0
10.954, 0.412918, 360, 358.974, 0
10.969, 0.412918, 360, 358.974, 0
10.983, 0.412918, 360, 359.043, 0
11.013, 0.412918, 360, 359.043, 0
11.041, 0.578723, 360, 359.043, 0
11.06, 1, 360, 358.564, -11.6934
11.094, 0.583891, 360, 358.427, 0
11.119, 0.65228, 360, 358.564, 20.4758
11.136, 0.549696, 360, 358.701, 9.87899e+08
11.159, 1, 360, 359.453, 44.9042
11.183, 0.277812, 360, 359.932, 0
11.204, 0.448784, 360, 359.932, 0
11.228, 0.47614, 360, 359.932, 0
11.252, 0.517173, 360, 359.863, 0
11.274, 0.565046, 360, 359.795, 0
11.293, 0.565046, 360, 359.726, -14.4098
11.315, 0.736018, 360, 359.521, 0
11.333, 0.872796, 360, 359.179, -28.844
11.357, 0.412918, 360, 358.495, -20.5373
11.378, 0.65228, 360, 358.427, 0
11.407, 0.583891, 360, 358.632, 20.7554
11.424, 0.583891, 360, 358.769, 27.4214
11.445, 0.515502, 360, 358.906, 15.6318
11.464, 0.412918, 360, 358.974, 0
11.478, 0.187234, 360, 359.043, 0
11.492, 0.387234, 360, 359.043, 0
11.507, 0.961702, 360, 359.043, 0
11.52, 1, 360, 358.564, -13.4863
11.543, 0.754863, 360, 358.222, 0
11.556, 0.789058, 360, 358.359, 0
11.576, 0.65228, 360, 358.564, 0
11.591, 0.549696, 360, 358.701, 30.5445
11.606, 0.515502, 360, 358.837, 0
11.619, 0.447112, 360, 358.906, 231.827
11.635, 0.412918, 360, 358.974, 0
11.648, 0.412918, 360, 358.974, 0
11.66, 0.282979, 360, 359.043, 0
11.675, 0.291489, 360, 359.043, 0
11.69, 0.865957, 360, 359.043, 0
11.703, 0.447112, 360, 358.837, 0
11.718, 0.515502, 360, 358.769, 0
11.734, 0.515502, 360, 358.769, 0
11.747, 0.481307, 360, 358.837, 0
11.762, 0.447112, 360, 358.906, 0
11.776, 0.447112, 360, 358.974, 0
11.791, 0.412918, 360, 358.974, 0
11.805, 0.412918, 360, 358.974, 0
11.82, 0.412918, 360, 359.043, 0
11.834, 0.1, 360, 359.043, 0.343124
11.847, 0.674468, 360, 359.043, 0
11.862, 0.412918, 360, 358.974, -47.7911
11.876, 0.515502, 360, 358.769, 0
11.89, 0.515502, 360, 358.769, 0
11.904, 0.481307, 360, 358.837, 30.9313
11.919, 0.447112, 360, 358.906, 0
11.932, 0.412918, 360, 358.974, 0
11.945, 0.412918, 360, 358.974, 0
11.973, 0.412918, 360, 359.043, 0
11.994, 0.00425532, 360, 359.043, 0
12.012, 0.865957, 360, 359.043, 0
12.026, 0.447112, 360, 358.769, 0
12.04, 0.549696, 360, 358.701, 0
12.055, 0.549696, 360, 358.769, 0
12.068, 0.515502, 360, 358.837, 0
12.083, 0.447112, 360, 358.906, 0
12.097, 0.447112, 360, 358.974, 0
12.112, 0.412918, 360, 358.974, 0
12.124, 0.412918, 360, 358.974, 61.5563
12.138, 0.00425532, 360, 359.043, 0
12.152, 0.578723, 360, 359.043, 0
12.168, 0.412918, 360, 358.974, -35.7871
12.182, 0.515502, 360, 358.769, 0
12.196, 0.515502, 360, 358.769, 0
12.208, 0.515502, 360, 358.906, 0
12.231, 0.447112, 360, 358.974, 0
12.252, 0.412918, 360, 358.974, 0
12.269, 0.412918, 360, 359.043, 0
12.291, 0.1, 360, 359.043, 0
12.31, 0.482979, 360, 359.043, 0
12.331, 0.412918, 360, 358.906, 0
12.35, 0.515502, 360, 3.58805e+06, 13.6532
12.377, 0.255623, 360, 359.248, 1.04119
12.4, 0.270973, 360, 359.316, 0
12.417, 0.441945, 360, 359.248, 0
12.451, 0.838602, 360, 358.974, -56.6135
12.478, 0.447112, 360, 358.495, 0
12.494, 0.65228, 360, 358.427, 0
12.515, 0.65228, 360, 358.632, 0
12.545, 0.515502, 360, 358.837, 0
12.564, 0.447112, 360, 358.974, 0
12.583, 0.447112, 360, 358.974, 0
12.606, 0.282979, 360, 359.043, 0
12.626, 0.1, 360, 359.043, 0
12.643, 0.387234, 360, 359.043, 0
12.657, 1, 360, 359.043, -56.4732
12.669, 0.481307, 360, 358.701, -59.7806
12.682, 0.583891, 360, 358.564, 0
12.694, 0.618085, 360, 358.632, 0
12.706, 0.583891, 360, 358.701, 0
12.719, 0.549696, 360, 358.701, 60.0958
12.732, 0.515502, 360, 358.769, 0
12.744, 0.481307, 360, 358.906, 0
12.756, 0.447112, 360, 358.906, 0
12.769, 0.412918, 360, 358.974, 0
12.784, 0.412918, 360, 358.974, 0
12.799, 0.412918, 360, 359.043, 0
12.813, 0.195745, 360, 359.043, 0
12.828, 0.770213, 360, 359.043, 0
12.84, 0.412918, 360, 358.906, 0
12.855, 0.549696, 360, 358.701, 0
12.869, 0.549696, 360, 358.701, 0
12.896, 0.549696, 360, 358.769, 0
12.918, 0.515502, 360, 358.837, 0
12.933, 0.447112, 360, 358.906, 15.7833
12.953, 0.412918, 360, 358.974, 0
12.974, 0.412918, 360, 359.043, 0
12.991, 0.00425532, 360, 359.043, 0
13.012, 0.482979, 360, 359.043, 0
13.03, 0.674468, 360, 358.974, 0
13.047, 0.412918, 360, 358.974, 0
13.07, 0.412918, 360, 358.974, 15.7833
13.092, 0.282979, 360, 359.043, 0
13.106, 0.291489, 360, 359.043, 0
13.121, 0.674468, 360, 359.043, -59.7284
13.139, 0.412918, 360, 358.974, 0
13.152, 0.412918, 360, 358.974, 0
13.167, 0.412918, 360, 358.974, 0
13.179, 0.412918, 360, 358.974, 0
13.193, 0.0914894, 360, 359.043, 0
13.208, 0.482979, 360, 359.043, 0
13.222, 1, 360, 358.974, 0
13.236, 0.481307, 360, 358.769, 0
13.251, 0.515502, 360, 358.769, 0
13.265, 0.481307, 360, 358.837, 0
13.279, 0.447112, 360, 358.906, 0
13.292, 0.447112, 360, 358.974, 0
13.307, 0.412918, 360, 358.974, 0
13.32, 0.412918, 360, 358.974, 0
13.334, 0.412918, 360, 359.043, 0
13.347, 0.195745, 360, 359.043, 0
13.361, 0.770213, 360, 359.043, 0
13.375, 0.412918, 360, 358.974, 0
13.39, 0.412918, 360, 358.974, 0
13.404, 0.412918, 360, 358.974, 0
13.417, 0.412918, 360, 358.974, 0
13.431, 0.412918, 360, 358.974, 0
13.445, 0.282979, 360, 359.043, 0
13.479, 0.1, 360, 359.043, 0
13.502, 0.674468, 360, 358.974, 0
13.52, 0.412918, 360, 358.974, 0
13.543, 0.412918, 360, 358.974, 0
13.568, 0.282979, 360, 359.043, 0
13.582, 0.387234, 360, 359.043, 0
13.596, 0.961702, 360, 359.043, 0
13.61, 0.412918, 360, 358.769, 0
13.625, 0.515502, 360, 358.769, 0
13.639, 0.515502, 360, 358.769, 30.7643
13.654, 0.481307, 360, 358.906, 0
13.669, 0.447112, 360, 358.906, 0
13.683, 0.447112, 360, 358.974, 0
13.706, 0.412918, 360, 359.043, 0
13.728, 0.195745, 360, 359.043, 0
13.748, 0.578723, 360, 359.043, 0
13.765, 0.865957, 360, 358.837, 0
13.786, 0.515502, 360, 358.769, 0
13.8, 0.481307, 360, 358.906, 0
13.813, 0.447112, 360, 358.906, 0
13.828, 0.412918, 360, 358.974, -0.293802
13.841, 0.412918, 360, 358.974, 0
13.855, 0.412918, 360, 358.974, 0
13.868, 0.412918, 360, 359.043, 0
13.883, 0.291489, 360, 359.043, 0
13.901, 0.770213, 360, 358.974, inf
13.92, 0.481307, 360, 358.769, 0
13.933, 0.549696, 360, 358.701, 0
13.948, 0.549696, 360, 358.701, 0
13.961, 0.515502, 360, 358.769, 0
13.975, 0.515502, 360, 358.837, 0
13.988, 0.447112, 360, 358.906, 0
