0, 0, 0, 0, 0
0.014, 0, 0, 0, 0
0.027, 0, 0, 0, 0
0.039, 0, 0, 0, 0
0.051, 0, 0, 0, 0
0.064, 0, 0, 0, 0
0.076, 0, 0, 0, 0
0.089, 0, 0, 0, 0
0.101, 0, 0, 0, 0
0.114, 0, 0, 0, 0
0.126, 0, 0, 0, 0
0.139, 0, 0, 0, 0
0.152, 0, 0, 0, 0
0.164, 0, 0, 0, 0
0.177, 0, 0, 0, 0
0.19, 0, 0, 0, 0
0.203, 0, 0, 0, 0
0.216, 0, 0, 0, 0
0.229, 0, 0, 0, 0
0.241, 0, 0, 0, 0
0.254, 0, 0, 0, 0
0.267, 0, 0, 0, 0
0.279, 0, 0, 0, 0
0.292, 0, 0, 0, 0
0.305, 0, 0, 0, 0
0.317, 0, 0, 0, 0
0.33, 0, 0, 0, 0
0.343, 0, 0, 0, 0
0.356, 0, 0, 0, 0
0.369, 0, 0, 0, 0
0.381, 0, 0, 0, 0
0.394, 0, 0, 0, 0
0.407, 0, 0, 0, 0
0.421, 0, 0, 0, 0
0.433, 0, 0, 0, 0
0.446, 0, 0, 0, 0
0.459, 0, 0, 0, 0
0.472, 0, 0, 0, 0
0.484, 0, 0, 0, 0
0.497, 0, 0, 0, 0
0.51, 0, 0, 0, 0
0.522, 0, 0, 0, 0
0.535, 0, 0, 0, 0
0.547, 0, 0, 0, 0
0.559, 0, 0, 0, 0
0.572, 0, 0, 0, 0
0.585, 0, 0, 0, 0
0.598, 0, 0, 0, 0
0.611, 0, 0, 0, 0
0.623, 0, 0, 0, 0
0.636, 0, 0, 0, 0
0.649, 0, 0, 0, 0
0.662, 0, 0, 0, 0
0.675, 0, 0, 0, 0
0.688, 0, 0, 0, 0
0.701, 0, 0, 0, 0
0.714, 0, 0, 0, 0
0.726, 0, 0, 0, 0
0.739, 0, 0, 0, 0
0.751, 0, 0, 0, 0
0.764, 0, 0, 0, 0
0.777, 0, 0, 0, 0
0.79, 0, 0, 0, 0
0.802, 0, 0, 0, 0
0.815, 0, 0, 0, 0
0.828, 0, 0, 0, 0
0.841, 0, 0, 0, 0
0.854, 0, 0, 0, 0
0.867, 0, 0, 0, 0
0.88, 0, 0, 0, 0
0.893, 0, 0, 0, 0
0.906, 0, 0, 0, 0
0.919, 0, 0, 0, 0
0.931, 0, 0, 0, 0
0.944, 0, 0, 0, 0
0.957, 0, 0, 0, 0
0.97, 0, 0, 0, 0
0.983, 0, 0, 0, 0
0.996, 0, 0, 0, 0
1.009, 0, 0, 0, 0
1.021, 0, 0, 0, 0
1.034, 0, 0, 0, 0
1.048, 0, 0, 0, 0
1.06, 0, 0, 0, 0
1.073, 0, 0, 0, 0
1.086, 0, 0, 0, 0
1.099, 0, 0, 0, 0
1.112, 0, 0, 0, 0
1.124, 0, 0, 0, 0
1.137, 0, 0, 0, 0
1.15, 0, 0, 0, 0
1.163, 0, 0, 0, 0
1.176, 0, 0, 0, 0
1.189, 0, 0, 0, 0
1.202, 0, 0, 0, 0
1.215, 0, 0, 0, 0
1.227, 0, 0, 0, 0
1.24, 0, 0, 0, 0
1.253, 0, 0, 0, 0
1.266, 0, 0, 0, 0
1.279, 0, 0, 0, 0
1.292, 0, 0, 0, 0
1.305, 0, 0, 0, 0
1.317, 0, 0, 0, 0
1.33, 0, 0, 0, 0
1.343, 0, 0, 0, 0
1.355, 0, 0, 0, 0
1.368, 0, 0, 0, 0
1.381, 0, 0, 0, 0
1.394, 0, 0, 0, 0
1.406, 0, 0, 0, 0
1.419, 0, 0, 0, 0
1.432, 0, 0, 0, 0
1.445, 0, 0, 0, 0
1.457, 0, 0, 0, 0
1.47, 0, 0, 0, 0
1.483, 0, 0, 0, 0
1.497, 0, 0, 0, 0
1.51, 0, 0, 0, 0
1.522, 0, 0, 0, 0
1.535, 0, 0, 0, 0
1.548, 0, 0, 0, 0
1.561, 0, 0, 0, 0
1.573, 0, 0, 0, 0
1.586, 0, 0, 0, 0
1.598, 0, 0, 0, 0
1.611, 0, 0, 0, 0
1.623, 0, 0, 0, 0
1.636, 0, 0, 0, 0
1.648, 0, 0, 0, 0
1.661, 0, 0, 0, 0
1.674, 0, 0, 0, 0
1.686, 0, 0, 0, 0
1.699, 0, 0, 0, 0
1.712, 0, 0, 0, 0
1.724, 0, 0, 0, 0
1.737, 0, 0, 0, 0
1.75, 0, 0, 0, 0
1.763, 0, 0, 0, 0
1.775, 0, 0, 0, 0
1.788, 0, 0, 0, 0
1.8, 0, 0, 0, 0
1.813, 0, 0, 0, 0
1.826, 0, 0, 0, 0
1.839, 0, 0, 0, 0
1.852, 0, 0, 0, 0
1.864, 0, 0, 0, 0
1.877, 0, 0, 0, 0
1.89, 0, 0, 0, 0
1.903, 0, 0, 0, 0
1.915, 0, 0, 0, 0
1.928, 0, 0, 0, 0
1.94, 0, 0, 0, 0
1.953, 0, 0, 0, 0
1.966, 0, 0, 0, 0
1.978, 0, 0, 0, 0
1.991, 0, 0, 0, 0
2.004, 0, 0, 0, 0
2.017, 0, 0, 0, 0
2.03, 0, 0, 0, 0
2.042, 0, 0, 0, 0
2.055, 0, 0, 0, 0
2.068, 0, 0, 0, 0
2.081, 0, 0, 0, 0
2.094, 0, 0, 0, 0
2.107, 0, 0, 0, 0
2.119, 0, 0, 0, 0
2.132, 0, 0, 0, 0
2.145, 0, 0, 0, 0
2.158, 0, 0, 0, 0
2.171, 0, 0, 0, 0
2.184, 0, 0, 0, 0
2.197, 0, 0, 0, 0
2.21, 0, 0, 0, 0
2.224, 0, 0, 0, 0
2.236, 0, 0, 0, 0
2.249, 0, 0, 0, 0
2.263, 0, 0, 0, 0
2.276, 0, 0, 0, 0
2.288, 0, 0, 0, 0
2.301, 0, 0, 0, 0
2.314, 0, 0, 0, 0
2.327, 0, 0, 0, 0
2.341, 0, 0, 0, 0
2.354, 0, 0, 0, 0
2.366, 0, 0, 0, 0
2.379, 0, 0, 0, 0
2.392, 0, 0, 0, 0
2.405, 0, 0, 0, 0
2.418, 0, 0, 0, 0
2.431, 0, 0, 0, 0
2.444, 0, 0, 0, 0
2.457, 1, 10, 0, 547.112
2.468, 0.986322, 10, 0.410334, 0
2.48, 1, 10, 0.889058, 0
2.491, 0.911094, 10, 0.889058, 0
2.502, 0.904255, 10, 1.231, 62.9154
2.514, 1, 10, 1.64134, 0
2.525, 0.835866, 10, 1.64134, 0
2.536, 0.835866, 10, 1.98328, 0
2.547, 0.81535, 10, 2.39362, 0
2.559, 1, 10, 2.66717, 0
2.57, 0.733283, 10, 2.59878, 0
2.581, 1, 10, 2.59878, 0
2.594, 0.74696, 10, 2.5304, 0
2.606, 1, 10, 2.87234, 0
2.619, 0.712766, 10, 2.80395, 0
2.631, 0.719605, 10, 2.87234, 14.1935
2.642, 1, 10, 3.21429, 0
2.654, 0.678571, 10, 3.07751, 0
2.665, 0.692249, 10, 3.1459, 0
2.676, 0.678571, 10, 3.48784, 0
2.688, 1, 10, 3.82979, 0
2.699, 0.617021, 10, 3.7614, 0
2.71, 0.62386, 10, 3.96657, 0
2.722, 0.610182, 10, 4.24012, 0
2.733, 1, 10, 4.44529, 0
2.744, 1, 10, 4.30851, 0
2.756, 0.569149, 10, 4.65046, 0
2.767, 0.541793, 10, 5.06079, 0
2.78, 1, 10, 5.06079, 0
2.792, 0.493921, 10, 5.12918, 0
2.805, 1, 10, 5.47112, 61.1709
2.817, 1, 10, 5.40274, 0
2.828, 0.459726, 10, 5.53951, 0
2.84, 0.43921, 10, 5.81307, 165.591
2.851, 0.411854, 10, 6.08663, 0
2.862, 0.384498, 10, 6.36018, 0
2.874, 0.357143, 10, 6.63374, 0
2.885, 0.336626, 10, 6.83891, 0
2.895, 1, 10, 6.83891, 0
2.907, 1, 10, 6.63374, 0
2.919, 0.322948, 10, 6.90729, 0
2.932, 1, 10, 7.24924, 0
2.945, 0.275076, 10, 7.11246, 0
2.956, 0.288754, 10, 7.11246, 0
2.967, 0.288754, 10, 7.24924, 0
2.978, 0.281915, 10, 7.31763, 0
2.989, 0.268237, 10, 7.45441, 0
3, 0.24772, 10, 7.59119, 61.501
3.011, 0.220365, 10, 7.86474, 0
3.022, 0.193009, 10, 8.06991, 0
3.032, 1, 10, 8.1383, 0
3.042, 0.193009, 10, 8.06991, -74.9059
3.054, 0.213526, 10, 7.86474, 0
3.064, 0.213526, 10, 7.86474, 62.3988
3.075, 0.206687, 10, 8.00152, 0
3.085, 0.193009, 10, 8.06991, 0
3.097, 0.193009, 10, 8.1383, 0
3.107, 0.18617, 10, 8.1383, 0
3.118, 0.179331, 10, 8.20669, 0
3.13, 0.179331, 10, 8.27508, 0
3.141, 0.172492, 10, 8.27508, 0
3.152, 0.172492, 10, 8.27508, 0
3.162, 0.172492, 10, 8.27508, 0
3.173, 0.172492, 10, 8.27508, 0
3.183, 0.165653, 10, 8.34347, 0
3.194, 0.165653, 10, 8.34347, 0
3.204, 0.165653, 10, 8.34347, 0
3.214, 0.165653, 10, 8.34347, 0
3.225, 0.165653, 10, 8.34347, 0
3.235, 0.165653, 10, 8.41185, 0
3.246, 0.158815, 10, 8.41185, 0
3.256, 0.158815, 10, 8.41185, 0
3.266, 0.158815, 10, 8.41185, 0
3.277, 0.158815, 10, 8.41185, 0
3.288, 0.158815, 10, 8.41185, 0
3.298, 0.158815, 10, 8.41185, 0
3.309, 0.158815, 10, 8.41185, 0
3.319, 0.158815, 10, 8.41185, 0
3.33, 0.158815, 10, 8.41185, 0
3.34, 0.158815, 10, 8.41185, 0
3.351, 0.158815, 10, 8.41185, 0
3.361, 0.158815, 10, 8.41185, 0
3.371, 0.158815, 10, 8.41185, 0
3.381, 0.158815, 10, 8.41185, 0
3.392, 0.158815, 10, 8.41185, 0
3.402, 0.158815, 10, 8.41185, 0
3.412, 0.158815, 10, 8.41185, 0
3.423, 0.158815, 10, 8.41185, 0
3.434, 0.158815, 10, 8.41185, 0
3.444, 0.158815, 10, 8.41185, 0
3.455, 0.158815, 10, 8.41185, 0
3.465, 0.158815, 10, 8.41185, 0
3.475, 0.158815, 10, 8.41185, 0
3.485, 0.158815, 10, 8.41185, 0
3.496, 0.158815, 10, 8.41185, 0
3.506, 0.158815, 10, 8.41185, 0
3.516, 0.158815, 10, 8.41185, 0
3.526, 0.158815, 10, 8.41185, 0
3.537, 0.158815, 10, 8.41185, 0
3.548, 0.158815, 10, 8.41185, 0
3.558, 0.158815, 10, 8.41185, 0
3.569, 0.158815, 10, 8.41185, 0
3.579, 0.158815, 10, 8.41185, 0
3.589, 0.158815, 10, 8.41185, 0
3.601, 0.158815, 10, 8.41185, 0
3.611, 0.158815, 10, 8.41185, 0
3.621, 0.158815, 10, 8.41185, 0
3.632, 0.158815, 10, 8.41185, 0
3.642, 0.158815, 10, 8.41185, 0
3.652, 0.158815, 10, 8.41185, 0
3.663, 0.158815, 10, 8.41185, 0
3.673, 0.158815, 10, 8.41185, 0
3.683, 0.158815, 10, 8.41185, 0
3.693, 0.158815, 10, 8.41185, 0
3.705, 0.158815, 10, 8.41185, 0
3.715, 0.158815, 10, 8.41185, 0
3.725, 0.158815, 10, 8.41185, 0
3.736, 0.158815, 10, 8.41185, 0
3.746, 0.158815, 10, 8.41185, 0
3.756, 0.158815, 10, 8.41185, 0
3.766, 0.158815, 10, 8.41185, 0
3.777, 0.158815, 10, 8.41185, 0
3.787, 0.158815, 10, 8.41185, 0
3.797, 0.158815, 10, 8.41185, 0
3.808, 0.158815, 10, 8.41185, 0
3.818, 0.158815, 10, 8.41185, 0
3.828, 0.158815, 10, 8.41185, 0
3.838, 0.158815, 10, 8.41185, 0
3.849, 0.158815, 10, 8.41185, 0
3.859, 0.158815, 10, 8.41185, 0
3.869, 0.158815, 10, 8.41185, 0
3.879, 0.158815, 10, 8.41185, 0
3.889, 0.158815, 10, 8.41185, 0
3.9, 0.158815, 10, 8.41185, 0
3.91, 0.158815, 10, 8.41185, 0
3.92, 0.158815, 10, 8.41185, 0
3.931, 0.158815, 10, 8.41185, 0
3.941, 0.158815, 10, 8.41185, 0
3.951, 0.158815, 10, 8.41185, 0
3.963, 0.158815, 10, 8.41185, 0
3.973, 0.158815, 10, 8.41185, 0
3.983, 0.158815, 10, 8.41185, 0
3.994, 0.158815, 10, 8.41185, 0
4.004, 0.158815, 10, 8.41185, 0
4.014, 0.158815, 10, 8.41185, 0
4.024, 0.158815, 10, 8.41185, 0
4.035, 0.158815, 10, 8.41185, 0
4.045, 0.158815, 10, 8.41185, 0
4.055, 0.158815, 10, 8.41185, 0
4.065, 0.158815, 10, 8.41185, 0
4.076, 0.158815, 10, 8.41185, 0
4.086, 0.158815, 10, 8.41185, 0
4.097, 1, 10, 0, 0
4.108, 1, 10, 0, 0
4.118, 1, 10, 0, 0
4.128, 1, 10, 0, 0
4.138, 1, 10, 0, 0
4.149, 1, 10, 0, 0
4.159, 1, 10, 0, 0
4.169, 1, 10, 0, 0
4.18, 1, 10, 0, 0
4.19, 1, 10, 0, 0
4.2, 1, 10, 0, 0
4.21, 1, 10, 0, 0
4.221, 1, 10, 15.4559, 0
4.231, 1, 10, 15.4559, 0
4.241, 1, 10, 15.3875, 0
4.252, 1, 10, 15.5927, 0
4.262, 1, 10, 15.4559, 0
4.272, 1, 10, 15.3875, 0
4.283, 1, 10, 15.3875, 0
4.293, 1, 10, 15.2508, 0
4.303, 1, 10, 15.4559, 0
4.313, 1, 10, 15.3191, 0
4.324, 1, 10, 15.4559, 0
4.334, 0.545593, 10, 15.4559, 0
4.345, 1, 10, 15.0456, 0
4.355, 0.490881, 10, 14.9088, 0
4.365, 1, 10, 14.7036, 0
4.375, 1, 10, 14.8404, 0
4.386, 0.490881, 10, 14.9088, 0
4.396, 1, 10, 14.7036, 0
4.406, 1, 10, 14.8404, 0
4.416, 1, 10, 14.772, 0
4.427, 0.463526, 10, 14.6353, 0
4.437, 1, 10, 14.4985, 0
4.447, 0.443009, 10, 14.4301, 0
4.457, 0.443009, 10, 14.4301, 0
4.468, 0.43617, 10, 14.3617, -3799.39
4.478, 0.429331, 10, 14.2933, 0
4.488, 0.415653, 10, 14.1565, 0
4.498, 0.415653, 10, 14.1565, 0
4.509, 0.415653, 10, 14.1565, -1953.97
4.519, 0.395137, 10, 13.9514, -2973.44
4.53, 0.388298, 10, 13.883, 0
4.54, 0.381459, 10, 13.8146, -1899.7
4.551, 0.360942, 10, 13.6094, -1953.97
4.561, 0.354103, 10, 13.541, 0
4.571, 0.347264, 10, 13.4726, -3256.62
4.581, 0.340426, 10, 13.4043, -6513.24
4.592, 0.319909, 10, 13.1991, -2532.93
4.602, 0.31307, 10, 13.1307, 854.863
4.612, 0.326748, 10, 13.2675, 0
4.623, 1, 10, 13.1307, -3108.59
4.633, 0.306231, 10, 13.0623, 0
4.643, 0.306231, 10, 13.0623, -3108.59
4.653, 0.292553, 10, 12.9255, -627.423
4.664, 0.278875, 10, 12.7888, -3108.59
4.674, 0.258359, 10, 12.5836, 0
4.684, 0.258359, 10, 12.5836, 0
4.695, 0.258359, 10, 12.5836, -547.112
4.705, 0.244681, 10, 12.4468, -485.029
4.715, 0.231003, 10, 12.31, -911.854
4.725, 0.224164, 10, 12.1733, 0
4.736, 0.210486, 10, 12.1049, -3256.62
4.746, 0.210486, 10, 12.1049, 0
4.756, 0.210486, 10, 12.0365, 0
4.766, 0.196809, 10, 11.9681, 0
4.777, 0.18997, 10, 11.8997, 0
4.787, 0.18997, 10, 11.8997, 0
4.797, 0.18997, 10, 11.8997, 0
4.807, 0.183131, 10, 11.8313, 0
4.818, 0.183131, 10, 11.8313, 1899.7
4.828, 0.18997, 10, 11.8997, 0
4.838, 0.18997, 10, 11.8997, -3256.62
4.848, 0.176292, 10, 11.7629, -2849.54
4.859, 0.169453, 10, 11.6945, -3108.59
4.869, 0.162614, 10, 11.6261, -2973.44
4.879, 0.155775, 10, 11.5578, -2849.54
4.89, 0.142097, 10, 11.421, 0
4.9, 0.155775, 10, 11.5578, 0
4.91, 0.142097, 10, 11.421, -3108.59
4.92, 0.135258, 10, 11.3526, -2973.44
4.93, 0.121581, 10, 11.2158, -3256.62
4.941, 0.121581, 10, 11.2158, 3419.45
4.951, 0.114742, 10, 11.1474, -3799.39
4.961, 0.114742, 10, 11.1474, 0
4.971, 0.114742, 10, 11.1474, 0
4.981, 1, 10, 11.079, 0
4.992, 0.107903, 10, 11.079, 2072.4
5.002, 0.121581, 10, 11.2158, -384.208
5.012, 0.107903, 10, 11.079, -3108.59
5.023, 0.107903, 10, 11.079, 0
5.033, 0.0942249, 10, 10.9422, -3256.62
5.043, 0.0942249, 10, 10.9422, 0
5.053, 0.0942249, 10, 10.9422, 0
5.064, 1, 10, 0, 0
5.074, 1, 10, 0, 0
5.085, 1, 10, 0, 0
5.095, 1, 10, 0, 0
5.105, 1, 10, 0, 0
5.115, 1, 10, 0, 0
5.126, 1, 10, 0, 0
5.136, 1, 10, 0, 0
5.146, 1, 10, 0, 0
5.156, 1, 10, 0, 0
5.167, 0.682371, 10, 16.8237, 0
5.177, 0.716565, 10, 17.1657, 0
5.187, 0.68921, 10, 16.8921, 0
5.197, 0.668693, 10, 16.4818, 0
5.207, 0.620821, 10, 16.2082, 0
5.218, 0.572948, 10, 15.7295, 0
5.228, 0.525076, 10, 15.1824, 0
5.238, 0.477204, 10, 14.772, 0
5.248, 1, 10, 14.2933, 0
5.259, 0.422492, 10, 14.2249, 0
5.269, 0.429331, 10, 14.2933, 0
5.279, 0.422492, 10, 14.2249, 0
5.29, 0.401976, 10, 14.0198, 0
5.3, 1, 10, 13.6778, 0
5.31, 0.347264, 10, 13.4726, 0
5.321, 0.347264, 10, 13.4726, 0
5.331, 0.333587, 10, 13.3359, 0
5.341, 0.319909, 10, 13.1991, 0
5.352, 0.292553, 10, 12.9255, 0
5.362, 0.272036, 10, 12.7204, 0
5.372, 0.258359, 10, 12.4468, 0
5.383, 0.237842, 10, 12.3784, 0
5.393, 0.217325, 10, 12.1733, 0
5.404, 0.196809, 10, 11.9681, 0
5.414, 0.183131, 10, 11.8313, 0
5.424, 0.176292, 10, 11.6945, 0
5.434, 0.162614, 10, 11.6261, 0
5.445, 0.148936, 10, 11.4894, 0
5.455, 0.142097, 10, 11.421, 0
5.465, 0.135258, 10, 11.3526, 0
5.475, 0.121581, 10, 11.2158, 0
5.485, 0.114742, 10, 11.1474, 0
5.496, 0.107903, 10, 11.079, 0
5.506, 0.107903, 10, 11.079, 0
5.516, 0.101064, 10, 11.0106, 0
5.527, 1, 10, 10.9422, 0
5.537, 0.087386, 10, 10.8739, 0
5.547, 0.101064, 10, 11.0106, 0
5.557, 0.107903, 10, 11.079, 0
5.568, 0.101064, 10, 11.0106, 0
5.578, 0.101064, 10, 11.0106, 0
5.588, 0.0942249, 10, 10.9422, 0
5.598, 0.087386, 10, 10.8739, 0
5.609, 0.087386, 10, 10.8739, 0
5.619, 0.0805471, 10, 10.8055, -0.889128
5.629, 0.0805471, 10, 10.8055, 0
5.639, 0.0805471, 10, 10.8055, 0
5.649, 0.0737082, 10, 10.7371, 0
5.66, 0.0737082, 10, 10.7371, 0
5.67, 0.0737082, 10, 10.7371, 0
5.68, 0.0737082, 10, 10.7371, 0
5.691, 0.0737082, 10, 10.7371, 0
5.701, 0.0737082, 10, 10.7371, 0
5.711, 0.0737082, 10, 10.7371, 0
5.721, 0.0737082, 10, 10.7371, 0
5.731, 0.0737082, 10, 10.7371, 0
5.742, 0.0737082, 10, 10.7371, 0
5.752, 0.0737082, 10, 10.7371, 0
5.762, 0.0737082, 10, 10.7371, 0
5.773, 0.0737082, 10, 10.7371, 0
5.783, 0.0737082, 10, 10.7371, 0
5.793, 0.0737082, 10, 10.7371, 0
5.804, 0.0737082, 10, 10.7371, 0
5.814, 0.0737082, 10, 10.7371, 0
5.824, 0.0737082, 10, 10.7371, 0
5.834, 0.0737082, 10, 10.7371, 0
5.845, 0.0737082, 10, 10.7371, 0
5.855, 0.0737082, 10, 10.7371, 0
5.865, 0.0737082, 10, 10.7371, 0
5.875, 0.0737082, 10, 10.7371, 0
5.886, 0.0737082, 10, 10.7371, 0
5.896, 0.0737082, 10, 10.7371, 0
5.906, 0.0737082, 10, 10.7371, 0
5.917, 0.0737082, 10, 10.7371, 0
5.927, 0.0737082, 10, 10.7371, 0
5.937, 0.0737082, 10, 10.7371, 0
5.948, 0.0737082, 10, 10.7371, 0
5.958, 0.0737082, 10, 10.7371, 0
5.969, 0.0737082, 10, 10.7371, 0
5.979, 0.0737082, 10, 10.7371, 0
5.989, 0.0737082, 10, 10.7371, 0
5.999, 0.0737082, 10, 10.7371, 0
6.01, 0.0737082, 10, 10.7371, 0
6.02, 0.0737082, 10, 10.7371, 0
6.03, 0.0737082, 10, 10.7371, 0
6.041, 0.0737082, 10, 10.7371, 0
6.051, 0.0737082, 10, 10.7371, 0
6.061, 0.0737082, 10, 10.7371, 0
6.071, 0.0737082, 10, 10.7371, 0
6.081, 0.0737082, 10, 10.7371, 0
6.092, 0.0737082, 10, 10.7371, 0
6.102, 0.0737082, 10, 10.7371, 0
6.112, 0.0737082, 10, 10.7371, 0
6.122, 0.0737082, 10, 10.7371, 0
6.133, 0.0737082, 10, 10.7371, 0
6.143, 0.0737082, 10, 10.7371, 0
6.153, 0.0737082, 10, 10.7371, 0
6.164, 0.0737082, 10, 10.7371, 0
6.174, 0.0737082, 10, 10.7371, 0
6.184, 0.0737082, 10, 10.7371, 0
6.194, 0.0737082, 10, 10.7371, 0
6.205, 0.0737082, 10, 10.7371, 0
6.215, 0.0737082, 10, 10.7371, 0
6.225, 0.0737082, 10, 10.7371, 0
6.236, 0.0737082, 10, 10.7371, 0
6.246, 0.0737082, 10, 10.7371, 0
6.257, 0.0737082, 10, 10.7371, 0
6.267, 0.0737082, 10, 10.7371, 0
6.277, 0.0737082, 10, 10.7371, 0
6.288, 0.0737082, 10, 10.7371, 0
6.298, 0.0737082, 10, 10.7371, 0
6.308, 0.0737082, 10, 10.7371, 0
6.319, 0.0737082, 10, 10.7371, 0
6.329, 0.0737082, 10, 10.7371, 0
6.339, 0.0737082, 10, 10.7371, 0
6.349, 0.0737082, 10, 10.7371, 0
6.36, 0.0737082, 10, 10.7371, 0
6.37, 0.0737082, 10, 10.7371, 0
6.38, 0.0737082, 10, 10.7371, 0
6.39, 0.0737082, 10, 10.7371, 0
6.401, 0.0737082, 10, 10.7371, 0
6.411, 0.0737082, 10, 10.7371, 0
6.422, 0.0737082, 10, 10.7371, 0
6.432, 0.0737082, 10, 10.7371, 0
6.442, 0.0737082, 10, 10.7371, 0
6.452, 0.0737082, 10, 10.7371, 0
6.463, 0.0737082, 10, 10.7371, 0
6.473, 0.0737082, 10, 10.7371, 0
6.484, 0.0737082, 10, 10.7371, 0
6.494, 0.0737082, 10, 10.7371, 0
6.504, 0.0737082, 10, 10.7371, 0
6.515, 0.0737082, 10, 10.7371, 0
6.525, 0.0737082, 10, 10.7371, 0
6.535, 0.0737082, 10, 10.7371, 0
6.545, 0.0737082, 10, 10.7371, 0
6.556, 0.0737082, 10, 10.7371, 0
6.566, 0.0737082, 10, 10.7371, 0
6.576, 0.0737082, 10, 10.7371, 0
6.586, 0.0737082, 10, 10.7371, 0
6.596, 0.0737082, 10, 10.7371, 0
6.607, 0.0737082, 10, 10.7371, 0
6.617, 0.0737082, 10, 10.7371, 0
6.627, 0.0737082, 10, 10.7371, 0
6.638, 0.0737082, 10, 10.7371, 0
6.648, 0.0737082, 10, 10.7371, 0
6.658, 0.0737082, 10, 10.7371, 0
6.669, 0.0737082, 10, 10.7371, 0
6.679, 0.0737082, 10, 10.7371, 0
6.69, 0.0737082, 10, 10.7371, 0
6.7, 0.0737082, 10, 10.7371, 0
6.71, 0.0737082, 10, 10.7371, 0
6.72, 0.0737082, 10, 10.7371, 0
6.731, 0.0737082, 10, 10.7371, 0
6.741, 0.0737082, 10, 10.7371, 0
6.751, 0.0737082, 10, 10.7371, 0
6.761, 0.0737082, 10, 10.7371, 0
6.771, 0.0737082, 10, 10.7371, 0
6.782, 0.0737082, 10, 10.7371, 0
6.792, 0.0737082, 10, 10.7371, 0
6.802, 0.0737082, 10, 10.7371, 0
6.813, 0.0737082, 10, 10.7371, 0
6.823, 0.0737082, 10, 10.7371, 0
6.833, 0.0737082, 10, 10.7371, 0
6.843, 0.0737082, 10, 10.7371, 0
6.853, 0.0737082, 10, 10.7371, 0
6.864, 0.0737082, 10, 10.7371, 0
6.874, 0.0737082, 10, 10.7371, 0
6.884, 0.0737082, 10, 10.7371, 0
6.894, 0.0737082, 10, 10.7371, 0
6.905, 0.0737082, 10, 10.7371, 0
6.915, 0.0737082, 10, 10.7371, 0
6.925, 0.0737082, 10, 10.7371, 0
6.936, 0.0737082, 10, 10.7371, 0
6.946, 0.0737082, 10, 10.7371, 0
6.956, 0.0737082, 10, 10.7371, 0
6.966, 0.0737082, 10, 10.7371, 0
6.976, 0.0737082, 10, 10.7371, 0
6.987, 0.0737082, 10, 10.7371, 0
6.997, 0.0737082, 10, 10.7371, 0
7.007, 0.0737082, 10, 10.7371, 0
7.017, 0.0737082, 10, 10.7371, 0
7.028, 0.0737082, 10, 10.7371, 0
7.038, 0.0737082, 10, 10.7371, 0
7.048, 0.0737082, 10, 10.7371, 0
7.058, 0.0737082, 10, 10.7371, 0
7.069, 0.0737082, 10, 10.7371, 0
7.079, 0.0737082, 10, 10.7371, 0
7.089, 0.0737082, 10, 10.7371, 0
7.099, 0.0737082, 10, 10.7371, 0
7.11, 0.0737082, 10, 10.7371, 0
7.12, 0.0737082, 10, 10.7371, 0
7.13, 0.0737082, 10, 10.7371, 0
7.14, 0.0737082, 10, 10.7371, 0
7.151, 0.0737082, 10, 10.7371, 0
7.161, 0.0737082, 10, 10.7371, 0
7.171, 0.0737082, 10, 10.7371, 0
7.181, 0.0737082, 10, 10.7371, 0
7.192, 0.0737082, 10, 10.7371, 0
7.202, 0.0737082, 10, 10.7371, 0
7.212, 0.0737082, 10, 10.7371, 0
7.222, 0.0737082, 10, 10.7371, 0
7.232, 0.0737082, 10, 10.7371, 0
7.243, 0.0737082, 10, 10.7371, 0
7.253, 0.0737082, 10, 10.7371, 0
7.264, 0.0737082, 10, 10.7371, 0
7.274, 0.0737082, 10, 10.7371, 0
7.284, 0.0737082, 10, 10.7371, 0
7.294, 0.0737082, 10, 10.7371, 0
7.305, 0.0737082, 10, 10.7371, 0
7.315, 0.0737082, 10, 10.7371, 0
7.325, 0.0737082, 10, 10.7371, 0
7.336, 0.0737082, 10, 10.7371, 0
7.347, 0.0737082, 10, 10.7371, 0
7.357, 0.0737082, 10, 10.7371, 0
7.368, 0.0737082, 10, 10.7371, 0
7.378, 0.0737082, 10, 10.7371, 0
7.388, 0.0737082, 10, 10.7371, 0
7.399, 0.0737082, 10, 10.7371, 0
7.41, 0.0737082, 10, 10.7371, 0
7.42, 0.0737082, 10, 10.7371, 0
7.43, 0.0737082, 10, 10.7371, 0
7.44, 0.0737082, 10, 10.7371, 0
7.451, 0.0737082, 10, 10.7371, 0
7.461, 0.0737082, 10, 10.7371, 0
7.471, 0.0737082, 10, 10.7371, 0
7.481, 0.0737082, 10, 10.7371, 0
7.492, 0.0737082, 10, 10.7371, 0
7.502, 0.0737082, 10, 10.7371, 0
7.512, 0.0737082, 10, 10.7371, 0
7.522, 0.0737082, 10, 10.7371, 0
7.532, 0.0737082, 10, 10.7371, 0
7.543, 0.0737082, 10, 10.7371, 0
7.554, 0.0737082, 10, 10.7371, 0
7.564, 0.0737082, 10, 10.7371, 0
7.575, 0.0737082, 10, 10.7371, 0
7.585, 0.0737082, 10, 10.7371, 0
7.595, 0.0737082, 10, 10.7371, 0
7.606, 0.0737082, 10, 10.7371, 0
7.616, 0.0737082, 10, 10.7371, 0
7.626, 0.0737082, 10, 10.7371, 0
7.636, 0.0737082, 10, 10.7371, 0
7.646, 0.0737082, 10, 10.7371, 0
7.657, 0.0737082, 10, 10.7371, 0
7.667, 0.0737082, 10, 10.7371, 0
7.677, 0.0737082, 10, 10.7371, 0
7.688, 0.0737082, 10, 10.7371, 0
7.698, 0.0737082, 10, 10.7371, 0
7.708, 0.0737082, 10, 10.7371, 0
7.718, 0.0737082, 10, 10.7371, 0
7.728, 0.0737082, 10, 10.7371, 0
7.739, 0.0737082, 10, 10.7371, 0
7.749, 0.0737082, 10, 10.7371, 0
7.759, 0.0737082, 10, 10.7371, 0
7.769, 0.0737082, 10, 10.7371, 0
7.78, 0.0737082, 10, 10.7371, 0
7.79, 0.0737082, 10, 10.7371, 0
7.8, 0.0737082, 10, 10.7371, 0
7.81, 0.0737082, 10, 10.7371, 0
7.82, 0.0737082, 10, 10.7371, 0
7.831, 0.0737082, 10, 10.7371, 0
7.841, 0.0737082, 10, 10.7371, 0
7.851, 0.0737082, 10, 10.7371, 0
7.862, 0.0737082, 10, 10.7371, 0
7.872, 0.0737082, 10, 10.7371, 0
7.882, 0.0737082, 10, 10.7371, 0
7.892, 0.0737082, 10, 10.7371, 0
7.903, 0.0737082, 10, 10.7371, 0
7.913, 0.0737082, 10, 10.7371, 0
7.923, 0.0737082, 10, 10.7371, 0
7.933, 0.0737082, 10, 10.7371, 0
7.944, 0.0737082, 10, 3.89818, 359942
7.954, 0.0737082, 10, 10.7371, 0
7.964, 0.0600304, 10, 10.5319, 0
7.974, 0.0463526, 10, 10.3951, 0
7.984, 0.0326748, 10, 10.3267, 0
7.995, 0.0326748, 10, 10.3267, 0
8.005, 0.0326748, 10, 10.3267, 0
8.015, 0.0326748, 10, 10.3267, 0
8.026, 0.0326748, 10, 10.3267, 0
8.036, 0.0326748, 10, 10.3267, 0
8.046, 0.0326748, 10, 10.3267, 0
8.056, 0.0326748, 10, 10.3267, 0
8.067, 0.0326748, 10, 10.3267, 0
8.078, 0.0326748, 10, 10.3267, 0
8.088, 0.0326748, 10, 10.3267, 0
8.098, 0.0326748, 10, 10.3267, 0
8.108, 0.0326748, 10, 10.3267, 0
8.119, 0.0326748, 10, 10.3267, 0
8.129, 0.0326748, 10, 10.3267, 0
8.139, 0.0326748, 10, 10.3267, 0
8.149, 0.0326748, 10, 10.3267, 0
8.159, 0.0326748, 10, 10.3267, 0
8.17, 0.0326748, 10, 10.3267, 0
8.18, 0.0326748, 10, 10.3267, 0
8.19, 0.0326748, 10, 10.3267, 0
8.201, 0.0326748, 10, 10.3267, 0
8.211, 0.0326748, 10, 10.3267, 0
8.221, 0.0326748, 10, 10.3267, 0
8.231, 0.0326748, 10, 10.3267, 0
8.242, 0.0326748, 10, 10.3267, 0
8.252, 0.0326748, 10, 10.3267, 0
8.263, 0.0326748, 10, 10.3267, 0
8.273, 0.0326748, 10, 10.3267, 0
8.283, 0.0326748, 10, 10.3267, 0
8.293, 0.0326748, 10, 10.3267, 0
8.303, 0.0326748, 10, 10.3267, 0
8.314, 0.0326748, 10, 10.3267, 0
8.324, 0.0326748, 10, 10.3267, 0
8.334, 0.0326748, 10, 10.3267, 0
8.345, 0.0326748, 10, 10.3267, 0
8.355, 0.0326748, 10, 10.3267, 0
8.365, 0.0326748, 10, 10.3267, 0
8.375, 0.0326748, 10, 10.3267, 0
8.385, 0.0326748, 10, 10.3267, 0
8.396, 0.0326748, 10, 10.3267, 0
8.406, 0.0326748, 10, 10.3267, 0
8.416, 0.0326748, 10, 10.3267, 0
8.426, 0.0326748, 10, 10.3267, 0
8.436, 0.0326748, 10, 10.3267, 0
8.447, 0.0326748, 10, 10.3267, 0
8.457, 0.0326748, 10, 10.3267, 0
8.467, 0.0326748, 10, 10.3267, 0
8.478, 0.0326748, 10, 10.3267, 0
8.488, 0.0326748, 10, 10.3267, 0
8.499, 0.0326748, 10, 10.3267, 0
8.509, 0.0326748, 10, 10.3267, 0
8.519, 0.0326748, 10, 10.3267, 0
8.53, 0.0326748, 10, 10.3267, 0
8.54, 0.0326748, 10, 10.3267, 0
8.55, 0.0326748, 10, 10.3267, 0
8.56, 0.0326748, 10, 10.3267, 0
8.571, 0.0326748, 10, 10.3267, 0
8.581, 0.0326748, 10, 10.3267, 0
8.591, 0.0326748, 10, 10.3267, 0
8.602, 0.0326748, 10, 10.3267, 0
8.612, 0.0326748, 10, 10.3267, 0
8.622, 0.0326748, 10, 10.3267, 0
8.632, 0.0326748, 10, 10.3267, 0
8.643, 0.0326748, 10, 10.3267, 0
8.653, 0.0326748, 10, 10.3267, 0
8.663, 0.0326748, 10, 10.3267, 0
8.674, 0.0326748, 10, 10.3267, 0
8.684, 0.0326748, 10, 10.3267, 0
8.694, 0.0326748, 10, 10.3267, 0
8.705, 0.0326748, 10, 10.3267, 0
8.715, 0.0326748, 10, 10.3267, 0
8.725, 0.0326748, 10, 10.3267, 0
8.736, 0.0326748, 10, 10.3267, 0
8.746, 0.0326748, 10, 10.3267, 0
8.756, 0.0326748, 10, 10.3267, 0
8.767, 0.0326748, 10, 10.3267, 0
8.777, 0.0326748, 10, 10.3267, 0
8.787, 0.0326748, 10, 10.3267, 0
8.797, 0.0326748, 10, 10.3267, 0
8.808, 0.0326748, 10, 10.3267, 0
8.818, 0.0326748, 10, 10.3267, 0
8.828, 0.0326748, 10, 10.3267, 0
8.839, 0.0326748, 10, 10.3267, 0
8.849, 0.0326748, 10, 10.3267, 0
8.859, 0.0326748, 10, 10.3267, 0
8.87, 0.0326748, 10, 10.3267, 0
8.88, 0.0326748, 10, 10.3267, 0
8.89, 0.0326748, 10, 10.3267, 0
8.901, 0.0326748, 10, 10.3267, 0
8.911, 0.0326748, 10, 10.3267, 0
8.921, 0.0326748, 10, 10.3267, 0
8.931, 0.0326748, 10, 10.3267, 0
8.941, 0.0326748, 10, 10.3267, 0
8.952, 0.0326748, 10, 10.3267, 0
8.962, 0.0326748, 10, 10.3267, 0
8.972, 0.0326748, 10, 10.3267, 0
8.982, 0.0326748, 10, 10.3267, 0
8.992, 0.0326748, 10, 10.3267, 0
9.003, 0.0326748, 10, 10.3267, 0
9.013, 0.0326748, 10, 10.3267, 0
9.023, 0.0326748, 10, 10.3267, 0
9.033, 0.0326748, 10, 10.3267, 0
9.044, 0.0326748, 10, 10.3267, 0
9.054, 0.0326748, 10, 10.3267, 0
9.064, 0.0326748, 10, 10.3267, 0
9.075, 0.0326748, 10, 10.3267, 0
9.085, 0.0326748, 10, 10.3267, 0
9.095, 0.0326748, 10, 10.3267, 0
9.105, 0.0326748, 10, 10.3267, 0
9.116, 0.0326748, 10, 10.3267, 0
9.126, 0.0326748, 10, 10.3267, 0
9.136, 0.0326748, 10, 10.3267, 0
9.146, 0.0326748, 10, 10.3267, 0
9.157, 0.0326748, 10, 10.3267, 0
9.167, 0.0326748, 10, 10.3267, 0
9.177, 0.0326748, 10, 10.3267, 0
9.187, 0.0326748, 10, 10.3267, 0
9.198, 0.0326748, 10, 10.3267, 0
9.208, 0.0326748, 10, 10.3267, 0
9.218, 0.0326748, 10, 10.3267, 0
9.228, 0.0326748, 10, 10.3267, 0
9.238, 0.0326748, 10, 10.3267, 0
9.249, 0.0326748, 10, 10.3267, 0
9.259, 0.0326748, 10, 10.3267, 0
9.269, 0.0326748, 10, 10.3267, 0
9.279, 0.0326748, 10, 10.3267, 0
9.29, 0.0326748, 10, 10.3267, 0
9.3, 0.0326748, 10, 10.3267, 0
9.31, 0.0326748, 10, 10.3267, 0
9.32, 0.0326748, 10, 10.3267, 0
9.331, 0.0326748, 10, 10.3267, 0
9.341, 0.0326748, 10, 10.3267, 0
9.351, 0.0326748, 10, 10.3267, 0
9.361, 0.0326748, 10, 10.3267, 0
9.372, 0.0326748, 10, 10.3267, 0
9.382, 0.0326748, 10, 10.3267, 0
9.392, 0.0326748, 10, 10.3267, 0
9.403, 0.0326748, 10, 10.3267, 0
9.413, 0.0326748, 10, 10.3267, 0
9.423, 0.0326748, 10, 10.3267, 0
9.433, 0.0326748, 10, 10.3267, 0
9.444, 0.0326748, 10, 10.3267, 0
9.454, 0.0326748, 10, 10.3267, 0
9.464, 0.0326748, 10, 10.3267, 0
9.474, 0.0326748, 10, 10.3267, 0
9.485, 0.0326748, 10, 10.3267, 0
9.495, 0.0326748, 10, 10.3267, 0
9.505, 0.0326748, 10, 10.3267, 0
9.516, 0.0326748, 10, 10.3267, 0
9.526, 0.0326748, 10, 10.3267, 0
9.536, 0.0326748, 10, 10.3267, 0
9.546, 0.0326748, 10, 10.3267, 0
9.557, 0.0326748, 10, 10.3267, 0
9.567, 0.0326748, 10, 10.3267, 0
9.577, 0.0326748, 10, 10.3267, 0
9.587, 0.0326748, 10, 10.3267, 0
9.598, 0.0326748, 10, 10.3267, 0
9.608, 0.0326748, 10, 10.3267, 0
9.618, 0.0326748, 10, 10.3267, 0
9.628, 0.0326748, 10, 10.3267, 0
9.639, 0.0326748, 10, 10.3267, 0
9.649, 0.0326748, 10, 10.3267, 0
9.659, 0.0326748, 10, 10.3267, 0
9.669, 0.0326748, 10, 10.3267, 0
9.68, 0.0326748, 10, 10.3267, 0
9.69, 0.0326748, 10, 10.3267, 0
9.7, 0.0326748, 10, 10.3267, 0
9.71, 0.0326748, 10, 10.3267, 0
9.721, 0.0326748, 10, 10.3267, 0
9.731, 0.0326748, 10, 10.3267, 0
9.741, 0.0326748, 10, 10.3267, 0
9.751, 0.0326748, 10, 10.3267, 0
9.762, 0.0326748, 10, 10.3267, 0
9.772, 0.0326748, 10, 10.3267, 0
9.782, 0.0326748, 10, 10.3267, 0
9.792, 0.0326748, 10, 10.3267, -3.41945e+06
9.803, 0.0326748, 10, 10.3267, 0
9.813, 1, 10, 10.19, 0
9.823, 1, 10, 10.19, 0
9.834, 1, 10, 10.5319, 3256.62
9.844, 1, 10, 10.5319, -3108.59
9.855, 0.0258359, 10, 10.2584, -3256.62
9.865, 0.018997, 10, 10.2584, 0
9.875, 1, 10, 10.3951, 589.561
9.886, 1, 10, 10.3267, 0
9.896, 1, 10, 10.0532, 0
9.906, 1, 10, 10.19, 6513.24
9.916, 1, 10, 10.4635, 0
9.927, 1, 10, 10.3267, 0
9.937, 0.018997, 10, 10.19, 1953.97
9.947, 1, 10, 10.5319, 2973.44
9.958, 1, 10, 10.6687, 0
9.968, 1, 10, 10.3951, 0
9.978, 0.018997, 10, 10.19, 0
9.989, 1, 10, 10.4635, 3799.39
9.999, 0.0600304, 10, 10.6003, -3419.45
10.009, 1, 10, 10.3267, 0
10.019, 1, 10, 9.9848, 0
10.03, 1, 10, 10.19, 560.566
10.04, 0.0395137, 10, 10.3951, 0
10.05, 1, 10, 10.1216, -3256.62
10.06, 0.00151976, 10, 9.9848, 0
10.071, 1, 10, 10.19, 5260.7
10.082, 1, 10, 10.4635, 0
10.092, 1, 10, 10.3951, 0
10.102, 1, 10, 10.19, 0
10.112, 1, 10, 10.3951, 1953.97
10.123, 0.0668693, 10, 10.6687, 0
10.133, 1, 10, 10.3951, -2973.44
10.143, 0.018997, 10, 10.19, 3108.59
10.154, 1, 10, 10.4635, 5699.09
10.164, 1, 10, 10.7371, 0
10.174, 1, 10, 10.5319, 0
10.184, 1, 10, 10.19, 0
10.195, 1, 10, 10.3267, 1112.02
10.205, 0.0600304, 10, 10.6003, 0
10.218, 1, 10, 10.4635, -2011.44
10.228, 1, 10, 10.0532, 0
10.239, 1, 10, 10.2584, 2206.1
10.249, 0.0531915, 10, 10.5319, 0
10.259, 1, 10, 10.3267, 0
10.271, 1, 10, 10.0532, 0
10.281, 1, 10, 10.3267, 0
10.291, 0.0531915, 10, 10.5319, 0
10.301, 1, 10, 10.2584, 0
10.312, 0.018997, 10, 10.19, 0
10.322, 0.0326748, 10, 10.3267, 3108.59
10.332, 0.0395137, 10, 10.3951, 0
10.342, 1, 10, 10.2584, 0
10.353, 1, 10, 10.3267, 0
10.363, 1, 10, 10.6003, 0
10.373, 1, 10, 10.4635, -5471.12
10.383, 1, 10, 0, 0
10.394, 1, 10, 0, 0
10.405, 1, 10, 0, 0
10.415, 1, 10, 0, 0
10.425, 1, 10, 0, 0
10.435, 1, 10, 0, 0
10.446, 1, 10, 0, 0
10.456, 1, 10, 0, 0
10.466, 1, 10, 0, 0
10.476, 1, 10, 0, 0
10.486, 1, 10, 0, 0
10.497, 1, 10, 0, 0
10.507, 1, 10, 0, 0
10.517, 1, 10, 0, 0
10.527, 1, 10, 0, 0
10.538, 1, 10, 0, 109.248
10.549, 0.99696, 10, 20.3799, 0
10.559, 1, 10, 20.6535, 0
10.57, 1, 10, 20.3116, 0
10.58, 1, 10, 19.7644, 0
10.59, 0.928571, 10, 19.1489, 0
10.601, 0.901216, 10, 18.8754, 0
10.611, 0.860182, 10, 18.3283, 0
10.621, 0.798632, 10, 17.7128, 0
10.631, 0.730243, 10, 17.0973, 0
10.641, 0.661854, 10, 16.4818, 0
10.652, 0.600304, 10, 15.9347, 0
10.662, 0.566109, 10, 15.3875, 0
10.672, 0.511398, 10, 14.8404, 0
10.682, 0.456687, 10, 14.3617, 0
10.693, 0.415653, 10, 14.0881, 0
10.703, 0.408815, 10, 13.9514, 0
10.713, 0.388298, 10, 13.7462, 0
10.724, 1, 10, 13.4726, 0
10.734, 0.326748, 10, 13.1991, 0
10.744, 0.319909, 10, 13.1991, 0
10.754, 0.306231, 10, 13.0623, 0
10.765, 0.299392, 10, 12.9255, 0
10.775, 0.278875, 10, 12.7204, 0
10.786, 0.265198, 10, 12.5152, 0
10.796, 0.244681, 10, 12.3784, 0
10.806, 0.224164, 10, 12.1733, 0
10.816, 0.203647, 10, 11.9681, 0
10.826, 0.196809, 10, 11.8997, 0
10.837, 0.176292, 10, 11.6945, 0
10.847, 0.162614, 10, 11.6261, 0
10.857, 0.155775, 10, 11.4894, 0
10.868, 0.142097, 10, 11.421, 0
10.878, 0.135258, 10, 11.2842, 0
10.888, 0.128419, 10, 11.2158, 0
10.898, 0.114742, 10, 11.1474, 0
10.909, 0.107903, 10, 11.079, 0
10.919, 0.107903, 10, 11.0106, 0
10.929, 0.101064, 10, 10.9422, 0
10.939, 0.0942249, 10, 10.8739, 0
10.95, 0.087386, 10, 10.8739, 0
10.96, 0.0805471, 10, 10.8055, 0
10.97, 0.0805471, 10, 10.8055, 0
10.98, 0.0805471, 10, 10.8055, 0
10.991, 0.0737082, 10, 10.7371, 0
11.001, 0.0737082, 10, 10.7371, 0
11.011, 0.0737082, 10, 10.7371, 0
11.021, 0.0737082, 10, 10.7371, 0
11.032, 0.0737082, 10, 10.7371, 0
11.042, 0.0737082, 10, 10.7371, 0
11.052, 0.0737082, 10, 10.7371, 0
11.063, 0.0737082, 10, 10.7371, 0
11.073, 0.0737082, 10, 10.7371, 0
11.083, 0.0737082, 10, 10.7371, 0
11.093, 0.0737082, 10, 10.7371, 0
11.104, 0.0737082, 10, 10.7371, 0
11.114, 0.0737082, 10, 10.7371, 0
11.124, 0.0737082, 10, 10.7371, 0
11.135, 0.0737082, 10, 10.7371, 0
11.145, 0.0737082, 10, 10.6687, 0
11.155, 0.0668693, 10, 10.6687, 0
11.166, 0.0668693, 10, 10.6687, 0
11.176, 0.0668693, 10, 10.6687, 0
11.186, 0.0668693, 10, 10.6687, 0
11.197, 0.0668693, 10, 10.6687, 0
11.207, 0.0668693, 10, 10.6687, 0
11.218, 0.0668693, 10, 10.6687, 0
11.228, 0.0668693, 10, 10.6687, 0
11.238, 0.0668693, 10, 10.6687, 0
11.248, 0.0668693, 10, 10.6687, 0
11.259, 0.0668693, 10, 10.6687, 0
11.269, 0.0668693, 10, 10.6687, 0
11.279, 0.0668693, 10, 10.6687, 0
11.289, 0.0668693, 10, 10.6687, 0
11.3, 0.0668693, 10, 10.6687, 0
11.31, 0.0668693, 10, 10.6687, 0
11.32, 0.0668693, 10, 10.6687, 0
11.33, 0.0668693, 10, 10.6687, 0
11.341, 0.0668693, 10, 10.6687, 0
11.351, 0.0668693, 10, 10.6687, 0
11.361, 0.0668693, 10, 10.6687, 0
11.372, 0.0668693, 10, 10.6687, 0
11.382, 0.0668693, 10, 10.6687, 0
11.392, 0.0668693, 10, 10.6687, 0
11.403, 0.0668693, 10, 10.6687, 0
11.413, 0.0668693, 10, 10.6687, 0
11.423, 0.0668693, 10, 10.6687, 0
11.433, 0.0668693, 10, 10.6687, 0
11.444, 0.0668693, 10, 10.6687, 0
11.454, 0.0668693, 10, 10.6687, 0
11.464, 0.0668693, 10, 10.6687, 0
11.474, 0.0668693, 10, 10.6687, 0
11.485, 0.0668693, 10, 10.6687, 0
11.495, 0.0668693, 10, 10.6687, 0
11.505, 0.0668693, 10, 10.6687, 0
11.515, 0.0668693, 10, 10.6687, 0
11.526, 0.0668693, 10, 10.6687, 0
11.536, 0.0668693, 10, 10.6687, 0
11.546, 0.0668693, 10, 10.6687, 0
11.556, 0.0668693, 10, 10.6687, 0
11.567, 0.0668693, 10, 10.6687, 0
11.578, 0.0668693, 10, 10.6687, 0
11.588, 0.0668693, 10, 10.6687, 0
11.598, 0.0668693, 10, 10.6687, 0
11.608, 0.0668693, 10, 10.6687, 0
11.619, 0.0668693, 10, 10.6687, 0
11.629, 0.0668693, 10, 10.6687, 0
11.64, 0.0668693, 10, 10.6687, 0
11.65, 0.0668693, 10, 10.6687, 0
11.66, 0.0668693, 10, 10.6687, 0
11.671, 0.0668693, 10, 10.6687, 0
11.681, 0.0668693, 10, 10.6687, 0
11.692, 0.0668693, 10, 10.6687, 0
11.702, 0.0668693, 10, 10.6687, 0
11.712, 0.0668693, 10, 10.6687, 0
11.722, 0.0668693, 10, 10.6687, 0
11.732, 0.0668693, 10, 10.6687, 0
11.743, 0.0668693, 10, 10.6687, 0
11.753, 0.0668693, 10, 10.6687, 0
11.763, 0.0668693, 10, 10.6687, 0
11.773, 0.0668693, 10, 10.6687, 0
11.784, 0.0668693, 10, 10.6687, 0
11.794, 0.0668693, 10, 10.6687, 0
11.804, 0.0668693, 10, 10.6687, 0
11.814, 0.0668693, 10, 10.6687, 0
11.825, 0.0668693, 10, 10.6687, 0
11.835, 0.0668693, 10, 10.6687, 0
11.845, 0.0668693, 10, 10.6687, 0
11.855, 0.0668693, 10, 10.6687, 0
11.866, 0.0668693, 10, 10.6687, 0
11.876, 0.0668693, 10, 10.6687, 0
11.886, 0.0668693, 10, 10.6687, 0
11.896, 0.0668693, 10, 10.6687, 0
11.907, 0.0668693, 10, 10.6687, 0
11.917, 0.0668693, 10, 10.6687, 0
11.927, 0.0668693, 10, 10.6687, 0
11.937, 0.0668693, 10, 10.6687, 0
11.947, 0.0668693, 10, 10.6687, 0
11.958, 0.0668693, 10, 10.6687, 0
11.968, 0.0668693, 10, 10.6687, 0
11.978, 0.0668693, 10, 10.6687, 0
11.989, 0.0668693, 10, 10.6687, 0
11.999, 0.0668693, 10, 10.6687, 0
12.009, 0.0668693, 10, 10.6687, 0
12.02, 0.0668693, 10, 10.6687, 0
12.03, 0.0668693, 10, 10.6687, 0
12.041, 0.0668693, 10, 10.6687, 0
12.051, 0.0668693, 10, 10.6687, 0
12.062, 0.0668693, 10, 10.6687, 0
12.072, 0.0668693, 10, 10.6687, 0
12.082, 0.0668693, 10, 10.6687, 0
12.093, 0.0668693, 10, 10.6687, 0
12.103, 0.0668693, 10, 10.6687, 0
12.113, 0.0668693, 10, 10.6687, 0
12.123, 0.0668693, 10, 10.6687, 0
12.133, 0.0668693, 10, 10.6687, 0
12.144, 0.0668693, 10, 10.6687, 0
12.154, 0.0668693, 10, 10.6687, 0
12.164, 0.0668693, 10, 10.6687, 0
12.175, 0.0668693, 10, 10.6687, 0
12.185, 0.0668693, 10, 10.6687, 0
12.195, 0.0668693, 10, 10.6687, 0
12.205, 0.0668693, 10, 10.6687, 0
12.216, 0.0668693, 10, 10.6687, 0
12.226, 0.0668693, 10, 10.6687, 0
12.237, 0.0668693, 10, 10.6687, 0
12.247, 0.0668693, 10, 10.6687, 0
12.258, 0.0668693, 10, 10.6687, 0
12.268, 0.0668693, 10, 10.6687, 0
12.278, 0.0668693, 10, 10.6687, 0
12.288, 0.0668693, 10, 10.6687, 0
12.299, 0.0668693, 10, 10.6687, 0
12.309, 0.0668693, 10, 10.6687, 0
12.319, 0.0668693, 10, 10.6687, 0
12.329, 0.0668693, 10, 10.6687, 0
12.34, 0.0668693, 10, 10.6687, 0
12.35, 0.0668693, 10, 10.6687, 0
12.36, 0.0668693, 10, 10.6687, 0
12.371, 0.0668693, 10, 10.6687, 0
12.381, 0.0668693, 10, 10.6687, 0
12.391, 0.0668693, 10, 10.6687, 0
12.402, 0.0668693, 10, 10.6687, 0
12.412, 0.0668693, 10, 10.6687, 0
12.422, 0.0668693, 10, 10.6687, 0
12.432, 0.0668693, 10, 10.6687, 0
12.443, 0.0668693, 10, 10.6687, 0
12.453, 0.0668693, 10, 10.6687, 0
12.464, 0.0668693, 10, 10.6687, 0
12.474, 0.0668693, 10, 10.6687, 0
12.484, 0.0668693, 10, 10.6687, 0
12.495, 0.0668693, 10, 10.6687, 0
12.505, 0.0668693, 10, 10.6687, 0
12.515, 0.0668693, 10, 10.6687, 0
12.525, 0.0668693, 10, 10.6687, 0
12.536, 0.0668693, 10, 10.6687, 0
12.546, 0.0668693, 10, 10.6687, 0
12.556, 0.0668693, 10, 10.6687, 0
12.566, 0.0668693, 10, 10.6687, 0
12.577, 0.0668693, 10, 10.6687, 0
12.587, 0.0668693, 10, 10.6687, 0
12.597, 0.0668693, 10, 10.6687, 0
12.607, 0.0668693, 10, 10.6687, 0
12.618, 0.0668693, 10, 10.6687, 0
12.628, 0.0668693, 10, 10.6687, 0
12.638, 0.0668693, 10, 10.6687, 0
12.648, 0.0668693, 10, 10.6687, 0
12.658, 0.0668693, 10, 10.6687, 0
12.669, 0.0668693, 10, 10.6687, 0
12.679, 0.0668693, 10, 10.6687, 0
12.689, 0.0668693, 10, 10.6687, 0
12.699, 0.0668693, 10, 10.6687, 0
12.709, 0.0668693, 10, 10.6687, 0
12.72, 0.0668693, 10, 10.6687, 0
12.73, 0.0668693, 10, 10.6687, 0
12.74, 0.0668693, 10, 10.6687, 0
12.75, 0.0668693, 10, 10.6687, 0
12.761, 0.0668693, 10, 10.6687, 0
12.771, 0.0668693, 10, 10.6687, 0
12.781, 0.0668693, 10, 10.6687, 0
12.791, 0.0668693, 10, 10.6687, 0
12.802, 0.0668693, 10, 10.6687, 0
12.812, 0.0668693, 10, 10.6687, 0
12.822, 0.0668693, 10, 10.6687, 0
12.833, 0.0668693, 10, 10.6687, 0
12.843, 0.0668693, 10, 10.6687, 0
12.853, 0.0668693, 10, 10.6687, 0
12.863, 0.0668693, 10, 10.6687, 0
12.874, 0.0668693, 10, 10.6687, 0
12.884, 0.0668693, 10, 10.6687, 0
12.894, 0.0668693, 10, 10.6687, 0
12.904, 0.0668693, 10, 10.6687, 0
12.914, 0.0668693, 10, 10.6687, 0
12.925, 0.0668693, 10, 10.6687, 0
12.935, 0.0668693, 10, 10.6687, 0
12.945, 0.0668693, 10, 10.6687, 0
12.955, 0.0668693, 10, 10.6687, 0
12.966, 0.0668693, 10, 10.6687, 0
12.976, 0.0668693, 10, 10.6687, 0
12.986, 0.0668693, 10, 10.6687, 0
12.996, 0.0668693, 10, 10.6687, 0
13.007, 0.0668693, 10, 10.6687, 0
13.017, 0.0668693, 10, 10.6687, 0
13.027, 0.0668693, 10, 10.6687, 0
13.037, 0.0668693, 10, 10.6687, 0
13.048, 0.0668693, 10, 10.6687, 0
13.058, 0.0668693, 10, 10.6687, 0
13.069, 0.0668693, 10, 10.6687, 0
13.079, 0.0668693, 10, 10.6687, 0
13.089, 0.0668693, 10, 10.6687, 0
13.099, 0.0668693, 10, 10.6687, 0
13.11, 0.0668693, 10, 10.6687, 0
13.12, 0.0668693, 10, 10.6687, 0
13.13, 0.0668693, 10, 10.6687, 0
13.14, 0.0668693, 10, 10.6687, 0
13.151, 0.0668693, 10, 10.6687, 0
13.161, 0.0668693, 10, 10.6687, 0
13.171, 0.0668693, 10, 10.6687, 0
13.181, 0.0668693, 10, 10.6687, 0
13.192, 0.0668693, 10, 10.6687, 0
13.202, 0.0668693, 10, 10.6687, 0
13.213, 0.0668693, 10, 10.6687, 0
13.223, 0.0668693, 10, 10.6687, 0
13.233, 0.0668693, 10, 10.6687, 0
13.243, 0.0668693, 10, 10.6687, 0
13.253, 0.0668693, 10, 10.6687, 0
13.264, 0.0668693, 10, 10.6687, 0
13.274, 0.0668693, 10, 10.6687, 0
13.284, 0.0668693, 10, 10.6687, 0
13.294, 0.0668693, 10, 10.6687, 0
13.305, 0.0668693, 10, 10.6687, 0
13.315, 0.0668693, 10, 10.6687, 0
13.325, 0.0668693, 10, 10.6687, 0
13.335, 0.0668693, 10, 10.6687, 0
13.346, 0.0668693, 10, 10.6687, 0
13.356, 0.0668693, 10, 10.6687, 0
13.366, 0.0668693, 10, 10.6687, 0
13.376, 0.0668693, 10, 10.6687, 0
13.386, 0.0668693, 10, 10.6687, 0
13.397, 0.0668693, 10, 10.6687, 0
13.407, 0.0668693, 10, 10.6687, 0
13.417, 0.0668693, 10, 10.6687, 0
13.427, 0.0668693, 10, 10.6687, 0
13.438, 0.0668693, 10, 10.6687, 0
13.448, 0.0668693, 10, 10.6687, 0
13.458, 0.0668693, 10, 10.6687, 0
13.468, 0.0668693, 10, 10.6687, 0
13.478, 0.0668693, 10, 10.6687, 0
13.489, 0.0668693, 10, 10.6687, 0
13.499, 0.0668693, 10, 10.6687, 0
13.509, 0.0668693, 10, 10.6687, 0
13.52, 0.0668693, 10, 10.6687, 0
13.53, 0.0668693, 10, 10.6687, 0
13.54, 0.0668693, 10, 10.6687, 0
13.551, 0.0668693, 10, 10.6687, 0
13.561, 0.0668693, 10, 10.6687, 0
13.571, 0.0668693, 10, 10.6687, 0
13.581, 0.0668693, 10, 10.6687, 0
13.592, 0.0668693, 10, 10.6687, 0
13.602, 0.0668693, 10, 10.6687, 0
13.612, 0.0668693, 10, 10.6687, 0
13.623, 0.0668693, 10, 10.6687, 0
13.633, 0.0668693, 10, 10.6687, 0
13.643, 0.0668693, 10, 10.6687, 0
13.655, 0.0668693, 10, 10.6687, 327220
13.665, 0.0668693, 10, 10.6687, 0
13.676, 0.0668693, 10, 10.6687, 0
13.686, 0.0531915, 10, 10.5319, 0
13.696, 0.0395137, 10, 10.3951, -3.62106
13.707, 0.0326748, 10, 10.3267, 0
13.717, 0.0258359, 10, 10.2584, 0
13.727, 0.0258359, 10, 10.2584, 0
13.737, 0.0258359, 10, 10.2584, 0
13.748, 0.0258359, 10, 10.2584, 0
13.758, 0.0258359, 10, 10.2584, 0
13.768, 0.0258359, 10, 10.2584, 0
13.779, 0.0258359, 10, 10.2584, 0
13.789, 0.0258359, 10, 10.2584, 0
13.799, 0.0258359, 10, 10.2584, 0
13.809, 0.0258359, 10, 10.2584, 0
13.82, 0.0258359, 10, 10.2584, 0
13.83, 0.0258359, 10, 10.2584, 0
13.84, 0.0258359, 10, 10.2584, 0
13.85, 0.0258359, 10, 10.2584, 0
13.861, 0.0258359, 10, 10.2584, 0
13.871, 0.0258359, 10, 10.2584, 0
13.881, 0.0258359, 10, 10.2584, 0
13.891, 0.0258359, 10, 10.2584, 0
13.901, 0.0258359, 10, 10.2584, 0
13.912, 0.0258359, 10, 10.2584, 0
13.923, 0.0258359, 10, 10.2584, 0
13.934, 0.0258359, 10, 10.2584, 0
13.944, 0.0258359, 10, 10.2584, 0
13.955, 0.0258359, 10, 10.2584, 0
13.965, 0.0258359, 10, 10.2584, 0
13.975, 0.0258359, 10, 10.2584, 0
13.986, 0.0258359, 10, 10.2584, 0
13.996, 0.0258359, 10, 10.2584, 0
14.006, 0.0258359, 10, 10.2584, 0
14.016, 0.0258359, 10, 10.2584, 0
14.026, 0.0258359, 10, 10.2584, 0
14.037, 0.0258359, 10, 10.2584, 0
14.047, 0.0258359, 10, 10.2584, 0
14.057, 0.0258359, 10, 10.2584, 0
14.067, 0.0258359, 10, 10.2584, 0
14.078, 0.0258359, 10, 10.2584, 0
14.088, 0.0258359, 10, 10.2584, 0
14.098, 0.0258359, 10, 10.2584, 0
14.108, 0.0258359, 10, 10.2584, 0
14.118, 0.0258359, 10, 10.2584, 0
14.129, 0.0258359, 10, 10.2584, 0
14.139, 0.0258359, 10, 10.2584, 0
14.149, 0.0258359, 10, 10.2584, 0
14.159, 0.0258359, 10, 10.2584, 0
14.17, 0.0258359, 10, 10.2584, 0
14.18, 0.0258359, 10, 10.2584, 0
14.19, 0.0258359, 10, 10.2584, 0
14.2, 0.0258359, 10, 10.2584, 0
14.211, 0.0258359, 10, 10.2584, 0
14.221, 0.0258359, 10, 10.2584, 0
14.231, 0.0258359, 10, 10.2584, 0
14.241, 0.0258359, 10, 10.2584, 0
14.252, 0.0258359, 10, 10.2584, 0
14.262, 0.0258359, 10, 10.2584, 0
14.272, 0.0258359, 10, 10.2584, 0
14.282, 0.0258359, 10, 10.2584, 0
14.292, 0.0258359, 10, 10.2584, 0
14.303, 0.0258359, 10, 10.2584, 0
14.313, 0.0258359, 10, 10.2584, 0
14.323, 0.0258359, 10, 10.2584, 0
14.333, 0.0258359, 10, 10.2584, 0
14.344, 0.0258359, 10, 10.2584, 0
14.355, 0.0258359, 10, 10.2584, 0
14.365, 0.0258359, 10, 10.2584, 0
14.375, 0.0258359, 10, 10.2584, 0
14.385, 0.0258359, 10, 10.2584, 0
14.396, 0.0258359, 10, 10.2584, 0
14.406, 0.0258359, 10, 10.2584, 0
14.416, 0.0258359, 10, 10.2584, 0
14.426, 0.0258359, 10, 10.2584, 0
14.436, 0.0258359, 10, 10.2584, 0
14.447, 0.0258359, 10, 10.2584, 0
14.457, 0.0258359, 10, 10.2584, 0
14.467, 0.0258359, 10, 10.2584, 0
14.478, 0.0258359, 10, 10.2584, 0
14.488, 0.0258359, 10, 10.2584, 0
14.498, 0.0258359, 10, 10.2584, 0
14.508, 0.0258359, 10, 10.2584, 0
14.519, 0.0258359, 10, 10.2584, 0
14.529, 0.0258359, 10, 10.2584, 0
14.539, 0.0258359, 10, 10.2584, 0
14.549, 0.0258359, 10, 10.2584, 0
14.56, 0.0258359, 10, 10.2584, 0
14.57, 0.0258359, 10, 10.2584, 0
14.58, 0.0258359, 10, 10.2584, 0
14.59, 0.0258359, 10, 10.2584, 0
14.601, 0.0258359, 10, 10.2584, 0
14.611, 0.0258359, 10, 10.2584, 0
14.621, 0.0258359, 10, 10.2584, 0
14.631, 0.0258359, 10, 10.2584, 0
14.642, 0.0258359, 10, 10.2584, 0
14.652, 0.0258359, 10, 10.2584, 0
14.663, 0.0258359, 10, 10.2584, 0
14.673, 0.0258359, 10, 10.2584, 0
14.683, 0.0258359, 10, 10.2584, 0
14.694, 0.0258359, 10, 10.2584, 0
14.704, 0.0258359, 10, 10.2584, 0
14.714, 0.0258359, 10, 10.2584, 0
14.724, 0.0258359, 10, 10.2584, 0
14.734, 0.0258359, 10, 10.2584, 0
14.745, 0.0258359, 10, 10.2584, 0
14.755, 0.0258359, 10, 10.2584, 0
14.765, 0.0258359, 10, 10.2584, 0
14.775, 0.0258359, 10, 10.2584, 0
14.786, 0.0258359, 10, 10.2584, 0
14.796, 0.0258359, 10, 10.2584, 0
14.806, 0.0258359, 10, 10.2584, 0
14.817, 0.0258359, 10, 10.2584, 0
14.827, 0.0258359, 10, 10.2584, 0
14.837, 0.0258359, 10, 10.2584, 0
14.847, 0.0258359, 10, 10.2584, 0
14.858, 0.0258359, 10, 10.2584, 0
14.868, 0.0258359, 10, 10.2584, 0
14.878, 0.0258359, 10, 10.2584, 0
14.888, 0.0258359, 10, 10.2584, 0
14.899, 0.0258359, 10, 10.2584, 0
14.909, 0.0258359, 10, 10.2584, 0
14.919, 0.0258359, 10, 10.2584, 0
14.93, 0.0258359, 10, 10.2584, 0
14.94, 0.0258359, 10, 10.2584, 0
14.95, 0.0258359, 10, 10.2584, 0
14.96, 0.0258359, 10, 10.2584, 0
14.971, 0.0258359, 10, 10.2584, 0
14.981, 0.0258359, 10, 10.2584, 0
14.991, 0.0258359, 10, 10.2584, 0
15.001, 0.0258359, 10, 10.2584, 0
15.012, 0.0258359, 10, 10.2584, 0
15.022, 0.0258359, 10, 10.2584, 0
15.032, 0.0258359, 10, 10.2584, 0
15.042, 0.0258359, 10, 10.2584, 0
15.053, 0.0258359, 10, 10.2584, 0
15.063, 0.0258359, 10, 10.2584, 0
15.074, 0.0258359, 10, 10.2584, 0
15.084, 0.0258359, 10, 10.2584, 0
15.095, 0.0258359, 10, 10.2584, 0
15.105, 0.0258359, 10, 10.2584, 0
15.115, 0.0258359, 10, 10.2584, 0
15.125, 0.0258359, 10, 10.2584, 0
15.136, 0.0258359, 10, 10.2584, 0
15.146, 0.0258359, 10, 10.2584, 0
15.156, 0.0258359, 10, 10.2584, 0
15.166, 0.0258359, 10, 10.2584, 0
15.177, 0.0258359, 10, 10.2584, 0
15.187, 0.0258359, 10, 10.2584, 0
15.197, 0.0258359, 10, 10.2584, 0
15.207, 0.0258359, 10, 10.2584, 0
15.217, 0.0258359, 10, 10.2584, 0
15.228, 0.0258359, 10, 10.2584, 0
15.238, 0.0258359, 10, 10.2584, 0
15.248, 0.0258359, 10, 10.2584, 0
15.259, 0.0258359, 10, 10.2584, 0
15.269, 0.0258359, 10, 10.2584, 0
15.279, 0.0258359, 10, 10.2584, 0
15.289, 0.0258359, 10, 10.2584, 0
15.3, 0.0258359, 10, 10.2584, 0
15.31, 0.0258359, 10, 10.2584, 0
15.32, 0.0258359, 10, 10.2584, 0
15.33, 0.0258359, 10, 10.2584, 0
15.341, 0.0258359, 10, 10.2584, 0
15.351, 0.0258359, 10, 10.2584, 0
15.361, 0.0258359, 10, 10.2584, 0
15.371, 0.0258359, 10, 10.2584, 0
15.382, 0.0258359, 10, 10.2584, 0
15.392, 0.0258359, 10, 10.2584, 0
15.402, 0.0258359, 10, 10.2584, 0
15.412, 0.0258359, 10, 10.2584, 0
15.423, 0.0258359, 10, 10.2584, 0
15.434, 0.0258359, 10, 10.2584, 0
15.444, 0.0258359, 10, 10.2584, 0
15.454, 0.0258359, 10, 10.2584, 0
15.465, 0.0258359, 10, 10.2584, 0
15.475, 0.0258359, 10, 10.2584, 0
15.485, 0.0258359, 10, 10.2584, 0
15.496, 0.0258359, 10, 10.2584, 0
15.506, 0.0258359, 10, 10.2584, 0
15.516, 0.0258359, 10, 10.2584, 0
15.526, 0.0258359, 10, 10.2584, 0
15.537, 0.0258359, 10, 10.2584, 0
15.547, 0.0258359, 10, 10.2584, 0
15.558, 0.0258359, 10, 10.2584, 0
15.568, 0.0258359, 10, 10.2584, 0
15.578, 0.0258359, 10, 10.2584, 0
15.589, 0.0258359, 10, 10.2584, 0
15.599, 0.0258359, 10, 10.2584, 0
15.609, 0.0258359, 10, 10.2584, 0
15.619, 0.0258359, 10, 10.2584, 0
15.63, 0.0258359, 10, 10.2584, 0
15.64, 0.0258359, 10, 10.2584, 0
15.65, 0.0258359, 10, 10.2584, 0
15.66, 0.0258359, 10, 10.2584, 0
15.671, 0.0258359, 10, 10.2584, 0
15.681, 0.0258359, 10, 10.2584, 0
15.691, 0.0258359, 10, 10.2584, 0
15.701, 0.0258359, 10, 10.2584, 0
15.711, 0.0258359, 10, 10.2584, 0
15.722, 0.0258359, 10, 10.2584, 0
15.732, 0.0258359, 10, 10.2584, 0
15.742, 0.0258359, 10, 10.2584, 0
15.753, 0.0258359, 10, 10.2584, 0
15.763, 0.0258359, 10, 10.2584, 0
15.774, 0.0258359, 10, 10.2584, 0
15.784, 0.0258359, 10, 10.2584, 0
15.794, 0.0258359, 10, 10.2584, 0
15.805, 0.0258359, 10, 10.2584, 0
15.815, 0.0258359, 10, 10.2584, 0
15.825, 0.0258359, 10, 10.2584, 0
15.835, 0.0258359, 10, 10.2584, 0
15.845, 0.0258359, 10, 10.2584, 0
15.856, 0.0258359, 10, 10.2584, 0
15.866, 0.0258359, 10, 10.2584, 0
15.876, 0.0258359, 10, 10.2584, 0
15.886, 0.0258359, 10, 10.2584, 0
15.896, 0.0258359, 10, 10.2584, 0
15.907, 0.0258359, 10, 10.2584, 0
15.917, 0.0258359, 10, 10.2584, 0
15.927, 0.0258359, 10, 10.2584, 0
15.937, 0.0258359, 10, 10.2584, 0
15.948, 0.0258359, 10, 10.2584, 0
15.958, 0.0258359, 10, 10.2584, 0
15.968, 0.0258359, 10, 10.2584, 0
15.978, 0.0258359, 10, 10.2584, 0
15.989, 0.0258359, 10, 10.2584, 0
15.999, 0.0258359, 10, 10.2584, 0
16.009, 0.0258359, 10, 10.2584, 0
16.02, 0.0258359, 10, 10.2584, 0
16.03, 0.0258359, 10, 10.2584, 0
16.04, 0.0258359, 10, 10.2584, 0
16.05, 0.0258359, 10, 10.2584, 0
16.06, 0.0258359, 10, 10.2584, 0
16.071, 0.0258359, 10, 10.2584, 0
16.081, 0.0258359, 10, 10.2584, 0
16.091, 0.0258359, 10, 10.2584, 0
16.101, 0.0258359, 10, 10.2584, 0
16.112, 0.0258359, 10, 10.2584, 0
16.122, 0.0258359, 10, 10.2584, 0
16.132, 0.0258359, 10, 10.2584, 0
16.143, 0.0258359, 10, 10.2584, 0
16.153, 0.0258359, 10, 10.2584, 0
16.163, 0.0258359, 10, 10.2584, 0
16.173, 0.0258359, 10, 10.2584, 0
16.184, 0.0258359, 10, 10.2584, 0
16.194, 0.0258359, 10, 10.2584, 0
16.204, 0.0258359, 10, 10.2584, 0
16.214, 0.0258359, 10, 10.2584, 0
16.225, 0.0258359, 10, 10.2584, 0
16.235, 0.0258359, 10, 10.2584, 0
16.245, 0.0258359, 10, 10.2584, 0
16.255, 0.0258359, 10, 10.2584, 0
16.266, 0.0258359, 10, 10.2584, 0
16.276, 0.0258359, 10, 10.2584, 0
16.287, 0.0258359, 10, 10.2584, 0
16.297, 0.0258359, 10, 10.2584, 0
16.307, 0.0258359, 10, 10.2584, 0
16.317, 0.0258359, 10, 10.2584, 0
16.328, 0.0258359, 10, 10.2584, 0
16.338, 0.0258359, 10, 10.2584, 0
16.348, 0.0258359, 10, 10.2584, 0
16.358, 0.0258359, 10, 10.2584, 0
16.369, 0.0258359, 10, 10.2584, 0
16.379, 0.0258359, 10, 10.2584, 0
16.389, 0.0258359, 10, 10.2584, 0
16.4, 0.0258359, 10, 10.2584, 0
16.41, 0.0258359, 10, 10.2584, 0
16.42, 0.0258359, 10, 10.2584, 0
16.43, 0.0258359, 10, 10.2584, 0
16.44, 0.0258359, 10, 10.2584, 0
16.451, 0.0258359, 10, 10.2584, 0
16.461, 0.0258359, 10, 10.2584, 0
16.471, 0.0258359, 10, 10.2584, 0
16.481, 0.0258359, 10, 10.2584, 0
16.492, 0.0258359, 10, 10.2584, 0
16.502, 0.0258359, 10, 10.2584, 0
16.513, 0.0258359, 10, 10.2584, 0
16.523, 0.0258359, 10, 10.2584, 0
16.533, 0.0258359, 10, 0, 0
16.544, 1, 10, 0, 0
16.555, 0.0258359, 10, 10.2584, 0
16.565, 0.0326748, 10, 10.4635, 0
16.575, 0.0668693, 10, 10.8055, 0
16.586, 0.0805471, 10, 10.8739, 0
16.596, 0.087386, 10, 10.8739, 0
16.606, 0.087386, 10, 10.8739, 0
16.617, 0.087386, 10, 10.8739, 0
16.628, 0.087386, 10, 10.8739, 0
16.638, 0.087386, 10, 10.8739, 0
16.648, 0.087386, 10, 10.8055, 0
16.658, 0.0805471, 10, 10.8055, 0
16.669, 0.0805471, 10, 10.8055, 0
16.679, 0.0805471, 10, 10.8055, 0
16.689, 0.0805471, 10, 10.7371, 0
16.699, 0.0737082, 10, 10.7371, 0
16.71, 0.0737082, 10, 10.7371, 0
16.72, 0.0737082, 10, 10.7371, 0
16.73, 0.0737082, 10, 10.7371, 0
16.74, 0.0737082, 10, 10.7371, 0
16.751, 0.0737082, 10, 10.7371, 0
16.761, 0.0737082, 10, 10.7371, 0
16.771, 0.0737082, 10, 10.7371, 0
16.781, 0.0737082, 10, 10.7371, 0
16.792, 0.0737082, 10, 10.6687, 0
16.802, 0.0668693, 10, 10.6687, 0
16.812, 0.0668693, 10, 10.6687, 0
16.822, 0.0668693, 10, 10.6687, 0
16.832, 0.0668693, 10, 10.6687, 0
16.843, 0.0668693, 10, 10.6687, 0
16.853, 0.0668693, 10, 10.6687, 0
16.863, 0.0668693, 10, 10.6687, 0
16.874, 0.0668693, 10, 10.6687, 0
16.884, 0.0668693, 10, 10.6687, 0
16.894, 0.0668693, 10, 10.6687, 0
16.905, 0.0668693, 10, 10.6687, 0
16.915, 0.0668693, 10, 10.6687, 0
16.925, 0.0668693, 10, 10.6687, 0
16.935, 0.0668693, 10, 10.6687, 0
16.946, 0.0668693, 10, 10.6687, 0
16.956, 0.0668693, 10, 10.6687, 0
16.966, 0.0668693, 10, 10.6687, 0
16.976, 0.0668693, 10, 10.6687, 0
16.987, 0.0668693, 10, 10.6687, 0
16.997, 0.0668693, 10, 10.6687, 0
17.007, 0.0668693, 10, 10.6687, 0
17.017, 0.0668693, 10, 10.6687, 0
17.028, 0.0668693, 10, 10.6687, 0
17.038, 0.0668693, 10, 10.6687, 0
17.048, 0.0668693, 10, 10.6687, 0
17.059, 0.0668693, 10, 10.6687, 0
17.069, 0.0668693, 10, 10.6687, 0
17.079, 0.0668693, 10, 10.6687, 0
17.09, 0.0668693, 10, 10.6687, 0
17.101, 0.0668693, 10, 10.6687, 0
17.111, 0.0668693, 10, 10.6687, 0
17.121, 0.0668693, 10, 10.6687, 0
17.132, 0.0668693, 10, 10.6687, -32928.1
17.142, 1, 10, 0, 0
17.152, 1, 10, 0, 0
17.163, 1, 10, 0, 0
17.173, 1, 10, 0, 0
17.184, 1, 10, 0, 0
17.194, 1, 10, 0, 0
17.204, 1, 10, 0, 0
17.214, 1, 10, 0, 0
17.224, 1, 10, 0, 0
17.235, 1, 10, 0, 0
17.245, 1, 10, 0, 0
17.255, 1, 10, 0, 0
17.265, 1, 10, 0, 0
17.276, 1, 10, 0, 0
17.286, 1, 10, 0, 0
17.296, 1, 10, 0, 0
17.307, 1, 10, 0, 0
17.317, 1, 10, 0, 0
17.327, 1, 10, 0, 0
17.337, 1, 10, 0, 0
17.348, 1, 10, 0, 0
17.358, 1, 10, 0, 0
17.368, 1, 10, 0, 0
17.378, 1, 10, 0, 0
17.389, 1, 10, 0, 0
17.399, 1, 10, 0, 0
17.409, 1, 10, 0, 0
17.419, 1, 10, 0, 0
17.43, 1, 10, 0, 0
17.44, 1, 10, 0, 0
17.45, 1, 10, 0, 0
17.46, 1, 10, 0, 0
17.471, 1, 10, 0, 0
17.481, 1, 10, 0, 0
17.491, 1, 10, 0, 0
17.502, 1, 10, 0, 0
17.512, 1, 10, 0, 0
17.522, 1, 10, 0, 0
17.532, 1, 10, 0, 0
17.543, 1, 10, 35.0836, 0
17.553, 1, 10, 35.7675, 0
17.563, 1, 10, 36.4514, 0
17.573, 1, 10, 36.3146, 0
17.584, 1, 10, 35.7675, 0
17.595, 1, 10, 35.4255, -1878.82
17.605, 1, 10, 34.7416, -599.904
17.615, 1, 10, 33.8526, 0
17.626, 1, 10, 33.0319, 0
17.636, 1, 10, 32.1429, 0
17.646, 1, 10, 31.7325, 0
17.657, 1, 10, 30.9119, 0
17.667, 1, 10, 30.0228, 0
17.677, 1, 10, 29.5441, 0
17.688, 1, 10, 28.9286, 0
17.698, 1, 10, 28.2447, 0
17.708, 1, 10, 27.4924, 0
17.718, 1, 10, 27.0821, 0
17.729, 1, 10, 26.3298, 0
17.739, 1, 10, 25.5091, 0
17.749, 1, 10, 24.6884, 0
17.759, 1, 10, 23.8678, 0
17.769, 1, 10, 23.4574, 0
17.78, 1, 10, 22.5684, 0
17.79, 1, 10, 21.7477, 0
17.8, 1, 10, 20.8587, 0
17.81, 1, 10, 19.9696, 0
17.821, 0.955927, 10, 19.5593, 0
17.831, 0.901216, 10, 19.0122, 0
17.841, 0.87386, 10, 18.2599, 0
17.852, 0.791793, 10, 17.8495, 0
17.862, 0.709726, 10, 17.0973, 0
17.872, 1, 10, 16.2766, 0
17.883, 0.552432, 10, 15.5243, 0
17.893, 0.490881, 10, 14.9088, 0
17.903, 0.463526, 10, 14.6353, 0
17.913, 0.43617, 10, 14.3617, 0
17.924, 0.401976, 10, 14.0198, 0
17.934, 0.360942, 10, 13.6094, 0
17.944, 0.347264, 10, 13.2675, 0
17.955, 0.306231, 10, 13.0623, 0
17.965, 0.272036, 10, 12.7204, -34.198
17.975, 0.244681, 10, 12.4468, 0
17.985, 0.217325, 10, 12.1733, 0
17.995, 0.203647, 10, 12.0365, 0
18.006, 0.183131, 10, 11.8313, 0
18.016, 0.183131, 10, 11.8313, 0
18.026, 0.183131, 10, 11.8313, 0
18.036, 0.176292, 10, 11.7629, 0
18.047, 0.169453, 10, 11.6261, 0
18.057, 0.155775, 10, 11.5578, 0
18.067, 0.148936, 10, 11.4894, 0
18.077, 0.142097, 10, 11.421, 0
18.088, 0.135258, 10, 11.3526, 0
18.098, 0.121581, 10, 11.2158, 0
18.108, 0.114742, 10, 11.1474, 0
18.118, 0.107903, 10, 11.079, 0
18.128, 0.101064, 10, 11.0106, 0
18.139, 0.0942249, 10, 10.9422, 0
18.149, 0.087386, 10, 10.8739, 0
18.159, 0.0805471, 10, 10.8055, 0
18.169, 0.0805471, 10, 10.8055, 0
18.18, 0.0805471, 10, 10.8055, 0
18.19, 0.0737082, 10, 10.7371, 0
18.201, 0.0737082, 10, 10.7371, 0
18.211, 0.0737082, 10, 10.7371, 0
18.222, 0.0737082, 10, 10.7371, 0
18.232, 0.0737082, 10, 10.7371, 0
18.242, 0.0737082, 10, 10.7371, 0
18.253, 0.0737082, 10, 10.7371, 0
18.263, 0.0737082, 10, 10.7371, 0
18.273, 0.0737082, 10, 10.7371, 0
18.283, 0.0737082, 10, 10.7371, 0
18.294, 0.0737082, 10, 10.7371, 0
18.304, 0.0737082, 10, 10.7371, 0
18.314, 0.0737082, 10, 10.7371, 0
18.324, 0.0737082, 10, 10.7371, 0
18.334, 0.0737082, 10, 10.7371, 0
18.345, 0.0737082, 10, 10.7371, 0
18.355, 0.0737082, 10, 10.7371, 0
18.365, 0.0737082, 10, 10.7371, 0
18.376, 0.0737082, 10, 10.7371, 0
18.386, 0.0737082, 10, 10.7371, 0
18.396, 0.0737082, 10, 10.7371, 0
18.407, 0.0737082, 10, 10.7371, 0
18.417, 0.0737082, 10, 10.7371, 0
18.427, 0.0737082, 10, 10.7371, 0
18.438, 0.0737082, 10, 10.7371, 0
18.448, 0.0737082, 10, 10.7371, 0
18.458, 0.0737082, 10, 10.7371, 0
18.469, 0.0737082, 10, 10.7371, 0
18.479, 0.0737082, 10, 10.7371, 0
18.49, 0.0737082, 10, 10.7371, 0
18.5, 0.0737082, 10, 10.7371, 0
18.51, 0.0737082, 10, 10.7371, 0
18.52, 0.0737082, 10, 10.7371, 0
18.531, 0.0737082, 10, 10.7371, 0
18.541, 0.0737082, 10, 10.7371, 0
18.551, 0.0737082, 10, 10.7371, 0
18.562, 0.0737082, 10, 10.7371, 0
18.572, 0.0737082, 10, 10.7371, 0
18.582, 0.0737082, 10, 10.7371, 0
18.592, 0.0737082, 10, 10.7371, 0
18.603, 0.0737082, 10, 10.7371, 0
18.613, 0.0737082, 10, 10.7371, 0
18.623, 0.0737082, 10, 10.7371, 0
18.633, 0.0737082, 10, 10.7371, 0
18.643, 0.0737082, 10, 10.7371, 0
18.654, 0.0737082, 10, 10.7371, 0
18.664, 0.0737082, 10, 10.7371, 0
18.674, 0.0737082, 10, 10.7371, 0
18.685, 0.0737082, 10, 10.7371, 0
18.695, 0.0737082, 10, 10.7371, 0
18.705, 0.0737082, 10, 10.7371, 0
18.715, 0.0737082, 10, 10.7371, 0
18.725, 0.0737082, 10, 10.7371, 0
18.736, 0.0737082, 10, 10.7371, 0
18.746, 0.0737082, 10, 10.7371, 0
18.756, 0.0737082, 10, 10.7371, 0
18.766, 0.0737082, 10, 10.7371, 0
18.777, 0.0737082, 10, 10.7371, 0
18.788, 0.0737082, 10, 10.7371, 0
18.798, 0.0737082, 10, 10.7371, 0
18.808, 0.0737082, 10, 10.7371, 0
18.818, 0.0737082, 10, 10.7371, 0
18.829, 0.0737082, 10, 10.7371, 0
18.839, 0.0737082, 10, 10.7371, 0
18.849, 0.0737082, 10, 10.7371, 0
18.859, 0.0737082, 10, 10.7371, 0
18.87, 0.0737082, 10, 10.7371, 0
18.88, 0.0737082, 10, 10.7371, 0
18.89, 0.0737082, 10, 10.7371, 0
18.901, 0.0737082, 10, 10.7371, 0
18.911, 0.0737082, 10, 10.7371, 0
18.921, 0.0737082, 10, 10.7371, 0
18.931, 0.0737082, 10, 10.7371, 0
18.941, 0.0737082, 10, 10.7371, 0
18.952, 0.0737082, 10, 10.7371, 0
18.962, 0.0737082, 10, 10.7371, 0
18.972, 0.0737082, 10, 10.7371, 0
18.982, 0.0737082, 10, 10.7371, 0
18.992, 0.0737082, 10, 10.7371, 0
19.003, 0.0737082, 10, 10.7371, 0
19.013, 0.0737082, 10, 10.7371, 0
19.023, 0.0737082, 10, 10.7371, 0
19.033, 0.0737082, 10, 10.7371, 0
19.044, 0.0737082, 10, 10.7371, 0
19.054, 0.0737082, 10, 10.7371, 0
19.064, 0.0737082, 10, 10.7371, 0
19.074, 0.0737082, 10, 10.7371, 0
19.085, 0.0737082, 10, 10.7371, 0
19.095, 0.0737082, 10, 10.7371, 0
19.105, 0.0737082, 10, 10.7371, 0
19.116, 0.0737082, 10, 10.7371, 0
19.126, 0.0737082, 10, 10.7371, 0
19.136, 0.0737082, 10, 10.7371, 0
19.146, 0.0737082, 10, 10.7371, 0
19.156, 0.0737082, 10, 10.7371, 0
19.167, 0.0737082, 10, 10.7371, 0
19.177, 0.0737082, 10, 10.7371, 0
19.187, 0.0737082, 10, 10.7371, 0
19.197, 0.0737082, 10, 10.7371, 0
19.208, 0.0737082, 10, 10.7371, 0
19.218, 0.0737082, 10, 10.7371, 0
19.228, 0.0737082, 10, 10.7371, 0
19.238, 0.0737082, 10, 10.7371, 0
19.249, 0.0737082, 10, 10.7371, 0
19.259, 0.0737082, 10, 10.7371, 0
19.269, 0.0737082, 10, 10.7371, 0
19.279, 0.0737082, 10, 10.7371, 0
19.29, 0.0737082, 10, 10.7371, 0
19.3, 0.0737082, 10, 10.7371, 0
19.31, 0.0737082, 10, 10.7371, 0
19.321, 0.0737082, 10, 10.7371, 0
19.331, 0.0737082, 10, 10.7371, 0
19.341, 0.0737082, 10, 10.7371, 0
19.351, 0.0737082, 10, 10.7371, 0
19.361, 0.0737082, 10, 10.7371, 0
19.372, 0.0737082, 10, 10.7371, 0
19.382, 0.0737082, 10, 10.7371, 0
19.392, 0.0737082, 10, 10.7371, 0
19.402, 0.0737082, 10, 10.7371, 0
19.413, 0.0737082, 10, 10.7371, 0
19.423, 0.0737082, 10, 10.7371, 0
19.433, 0.0737082, 10, 10.7371, 0
19.443, 0.0737082, 10, 10.7371, 0
19.454, 0.0737082, 10, 10.7371, 0
19.464, 0.0737082, 10, 10.7371, 0
19.474, 0.0737082, 10, 10.7371, 0
19.484, 0.0737082, 10, 10.7371, 0
19.495, 0.0737082, 10, 10.7371, 0
19.505, 0.0737082, 10, 10.7371, 0
19.515, 0.0737082, 10, 10.7371, 0
19.525, 0.0737082, 10, 10.7371, 0
19.536, 0.0737082, 10, 10.7371, 0
19.546, 0.0737082, 10, 10.7371, 0
19.557, 0.0737082, 10, 10.7371, 0
19.567, 0.0737082, 10, 10.7371, 0
19.577, 0.0737082, 10, 10.7371, 0
19.588, 0.0737082, 10, 10.7371, 0
19.598, 0.0737082, 10, 10.7371, 0
19.608, 0.0737082, 10, 10.7371, 0
19.618, 0.0737082, 10, 10.7371, 0
19.629, 0.0737082, 10, 10.7371, 0
19.639, 0.0737082, 10, 10.7371, 0
19.649, 0.0737082, 10, 10.7371, 0
19.659, 0.0737082, 10, 10.7371, 0
19.67, 0.0737082, 10, 10.7371, 0
19.68, 0.0737082, 10, 10.7371, 0
19.69, 0.0737082, 10, 10.7371, 0
19.7, 0.0737082, 10, 10.7371, 0
19.711, 0.0737082, 10, 10.7371, 0
19.721, 0.0737082, 10, 10.7371, 0
19.731, 0.0737082, 10, 10.7371, 0
19.742, 0.0737082, 10, 10.7371, 0
19.752, 0.0737082, 10, 10.7371, 0
19.762, 0.0737082, 10, 10.7371, 0
19.772, 0.0737082, 10, 10.7371, 0
19.782, 0.0737082, 10, 10.7371, 0
19.793, 0.0737082, 10, 10.7371, 0
19.803, 0.0737082, 10, 10.7371, 0
19.813, 0.0737082, 10, 10.7371, 0
19.823, 0.0737082, 10, 10.7371, 0
19.834, 0.0737082, 10, 10.7371, 0
19.844, 0.0737082, 10, 10.7371, 0
19.854, 0.0737082, 10, 10.7371, 1.07371e+07
19.865, 0.0737082, 10, 10.7371, 0
19.875, 0.0737082, 10, 10.7371, 0
19.885, 0.0737082, 10, 10.7371, 0
19.895, 0.0737082, 10, 10.7371, 0
19.906, 0.0737082, 10, 10.7371, 0
19.916, 0.0737082, 10, 10.7371, 0
19.926, 0.0737082, 10, 10.7371, 0
19.936, 0.0737082, 10, 10.7371, 0
19.946, 0.0737082, 10, 10.7371, 0
19.957, 0.0737082, 10, 10.7371, 0
19.967, 0.0737082, 10, 10.7371, 0
19.977, 0.0737082, 10, 10.7371, 0
19.987, 0.0737082, 10, 10.7371, 0
19.998, 0.0737082, 10, 10.7371, 0
20.008, 0.0737082, 10, 10.7371, 0
20.018, 0.0737082, 10, 10.7371, 0
20.028, 0.0737082, 10, 10.7371, 0
20.039, 0.0737082, 10, 10.7371, 0
20.049, 0.0737082, 10, 10.7371, 0
20.06, 0.0737082, 10, 10.7371, 0
20.07, 0.0737082, 10, 10.7371, 0
20.08, 0.0737082, 10, 10.7371, 0
20.09, 0.0737082, 10, 10.7371, 0
20.101, 0.0737082, 10, 10.7371, 0
20.111, 0.0737082, 10, 10.7371, 0
20.121, 0.0737082, 10, 10.7371, 0
20.131, 0.0737082, 10, 10.7371, 0
20.142, 0.0737082, 10, 10.7371, 0
20.152, 0.0737082, 10, 10.7371, 0
20.163, 0.0737082, 10, 10.7371, 0
20.173, 0.0737082, 10, 10.7371, 0
20.184, 0.0737082, 10, 10.7371, 0
20.194, 0.0737082, 10, 10.7371, 0
20.204, 0.0737082, 10, 10.7371, 0
20.215, 0.0737082, 10, 10.7371, 0
20.225, 0.0737082, 10, 10.7371, 0
20.235, 0.0737082, 10, 10.7371, 0
20.245, 0.0737082, 10, 10.7371, 0
20.256, 0.0737082, 10, 10.7371, 0
20.266, 0.0737082, 10, 10.7371, 0
20.276, 0.0737082, 10, 10.7371, 0
20.287, 0.0737082, 10, 10.7371, 0
20.297, 0.0737082, 10, 10.7371, 0
20.307, 0.0737082, 10, 10.7371, 0
20.318, 0.0737082, 10, 10.7371, 0
20.328, 0.0737082, 10, 10.7371, 0
20.338, 0.0737082, 10, 10.7371, 0
20.349, 0.0737082, 10, 10.7371, 0
20.359, 0.0737082, 10, 10.7371, 0
20.369, 0.0737082, 10, 10.7371, 0
20.379, 0.0737082, 10, 10.7371, 0
20.39, 0.0737082, 10, 10.7371, 0
20.4, 0.0737082, 10, 10.7371, 0
20.41, 0.0737082, 10, 10.7371, 0
20.42, 0.0737082, 10, 10.7371, 0
20.43, 0.0737082, 10, 10.7371, 0
20.441, 0.0737082, 10, 10.7371, 0
20.451, 0.0737082, 10, 10.7371, 0
20.461, 0.0737082, 10, 10.7371, 0
20.471, 0.0737082, 10, 10.7371, 0
20.482, 0.0737082, 10, 10.7371, 0
20.492, 0.0737082, 10, 10.7371, 0
20.503, 0.0737082, 10, 10.7371, 0
20.513, 0.0737082, 10, 10.7371, 0
20.523, 0.0737082, 10, 10.7371, 0
20.533, 0.0737082, 10, 10.7371, 0
20.544, 0.0737082, 10, 10.7371, 0
20.554, 0.0737082, 10, 10.7371, 0
20.564, 0.0737082, 10, 10.7371, 0
20.574, 0.0737082, 10, 10.7371, 0
20.585, 0.0737082, 10, 10.7371, 0
20.595, 0.0737082, 10, 10.7371, 0
20.606, 0.0737082, 10, 10.7371, 0
20.616, 0.0737082, 10, 10.7371, 0
20.626, 0.0737082, 10, 10.7371, 0
20.637, 0.0737082, 10, 10.7371, 0
20.647, 0.0737082, 10, 10.7371, 0
20.657, 0.0737082, 10, 10.7371, 0
20.667, 0.0737082, 10, 10.7371, 0
20.678, 0.0737082, 10, 10.7371, 0
20.688, 0.0737082, 10, 10.7371, 0
20.698, 0.0737082, 10, 10.7371, 0
20.709, 0.0737082, 10, 10.7371, 0
20.719, 0.0737082, 10, 10.7371, 0
20.729, 0.0737082, 10, 10.7371, 0
20.74, 0.0737082, 10, 10.7371, 0
20.75, 0.0737082, 10, 10.7371, 0
20.76, 0.0737082, 10, 10.7371, 0
20.77, 0.0737082, 10, 10.7371, 0
20.78, 0.0737082, 10, 10.7371, 0
20.791, 0.0737082, 10, 10.7371, 0
20.801, 0.0737082, 10, 10.7371, 0
20.811, 0.0737082, 10, 10.7371, 0
20.822, 0.0737082, 10, 10.7371, 0
20.832, 0.0737082, 10, 10.7371, 0
20.842, 0.0737082, 10, 10.7371, 0
20.852, 0.0737082, 10, 10.7371, 0
20.863, 0.0737082, 10, 10.7371, 0
20.873, 0.0737082, 10, 10.7371, 0
20.883, 0.0737082, 10, 10.7371, 0
20.893, 0.0737082, 10, 10.7371, 0
20.904, 0.0737082, 10, 10.7371, 0
20.914, 0.0737082, 10, 10.7371, 0
20.924, 0.0737082, 10, 10.7371, 0
20.935, 0.0737082, 10, 10.7371, 0
20.945, 0.0737082, 10, 10.7371, 0
20.955, 0.0737082, 10, 10.7371, 0
20.966, 0.0737082, 10, 10.7371, 0
20.976, 0.0737082, 10, 10.7371, 0
20.986, 0.0737082, 10, 10.7371, 0
20.996, 0.0737082, 10, 10.7371, 0
21.006, 0.0737082, 10, 10.7371, 0
21.017, 0.0737082, 10, 10.7371, 0
21.027, 0.0737082, 10, 10.7371, 0
21.037, 0.0737082, 10, 10.7371, 0
21.047, 0.0737082, 10, 10.7371, 0
21.057, 0.0737082, 10, 10.7371, 0
21.068, 0.0737082, 10, 10.7371, 0
21.078, 0.0737082, 10, 10.7371, -84544
21.088, 1, 10, 0, 0
21.099, 1, 10, 0, 0
21.109, 1, 10, 0, 0
21.119, 1, 10, 0, 0
21.129, 1, 10, 0, 0
21.14, 1, 10, 0, 0
21.15, 1, 10, 0, 0
21.161, 1, 10, 0, 0
21.171, 1, 10, 0, 0
21.182, 1, 10, 0, 0
21.192, 1, 10, 0, 0
21.202, 1, 10, 0, 0
21.212, 1, 10, 0, 0
21.223, 1, 10, 0, 0
21.233, 1, 10, 0, 0
21.243, 1, 10, 0, 0
21.253, 1, 10, 0, 0
21.264, 1, 10, 0, 0
21.274, 1, 10, 0, 0
21.284, 1, 10, 0, 0
21.294, 1, 10, 0, 0
21.304, 1, 10, 0, 0
21.315, 1, 10, 0, 0
21.325, 1, 10, 0, 0
21.335, 1, 10, 0, 0
21.346, 1, 10, 0, 0
21.356, 1, 10, 0, 0
21.366, 1, 10, 0, 0
21.377, 1, 10, 0, 0
21.387, 1, 10, 0, 0
21.397, 1, 10, 0, 0
21.407, 1, 10, 0, 0
21.417, 1, 10, 0, 0
21.428, 1, 10, 0, 0
21.438, 1, 10, 0, 0
21.448, 1, 10, 0, 0
21.459, 1, 10, 0, 0
21.469, 1, 10, 0, 0
21.48, 1, 10, 0, 0
21.49, 1, 10, 0, 0
21.5, 1, 10, 0, 0
21.51, 1, 10, 0, 0
21.52, 1, 10, 0, 0
21.531, 1, 10, 0, 0
21.541, 1, 10, 0, 0
21.551, 1, 10, 0, 0
21.562, 1, 10, 0, 0
21.573, 1, 10, 0, 0
21.583, 1, 10, 0, 0
21.593, 1, 10, 0, 0
21.603, 1, 10, 0, 0
21.613, 1, 10, 0, 0
21.624, 1, 10, 0, 0
21.634, 1, 10, 0, 0
21.644, 1, 10, 0, 0
21.654, 1, 10, 0, 0
21.665, 1, 10, 0, 0
21.675, 1, 10, 0, 0
21.685, 1, 10, 0, 0
21.695, 1, 10, 0, 0
21.706, 1, 10, 0, 0
21.716, 1, 10, 0, 0
21.727, 1, 10, 0, 0
21.737, 1, 10, 0, 0
21.747, 1, 10, 0, 0
21.757, 1, 10, 0, 0
21.767, 1, 10, 0, 0
21.778, 1, 10, 0, 0
21.788, 1, 10, 0, 0
21.798, 1, 10, 0, 0
21.808, 1, 10, 0, 0
21.819, 1, 10, 0, 0
21.829, 1, 10, 0, 0
21.839, 1, 10, 0, 0
21.849, 1, 10, 0, 0
21.86, 1, 10, 0, 0
21.87, 1, 10, 0, 0
21.881, 1, 10, 0, 0
21.891, 1, 10, 0, 0
21.902, 1, 10, 0, 0
21.912, 1, 10, 0, 0
21.922, 1, 10, 0, 0
21.932, 1, 10, 0, 0
21.942, 1, 10, 0, 0
21.953, 1, 10, 0, 0
21.963, 1, 10, 0, 0
21.973, 1, 10, 0, 0
21.984, 1, 10, 0, 0
21.994, 1, 10, 0, 0
22.004, 1, 10, 0, 0
22.015, 1, 10, 0, 0
22.025, 1, 10, 0, 0
22.035, 1, 10, 0, 0
22.046, 1, 10, 0, 0
22.056, 1, 10, 0, 0
22.067, 1, 10, 0, 0
22.077, 1, 10, 0, 0
22.087, 1, 10, 0, 0
22.098, 1, 10, 0, 0
22.108, 1, 10, 0, 0
22.118, 1, 10, 0, 0
22.128, 1, 10, 0, 0
22.138, 1, 10, 0, 0
22.149, 1, 10, 0, 0
22.159, 1, 10, 0, 0
22.169, 1, 10, 0, 0
22.179, 1, 10, 0, 0
22.19, 1, 10, 0, 0
22.2, 1, 10, 0, 0
22.211, 1, 10, 0, 0
22.221, 1, 10, 0, 0
22.231, 1, 10, 0, 0
22.241, 1, 10, 0, 0
22.252, 1, 10, 0, 0
22.262, 1, 10, 0, 0
22.272, 1, 10, 0, 0
22.282, 1, 10, 0, 0
22.293, 1, 10, 0, 0
22.303, 1, 10, 0, 0
22.313, 1, 10, 0, 0
22.323, 1, 10, 0, 0
22.334, 1, 10, 0, 0
22.344, 1, 10, 0, 0
22.354, 1, 10, 0, 0
22.364, 1, 10, 0, 0
22.375, 1, 10, 0, 0
22.385, 1, 10, 0, 0
22.395, 1, 10, 0, 0
22.405, 1, 10, 0, 0
22.416, 1, 10, 0, 0
22.426, 1, 10, 0, 0
22.436, 1, 10, 0, 0
22.446, 1, 10, 0, 0
22.457, 1, 10, 0, 0
22.467, 1, 10, 0, 0
22.477, 1, 10, 0, 0
22.487, 1, 10, 0, 0
22.497, 1, 10, 0, 0
22.508, 1, 10, 0, 0
22.518, 1, 10, 0, 0
22.528, 1, 10, 0, 0
22.538, 1, 10, 0, 0
22.548, 1, 10, 0, 0
22.559, 1, 10, 0, 0
22.569, 1, 10, 0, 0
22.579, 1, 10, 0, 0
22.59, 1, 10, 0, 0
22.6, 1, 10, 0, 451368
22.61, 1, 10, 63.807, 0
22.621, 1, 10, 63.807, 0
22.631, 1, 10, 63.807, 0
22.641, 1, 10, 63.5334, 0
22.651, 1, 10, 62.9863, -8045.77
22.661, 1, 10, 62.5076, 0
22.672, 1, 10, 61.7553, 0
22.682, 1, 10, 61.6869, 0
22.692, 1, 10, 61.9605, 0
22.702, 1, 10, 62.1657, 0
22.713, 1, 10, 62.4392, 0
22.723, 1, 10, 62.0973, 0
22.733, 1, 10, 61.4818, -3256.62
22.743, 1, 10, 61.4134, 0
22.753, 1, 10, 60.5927, -13026.5
