0, 0, 0, 0, 0
0.014, 1, 360, 0.0683891, 26.1826
0.03, 1, 360, 0.683891, 55.4206
0.043, 1, 360, 1.50456, 122.451
0.057, 1, 360, 2.39362, 73.3002
0.07, 1, 360, 3.48784, 54.8429
0.084, 1, 360, 4.51368, 78.9165
0.107, 1, 360, 6.70213, 69.1322
0.129, 1, 360, 8.06991, 82.1786
0.147, 1, 360, 9.77964, 78.9408
0.166, 1, 360, 11.421, 205.373
0.185, 1, 360, 12.5152, 72.8318
0.201, 1, 360, 13.8146, 89.5927
0.216, 1, 360, 14.4985, 61.723
0.229, 1, 360, 16.0714, 94.0271
0.244, 1, 360, 17.6444, 94.1566
0.267, 1, 360, 19.5593, -36773.5
0.285, 1, 360, 20.9271, 74.1586
0.308, 1, 360, 22.7052, 106.442
0.329, 1, 360, 24.4149, 47.6579
0.348, 1, 360, 26.0562, 69.9453
0.37, 1, 360, 27.8343, 75.252
0.398, 1, 360, 29.6809, 89.6514
0.416, 1, 360, 31.5274, 130.017
0.438, 1, 360, 33.3055, -34.0413
0.46, 1, 360, 34.7416, 71.3724
0.479, 1, 360, 36.5881, 88.7401
0.5, 1, 360, 38.0927, 119.876
0.516, 1, 360, 39.1869, 60.9347
0.533, 1, 360, 40.6231, 81.4932
0.552, 1, 360, 42.0593, 82.936
0.571, 1, 360, 43.5638, 60.8714
0.585, 1, 360, 45.1368, 69.5718
0.607, 1, 360, 46.5729, 128.31
0.623, 1, 360, 46.8465, 87.6783
0.644, 1, 360, 49.8556, 74.5385
0.664, 1, 360, 51.2918, 71.2089
0.685, 1, 360, 53.1383, 91.3072
0.705, 1, 360, 54.7112, 104.252
0.729, 1, 360, 1.64134, 25056.2
0.744, 1, 360, 57.5152, 46.6501
0.758, 1, 360, 58.6094, 59.4946
0.772, 1, 360, 59.772, 62.2284
0.788, 1, 360, 60.9347, 0
0.801, 1, 360, 62.3024, 81.7464
0.823, 1, 360, 63.807, 61.501
0.838, 1, 360, 65.3116, 92.6263
0.857, 1, 360, 66.8845, 61.6118
0.875, 1, 360, 68.3207, 67.6985
0.913, 1, 360, 71.3298, 86.605
0.933, 1, 360, 72.6976, 48.3999
0.95, 1, 360, 74.2021, 68.6086
0.971, 1, 360, 75.6383, 82.9763
0.989, 1, 360, 77.4848, 279.139
1.011, 1, 360, 79.2629, 69.454
1.032, 1, 360, 80.6991, 71.7769
1.052, 1, 360, 82.2036, 89.2808
1.067, 1, 360, 83.7766, 0
1.085, 1, 360, 84.8708, 60.3877
1.099, 1, 360, 85.965, 123.669
1.113, 1, 360, 87.0593, 0
1.127, 1, 360, 88.1535, 0
1.141, 1, 360, 89.3845, 92.501
1.157, 1, 360, 90.5471, 35.1615
1.171, 1, 360, 91.6413, 94.2647
1.19, 1, 360, 93.1459, 90.9026
1.204, 1, 360, 94.4453, 90.4418
1.223, 1, 360, 96.155, 95.783
1.246, 1, 360, 96.7021, 32501.3
1.26, 1, 360, 98.8222, 31.1426
1.273, 1, 360, 100.258, 67.7455
1.293, 1, 360, 101.763, 121.15
1.309, 1, 360, 103.199, 350.713
1.333, 1, 360, 106.003, -184.608
1.387, 1, 360, 109.491, 58.4522
1.405, 1, 360, 110.927, 0
1.428, 1, 360, 112.363, 70.3591
1.445, 1, 360, 113.868, 105.029
1.464, 1, 360, 115.714, 106.194
1.485, 1, 360, 117.014, 0
1.499, 1, 360, 118.04, 116.407
1.511, 1, 360, 119.134, 123.335
1.526, 1, 360, 120.228, 59.4171
1.538, 1, 360, 121.459, 65.8062
1.559, 1, 360, 123.237, 91.3885
1.578, 1, 360, 123.442, 0
1.598, 1, 360, 126.315, 74.4168
1.618, 1, 360, 127.819, 59.2626
1.635, 1, 360, 129.05, 120.9
1.657, 1, 360, 131.717, 75.8711
1.693, 1, 360, 132.812, -66030.8
1.72, 1, 360, 0, 60970.8
1.733, 1, 360, 137.12, 175.507
1.749, 1, 360, 138.556, 91.5925
1.771, 1, 360, 140.403, 118.048
1.79, 1, 360, 141.907, 71.7017
1.813, 1, 360, 143.822, 88.0546
1.832, 1, 360, 145.395, 103.515
1.852, 1, 360, 146.831, 116.904
1.868, 1, 360, 148.267, 72.4
1.891, 1, 360, 150.114, 121.906
1.909, 1, 360, 151.55, 73.1173
1.933, 1, 360, 153.397, 122.616
1.956, 1, 360, 155.175, 94.5907
1.976, 1, 360, 157.021, 122.891
1.999, 1, 360, 158.731, 92.3552
2.021, 1, 360, 160.646, 148176
2.042, 1, 360, 161.945, 91.521
2.059, 1, 360, 163.381, 84.2645
2.078, 1, 360, 165.16, 90.792
2.099, 1, 360, 166.664, 150542
2.116, 1, 360, 167.895, 59.9904
2.13, 1, 360, 168.989, 91.4292
2.145, 1, 360, 170.152, 94.7217
2.159, 1, 360, 171.246, 37.8677
2.173, 1, 360, 172.409, 61.0072
2.187, 1, 360, 173.503, 142.181
2.201, 1, 360, 174.666, 116.904
2.215, 1, 360, 175.76, 58.9307
2.23, 1, 360, 176.922, 93.7693
2.245, 1, 360, 178.017, 38.5508
2.258, 1, 360, 179.111, 119.666
2.272, 1, 360, 180.137, 98.8281
2.284, 1, 360, 181.163, 60.2016
2.297, 1, 360, 182.12, 69.045
2.31, 1, 360, 183.078, 250.509
2.323, 1, 360, 183.967, 0
2.335, 1, 360, 185.266, 0
2.348, 1, 360, 186.155, 62.7423
2.36, 1, 360, 187.249, 321.075
2.374, 1, 360, 188.275, 0
2.387, 1, 360, 189.369, 121.15
2.401, 1, 360, 190.395, 148.135
2.415, 1, 360, 191.9, 90.2627
2.434, 1, 360, 193.062, 226.829
2.448, 1, 360, 194.498, 59.5723
2.464, 1, 360, 195.935, 85.9519
2.488, 1, 360, 197.85, 84.9342
2.51, 1, 360, 199.559, 79.5407
2.533, 1, 360, 200.106, 70.0421
2.581, 1, 360, 205.919, 82.0209
2.61, 1, 360, 207.561, 65.3815
2.632, 1, 360, 209.407, 85.8296
2.654, 1, 360, 210.843, 80.6717
2.667, 1, 360, 211.869, 87.454
2.687, 1, 360, 213.853, 70.6134
2.707, 1, 360, 214.126, 59.8853
2.72, 1, 360, 216.178, 121.257
2.734, 1, 360, 217.272, 59.6243
2.747, 1, 360, 218.229, 36.3578
2.761, 1, 360, 219.392, 49.4141
2.776, 1, 360, 220.623, 60.6286
2.79, 1, 360, 221.991, 53.429
2.807, 1, 360, 223.359, 88.0357
2.828, 1, 360, 225.205, 0
2.847, 1, 360, 226.641, 94.9408
2.874, 1, 360, 228.83, 122.123
2.892, 1, 360, 229.924, 62.0872
2.906, 1, 360, 231.018, 87.009
2.92, 1, 360, 232.112, 53.2211
2.934, 1, 360, 233.207, 113.698
2.947, 1, 360, 234.301, 125.14
2.961, 1, 360, 235.258, 119.981
2.973, 1, 360, 236.353, 97.8944
2.989, 1, 360, 237.72, 99.6925
3.005, 1, 360, 239.157, 61.723
3.023, 1, 360, 240.661, 92.8694
3.044, 1, 360, 242.439, 84.4136
3.115, 1, 360, 249.962, 85.4934
3.172, 1, 360, 251.467, 69.9275
3.199, 1, 360, 254.749, 86.2409
3.219, 1, 360, 256.596, 73.3002
3.239, 1, 360, 258.032, 87.2124
3.259, 1, 360, 259.81, 92.962
3.278, 1, 360, 261.383, 61.501
3.297, 1, 360, 262.546, 93.0463
3.312, 1, 360, 263.777, 93.6836
3.329, 1, 360, 265.281, 119681
3.345, 1, 360, 266.375, -1.35752e+08
3.357, 1, 360, 266.375, -1.42357e+07
3.368, 1, 360, 268.29, 55.4656
3.382, 1, 360, 268.359, 0
3.392, 1, 360, 270.137, 225.706
3.406, 1, 360, 271.094, 47.7577
3.42, 1, 360, 272.257, 55.3758
3.432, 1, 360, 273.351, 86.459
3.448, 1, 360, 274.582, 124.684
3.462, 1, 360, 275.608, 37.1478
3.476, 1, 360, 276.771, -122.451
3.489, 1, 360, 277.865, 170.122
3.503, 1, 360, 278.959, 66.721
3.525, 1, 360, 281.079, 60.7363
3.542, 1, 360, 282.447, 126.529
3.561, 1, 360, 283.609, 92.1272
3.575, 1, 360, 285.114, 90.4019
3.598, 1, 360, 286.619, 67.0612
3.617, 1, 360, 288.465, 91.5925
3.636, 1, 360, 290.106, 84.7798
3.66, 1, 360, 291.953, 69.767
3.69, 1, 360, 294.347, 96.052
3.71, 1, 360, 295.988, 64.3359
3.73, 1, 360, 297.424, 95.2273
3.75, 1, 360, 25.304, 122677
3.765, 1, 360, 300.023, 62.9444
3.779, 1, 360, 301.117, 81.2222
3.793, 1, 360, 302.211, 0
3.805, 1, 360, 303.237, 197.087
3.82, 1, 360, 304.331, 117.912
3.835, 1, 360, 305.836, 92.5427
3.853, 1, 360, 307.067, 94.0056
3.873, 1, 360, 308.982, 0
3.892, 1, 360, 310.486, 72.3439
3.912, 1, 360, 311.854, 80.9913
3.93, 1, 360, 313.632, 83.913
3.95, 1, 360, 315.068, 93.7479
3.976, 1, 360, 317.257, 68.8712
3.995, 1, 360, 318.693, 27011.2
4.022, 1, 360, 319.65, 83.7896
4.051, 1, 360, 322.249, 26.6054
4.07, 1, 360, 323.138, 59.0579
4.093, 1, 360, 324.78, 56.4849
4.12, 1, 360, 325.6, 0
4.133, 1, 360, 327.515, 0
4.146, 1, 360, 328.678, 61.7508
4.161, 1, 360, 329.84, 122.397
4.178, 1, 360, 331.071, 51.4978
4.191, 1, 360, 332.166, 0
4.205, 1, 360, 333.944, 56.3337
4.234, 1, 360, 335.995, 105.734
4.257, 1, 360, 337.568, 45.8372
4.274, 1, 360, 339.005, 67.6717
4.295, 1, 360, 340.851, 77.4508
4.314, 1, 360, 342.287, 60.8985
4.33, 1, 360, 343.45, 76.242
4.347, 1, 360, 344.818, 83.6666
4.366, 1, 360, 346.391, 86.7331
4.386, 1, 360, 348.237, 75.6098
4.406, 1, 360, 349.742, 0
4.423, 1, 360, 351.109, 84.7448
4.444, 1, 360, 352.477, 69.4481
4.461, 1, 360, 353.845, 80.9817
4.476, 1, 360, 355.35, 85.9159
4.5, 1, 360, 357.264, 87.3647
4.521, 0.820669, 360, 359.111, 52.392
4.544, 0.37614, 360, 359.863, 30.6265
4.561, 0.0341945, 360, 360.068, 0
4.578, 0.0341945, 360, 360.068, 0
4.6, 0.0341945, 360, 360.068, 0
4.652, 0.0341945, 360, 360.068, 0
4.691, 0.0341945, 360, 360.068, 0
4.714, 0.0341945, 360, 360.068, 38.8283
4.734, 0.0341945, 360, 360.068, 0
4.755, 0.0341945, 360, 360.068, 0
4.774, 0.0341945, 360, 360.068, 0
4.794, 0.0341945, 360, 360.068, 0
4.818, 0.0341945, 360, 360.068, 0
4.839, 0.0341945, 360, 360.068, 0
4.859, 0.0341945, 360, 360.068, 0
4.875, 0.0341945, 360, 360.068, 0
4.893, 0.0341945, 360, 360.068, 0
4.92, 0.0341945, 360, 360.068, 0
4.937, 0.0341945, 360, 360.068, 0
4.961, 0.0341945, 360, 360.068, 0
4.978, 0.0341945, 360, 360.068, 0
4.996, 0.0341945, 360, 360.068, 0
5.01, 0.0341945, 360, 360.068, 0
5.025, 0.0341945, 360, 360.068, 0
5.039, 0.0341945, 360, 360.068, 0
5.053, 0.0341945, 360, 360.068, 0
5.068, 0.0341945, 360, 360.068, 0
5.081, 0.0341945, 360, 360.068, 0
5.103, 0.0341945, 360, 360.068, 0
5.117, 0.0341945, 360, 360.068, 0
5.14, 0.0341945, 360, 360.068, 0
5.169, 0.0341945, 360, 360.068, 0
5.214, 0.0341945, 360, 360.068, 0
5.278, 0.0341945, 360, 360.068, 86380.9
5.312, 0.102584, 360, 360.41, 24.9504
5.33, 0.205167, 360, 360.752, 0
5.352, 0.37614, 360, 360.752, 0
5.366, 0.37614, 360, 360.752, 0
5.378, 0.37614, 360, 360.752, 0
5.392, 0.37614, 360, 360.752, 0
5.406, 0.37614, 360, 360.752, 0
5.421, 0.37614, 360, 360.752, 0
5.434, 0.37614, 360, 360.752, 0
5.448, 0.37614, 360, 360.752, 0
5.461, 0.37614, 360, 360.752, 0
5.476, 0.37614, 360, 360.752, 0
5.491, 0.37614, 360, 360.752, 0
5.505, 0.37614, 360, 360.752, 0
5.521, 0.37614, 360, 360.752, 0
5.549, 0.37614, 360, 360.752, 0
5.595, 0.37614, 360, 360.752, 0
5.634, 0.37614, 360, 360.752, 0
5.681, 0.37614, 360, 360.752, 0
5.703, 0.37614, 360, 360.752, 0
5.719, 0.37614, 360, 360.752, 0
5.747, 0.37614, 360, 360.752, 0
5.765, 0.37614, 360, 360.752, 0
5.791, 0.37614, 360, 360.752, 0
5.811, 0.37614, 360, 360.752, 0
5.831, 0.37614, 360, 360.752, 0
5.851, 0.37614, 360, 360.752, 0
5.874, 0.37614, 360, 360.752, 0
5.896, 0.37614, 360, 360.752, 0
5.918, 0.37614, 360, 360.752, 0
5.941, 0.37614, 360, 360.752, 0
5.954, 0.37614, 360, 360.752, 0
5.968, 0.37614, 360, 360.752, 0
5.983, 0.37614, 360, 360.752, 0
5.996, 0.37614, 360, 360.752, 0
6.011, 0.37614, 360, 360.752, 0
6.024, 0.37614, 360, 360.752, 0
6.039, 0.37614, 360, 360.752, 0
6.052, 0.37614, 360, 360.752, 0
6.066, 0.37614, 360, 360.752, 0
6.08, 0.37614, 360, 360.752, 0
6.094, 0.37614, 360, 360.752, 0
6.107, 0.37614, 360, 360.752, 0
6.121, 0.37614, 360, 360.752, 0
6.135, 0.37614, 360, 360.752, 0
6.15, 0.37614, 360, 360.752, 0
6.166, 0.37614, 360, 360.752, 0
6.181, 0.37614, 360, 360.752, 0
6.195, 0.37614, 360, 360.752, 0
6.207, 0.37614, 360, 360.684, 0
6.221, 0.341945, 360, 360.684, 0
6.235, 0.341945, 360, 360.684, 0
6.25, 0.341945, 360, 360.684, 0
6.264, 0.341945, 360, 360.684, 0
6.278, 0.341945, 360, 360.684, 0
6.293, 0.341945, 360, 360.684, 0
6.307, 0.341945, 360, 360.684, 0
6.326, 0.341945, 360, 360.684, 0
6.347, 0.341945, 360, 360.684, 0
6.36, 0.341945, 360, 360.684, 0
6.375, 0.341945, 360, 360.684, 0
6.388, 0.341945, 360, 360.684, 0
6.403, 0.341945, 360, 360.684, 0
6.418, 0.341945, 360, 360.684, 0
6.432, 0.341945, 360, 360.684, 0
6.445, 0.341945, 360, 360.684, 0
6.475, 0.341945, 360, 360.684, 61723
6.489, 0.341945, 360, 360.684, 0
6.504, 0.341945, 360, 360.684, 0
6.518, 0.341945, 360, 360.684, 0
6.532, 0.341945, 360, 360.684, 0
6.547, 0.341945, 360, 360.684, 0
6.559, 0.341945, 360, 360.684, 0
6.573, 0.341945, 360, 360.684, 0
6.593, 0.341945, 360, 360.684, 0
6.613, 0.341945, 360, 360.684, 0
6.627, 0.341945, 360, 360.684, 0
6.644, 0.341945, 360, 360.684, 0
6.664, 0.341945, 360, 360.684, 0
6.679, 0.341945, 360, 360.684, 0
6.692, 0.341945, 360, 360.684, 0
6.707, 0.341945, 360, 360.684, 0
6.72, 0.341945, 360, 360.684, 0
6.743, 0.341945, 360, 360.684, 0
6.766, 0.341945, 360, 360.684, 0
6.784, 0.341945, 360, 360.684, 0
6.805, 0.341945, 360, 360.684, 0
6.822, 0.341945, 360, 360.684, 0
6.839, 0.341945, 360, 360.684, 0
6.852, 0.341945, 360, 360.684, 0
6.874, 0.341945, 360, 360.684, 0
6.895, 0.341945, 360, 360.684, 0
6.911, 0.341945, 360, 360.684, 0
6.929, 0.341945, 360, 360.684, 0
6.951, 0.341945, 360, 360.684, 0
6.974, 0.341945, 360, 360.684, 0
6.991, 0.341945, 360, 360.684, 0
7.014, 0.341945, 360, 360.684, 0
7.032, 0.341945, 360, 360.684, 0
7.054, 0.341945, 360, 360.684, 0
7.076, 0.341945, 360, 360.684, 0
7.094, 0.341945, 360, 360.684, 0
7.113, 0.341945, 360, 360.684, 0
7.132, 0.341945, 360, 360.684, 0
7.151, 0.341945, 360, 360.684, 0
7.164, 0.341945, 360, 360.684, 0
7.179, 0.341945, 360, 360.684, 0
7.193, 0.341945, 360, 360.684, 0
7.206, 0.341945, 360, 360.684, 0
7.222, 0.341945, 360, 360.684, 0
7.236, 0.341945, 360, 360.684, 0
7.25, 0.341945, 360, 360.684, 0
7.265, 0.341945, 360, 360.684, 0
7.278, 0.341945, 360, 360.684, 0
7.292, 0.341945, 360, 360.684, 0
7.307, 0.341945, 360, 360.684, 0
7.322, 0.341945, 360, 360.684, 0
7.337, 0.341945, 360, 360.684, 0
7.35, 0.341945, 360, 360.684, 0
7.366, 0.341945, 360, 360.684, 0
7.379, 0.341945, 360, 360.684, 0
7.395, 0.478723, 360, 361.094, 31.1355
7.413, 0.683891, 360, 361.368, 0
7.432, 0.683891, 360, 361.231, 0
7.452, 0.615502, 360, 361.163, 0
7.469, 0.581307, 360, 361.026, 0
7.491, 0.478723, 360, 360.889, -5.64732
7.525, 0.444529, 360, 360.684, 0
7.58, 0.341945, 360, 360.684, 0
7.606, 0.341945, 360, 360.684, 0
7.628, 0.341945, 360, 360.684, 0
7.651, 0.341945, 360, 360.684, 0
7.674, 0.341945, 360, 360.684, 0
7.69, 0.341945, 360, 360.684, 0
7.708, 0.341945, 360, 360.684, 0
7.725, 0.341945, 360, 360.684, -15.0405
7.748, 0.205167, 360, 360.41, -13.6888
7.766, 0.170973, 360, 360.342, 0
7.793, 0.170973, 360, 360.342, 0
7.811, 0.170973, 360, 360.342, 0
7.833, 0.170973, 360, 360.342, 0
7.849, 0.170973, 360, 360.342, 0
7.87, 0.170973, 360, 360.342, 0
7.889, 0.170973, 360, 360.342, 0
7.912, 0.170973, 360, 360.342, 0
7.933, 0.170973, 360, 360.342, 0
7.956, 0.170973, 360, 360.342, 0
7.975, 0.170973, 360, 360.342, 0
7.995, 0.170973, 360, 360.342, 0
8.022, 0.170973, 360, 360.684, 165796
8.064, 1, 360, 362.462, 17.8904
8.091, 1, 360, 362.804, -47.23
8.126, 0.649696, 360, 360.137, -5.56869
8.172, 0.0683891, 360, 360, 3.0408e+08
8.211, 1, 360, 361.778, 113.666
8.237, 1, 360, 362.941, 64.5789
8.253, 1, 360, 363.351, -57.2293
8.267, 1, 360, 21.3374, 301649
8.279, 1, 360, 362.052, -465.232
8.293, 0.786474, 360, 361.163, 0
8.308, 0.410334, 360, 360.616, -62.3988
8.323, 0.205167, 360, 360.342, 0
8.336, 0.102584, 360, 360.205, 0
8.36, 0.102584, 360, 360.205, 0
8.379, 0.102584, 360, 360.205, 0
8.407, 0.102584, 360, 360.205, 0
8.428, 0.102584, 360, 360.205, 0
8.445, 0.102584, 360, 360.205, 0
8.468, 0.102584, 360, 360.205, 0
8.496, 0.102584, 360, 360.205, 0
8.535, 0.102584, 360, 360.205, 0
8.569, 0.102584, 360, 360.205, 0
8.59, 0.102584, 360, 360.205, 0
8.609, 0.102584, 360, 360.205, 0
8.631, 0.102584, 360, 360.205, 0
8.651, 0.102584, 360, 360.205, 0
8.671, 0.102584, 360, 360.205, 0
8.688, 0.102584, 360, 360.205, 0
8.71, 0.102584, 360, 360.205, 0
8.723, 0.102584, 360, 3.60241e+06, -1.63804e+09
8.742, 0.273556, 360, 360.752, 14.1534
8.762, 0.547112, 360, 361.163, 0
8.785, 0.581307, 360, 361.094, 0
8.805, 0.512918, 360, 360.957, 0
8.825, 0.478723, 360, 360.957, 0
8.842, 0.478723, 360, 360.889, -22.6604
8.857, 0.444529, 360, 360.752, 0
8.877, 0.37614, 360, 360.684, 30215.6
8.916, 0.341945, 360, 360.684, 0
8.953, 0.341945, 360, 360.684, 0
8.971, 0.341945, 360, 360.684, 0
8.994, 0.341945, 360, 360.684, 0
9.013, 0.341945, 360, 360.684, 0
9.031, 0.341945, 360, 360.684, 0
9.046, 0.341945, 360, 360.684, 0
9.064, 0.341945, 360, 360.684, 0
9.089, 0.341945, 360, 360.684, 0
9.111, 0.341945, 360, 360.684, 0
9.134, 0.341945, 360, 360.684, 0
9.157, 0.341945, 360, 360.684, 0
9.177, 0.341945, 360, 360.684, 0
9.195, 0.341945, 360, 360.684, 0
9.217, 0.341945, 360, 360.684, 0
9.233, 0.341945, 360, 360.684, 0
9.255, 0.341945, 360, 360.684, 0
9.285, 0.341945, 360, 360.684, 0
9.327, 0.341945, 360, 360.684, 0
9.361, 0.341945, 360, 360.684, 0
9.386, 0.341945, 360, 360.684, 0
9.409, 0.341945, 360, 360.684, 0
9.427, 0.341945, 360, 360.684, 0
9.445, 0.341945, 360, 360.684, 0
9.46, 0.341945, 360, 360.684, 0
9.474, 0.341945, 360, 360.684, 0
9.489, 0.341945, 360, 360.684, 0
9.503, 0.341945, 360, 360.684, 0
9.519, 0.341945, 360, 360.684, 0
9.536, 0.341945, 360, 360.684, 0
9.554, 0.341945, 360, 360.684, 0
9.581, 0.341945, 360, 360.684, 0
9.6, 0.341945, 360, 360.684, 0
9.622, 0.341945, 360, 360.684, 0
9.638, 0.341945, 360, 360.684, 0
9.659, 0.341945, 360, 360.684, 0
9.727, 0.341945, 360, 360.684, 0
9.745, 0.341945, 360, 360.684, 0
9.764, 0.341945, 360, 360.684, 0
9.788, 0.341945, 360, 360.684, 0
9.805, 0.341945, 360, 360.684, 0
9.827, 0.341945, 360, 360.684, 0
9.846, 0.341945, 360, 360.684, 0
9.863, 0.341945, 360, 360.684, 0
9.878, 0.341945, 360, 360.684, 0
9.902, 0.341945, 360, 360.684, 0
9.918, 0.341945, 360, 360.684, 0
9.935, 0.341945, 360, 360.684, 0
9.959, 0.341945, 360, 360.684, 0
9.974, 0.341945, 360, 360.684, 0
9.989, 0.341945, 360, 360.684, 0
10.003, 0.341945, 360, 360.684, 0
10.017, 0.341945, 360, 360.684, 0
10.03, 0.341945, 360, 360.684, 0
10.057, 0.341945, 360, 360.684, 0
10.09, 0.341945, 360, 360.684, 0
10.132, 0.341945, 360, 360.684, 0
10.194, 0.341945, 360, 5.06079, 0
10.209, 0.341945, 360, 360.684, 0
10.238, 0.341945, 360, 360.684, 0
10.26, 0.341945, 360, 360.684, -2.37082e+07
10.278, 0.341945, 360, 360.684, 0
10.293, 0.341945, 360, 360.684, 0
10.313, 0.341945, 360, 360.684, 0
10.333, 0.341945, 360, 360.684, 0
10.353, 0.341945, 360, 360.684, 0
10.37, 0.341945, 360, 360.684, 0
10.391, 0.341945, 360, 360.684, 0
10.406, 0.341945, 360, 360.684, 0
10.423, 0.341945, 360, 360.684, 0
10.443, 0.341945, 360, 360.684, 0
10.465, 0.341945, 360, 360.684, 0
10.488, 0.341945, 360, 360.684, 0
10.506, 0.341945, 360, 360.684, 0
10.543, 0.341945, 360, 360.684, 0
10.564, 0.341945, 360, 360.684, 0
10.593, 0.341945, 360, 360.684, 0
10.615, 0.341945, 360, 360.684, 0
10.64, 0.341945, 360, 360.684, 0
10.659, 0.341945, 360, 360.684, 0
10.682, 0.341945, 360, 360.684, 0
10.709, 0.341945, 360, 360.684, 0
10.725, 0.341945, 360, 360.684, 0
10.749, -0, 360, 360.684, 0
