0, 0, 0, 0, 0
0.013, 0, 1080, 0, 0
0.029, 1, 1080, 0.410334, 34.6274
0.049, 1, 1080, 1.57295, 61.501
0.067, 1, 1080, 2.59878, 78.3021
0.086, 1, 1080, 4.24012, 64.445
0.106, 1, 1080, 6.08663, 54.4933
0.126, 1, 1080, 7.59119, 78.8256
0.148, 1, 1080, 9.16413, 78.2483
0.167, 1, 1080, 11.0106, 73.2845
0.19, 1, 1080, 12.4468, 83.1141
0.208, 1, 1080, 14.2249, 55.6009
0.226, 1, 1080, 15.3191, 59.8591
0.24, 1, 1080, 16.4818, 62.2568
0.254, 1, 1080, 17.6444, 60.6286
0.268, 1, 1080, 18.7386, 63.1187
0.282, 1, 1080, 19.7644, 58.8546
0.295, 1, 1080, 20.8587, 0
0.309, 1, 1080, 21.9529, 33.5405
0.323, 1, 1080, 23.1155, 60.7903
0.337, 1, 1080, 24.2097, 40.587
0.351, 1, 1080, 25.304, 0
0.365, 1, 1080, 26.535, 0
0.381, 1, 1080, 27.766, 61.9466
0.396, 1, 1080, 28.8602, 65.2256
0.41, 1, 1080, 30.0228, 61.501
0.424, 1, 1080, 31.117, 184.172
0.438, 1, 1080, 32.1429, 73.6951
0.45, 1, 1080, 33.2371, 123.002
0.464, 1, 1080, 34.2629, 0
0.478, 1, 1080, 35.4939, 61.6673
0.493, 1, 1080, 36.6565, 62.2284
0.507, 1, 1080, 37.8191, 30.5308
0.522, 1, 1080, 38.845, 190.499
0.535, 1, 1080, 39.9392, 319.575
0.548, 1, 1080, 41.2386, 62.4273
0.566, 1, 1080, 42.7432, 93.2154
0.585, 1, 1080, 44.2477, 91.5925
0.604, 1, 1080, 45.8207, 122.781
0.622, 1, 1080, 47.3252, 64.8606
0.645, 1, 1080, 49.2401, 66.656
0.664, 1, 1080, 50.7447, -72.5998
0.686, 1, 1080, 52.1125, 62.6847
0.699, 1, 1080, 53.1383, 127.711
0.715, 1, 1080, 54.3693, 1224.51
0.728, 1, 1080, 55.4635, 92.1685
0.743, 1, 1080, 55.6687, 0
0.755, 1, 1080, 57.31, 306.953
0.767, 1, 1080, 58.3359, 122.342
0.78, 1, 1080, 59.2249, 5605.66
0.791, 1, 1080, 60.3191, 121.689
0.803, 1, 1080, 60.4559, 0
0.814, 1, 1080, 61.9605, 156.139
0.826, 1, 1080, 62.9179, 79.6994
0.838, 1, 1080, 64.1489, 61.723
0.851, 1, 1080, 65.1064, 59.4687
0.863, 1, 1080, 66.0638, 610.617
0.875, 1, 1080, 67.4316, 64.2151
0.9, 1, 1080, 69.2097, 124.231
0.915, 1, 1080, 70.6459, 83.3606
0.937, 1, 1080, 72.4924, 85.8081
0.959, 1, 1080, 73.997, 83.9748
0.979, 1, 1080, 0, 34712.4
0.994, 1, 1080, 77.0061, 85.4507
1.015, 1, 1080, 78.4422, 62.5414
1.036, 1, 1080, 80.7675, 90.8221
1.06, 1, 1080, 82.4088, 85.8081
1.084, 1, 1080, 84.1869, 64.8442
1.105, 1, 1080, 85.6915, 38.8133
1.122, 1, 1080, 87.1277, 60.4411
1.139, 1, 1080, 88.2903, 75.9878
1.154, 1, 1080, 89.8632, 85.8081
1.176, 1, 1080, 91.7097, 59.1601
1.194, 1, 1080, 93.1459, 88.5677
1.217, 1, 1080, 93.6246, 214.722
1.237, 1, 1080, 96.2234, 0
1.252, 1, 1080, 97.5912, 94.1134
1.275, 1, 1080, 99.4377, 116.11
1.291, 1, 1080, 100.532, 73.2217
1.308, 1, 1080, 102.036, 72.2471
1.327, 1, 1080, 103.883, 65.5068
1.348, 1, 1080, 105.388, 65.7903
1.365, 1, 1080, 106.824, 69.3039
1.386, 1, 1080, 108.739, 13832.1
1.409, 1, 1080, 110.106, 89.0869
1.427, 1, 1080, 112.021, 0
1.449, 1, 1080, 113.731, 68.8157
1.471, 1, 1080, 115.578, 121.689
1.493, 1, 1080, 117.082, 367.683
1.51, 1, 1080, 118.587, -424.953
1.541, 1, 1080, 121.254, 91.7974
1.565, 1, 1080, 123.032, 86.2409
1.585, 1, 1080, 124.536, 124.344
1.6, 1, 1080, 125.973, 83.913
1.619, 1, 1080, 128.298, 82.5755
1.651, 1, 1080, 129.734, 0
1.666, 1, 1080, 130.897, 142.181
1.68, 1, 1080, 131.991, 121.581
1.694, 1, 1080, 133.085, 91.064
1.71, 1, 1080, 134.521, 60.6555
1.726, 1, 1080, 136.094, 84.457
1.754, 1, 1080, 138.283, 67.645
1.777, 1, 1080, 140.129, 59.8329
1.794, 1, 1080, 141.155, 61.2531
1.809, 1, 1080, 142.318, 42.0597
1.822, 1, 1080, 143.412, 148.028
1.836, 1, 1080, 144.438, 42.5041
1.849, 1, 1080, 145.874, 239362
1.871, 1, 1080, 147.31, 215.06
1.886, 1, 1080, 148.473, 62.5128
1.899, 1, 1080, 149.498, 633.232
1.914, 1, 1080, 150.661, 0
1.929, 1, 1080, 151.96, 0
1.945, 1, 1080, 153.055, 69.8085
1.967, 1, 1080, 155.312, -79.2457
1.987, 1, 1080, 156.953, 62.7999
2.011, 1, 1080, 158.799, 77.5973
2.033, 1, 1080, 160.646, 63.1478
2.052, 1, 1080, 162.15, 94.4166
2.073, 1, 1080, 163.723, 117.205
2.089, 1, 1080, 165.16, 73.6158
2.111, 1, 1080, 167.006, 0
2.129, 1, 1080, 168.169, 59.007
2.144, 1, 1080, 169.263, 89.5535
2.159, 1, 1080, 170.494, 61.1983
2.174, 1, 1080, 171.657, 41.8026
2.188, 1, 1080, 172.751, 119.771
2.202, 1, 1080, 173.845, 40.0404
2.216, 1, 1080, 175.008, 62.4273
2.23, 1, 1080, 176.102, 89.2808
2.245, 1, 1080, 177.264, 39.0126
2.259, 1, 1080, 178.564, 0
2.276, 1, 1080, 179.658, 73.034
2.293, 1, 1080, 181.573, 113.679
2.314, 1, 1080, 0, 73.1434
2.342, 1, 1080, 185.334, 106.03
2.358, 1, 1080, 186.429, 89.7887
2.377, 1, 1080, 189.574, 73.5841
2.415, 1, 1080, 192.447, 73.7587
2.46, 1, 1080, 195.729, 81.1289
2.514, 1, 1080, 201.132, 81.2608
2.556, 1, 1080, 204.278, 83.4827
2.594, 1, 1080, 206.945, 83.6325
2.636, 1, 1080, 210.502, 77.6644
2.684, 1, 1080, 214.331, 79.5777
2.718, 1, 1080, 217.135, -18.9583
2.759, 1, 1080, 219.119, 1688.62
2.773, 1, 1080, 220.281, 120.403
2.787, 1, 1080, 221.444, 31.3424
2.801, 1, 1080, 222.47, 33.4257
2.815, 1, 1080, 223.701, 61.723
2.83, 1, 1080, 224.795, 92.3345
2.844, 1, 1080, 225.889, 109.95
2.857, 1, 1080, 227.052, 59.6243
2.871, 1, 1080, 228.078, 187.026
2.885, 1, 1080, 229.172, 49.5573
2.901, 1, 1080, 230.471, 93.2578
2.916, 1, 1080, 231.702, 60.6824
2.929, 1, 1080, 232.728, 119.457
2.943, 1, 1080, 233.754, 159.044
2.957, 1, 1080, 234.916, 176.868
2.971, 1, 1080, 236.763, 74.1747
2.997, 1, 1080, 238.199, 151.395
3.015, 1, 1080, 239.977, 123.893
3.034, 1, 1080, 241.413, 0
3.056, 1, 1080, 243.123, 65.465
3.077, 1, 1080, 244.628, 79.6333
3.097, 1, 1080, 246.132, 69.4658
3.111, 1, 1080, 247.226, 71.5217
3.129, 1, 1080, 249.552, 0
3.153, 1, 1080, 250.988, 72.7028
3.173, 1, 1080, 252.356, 82.0997
3.192, 1, 1080, 253.792, 117.709
3.206, 1, 1080, 255.638, 80.1255
3.232, 1, 1080, 257.416, 83.0973
3.251, 1, 1080, 258.853, 377.84
3.273, 1, 1080, 260.357, 172.409
3.287, 1, 1080, 261.451, 0
3.302, 1, 1080, 262.546, 68.8712
3.317, 1, 1080, 263.845, 178.251
3.331, 1, 1080, 264.939, 122.726
3.346, 1, 1080, 266.102, 0
3.359, 1, 1080, 267.059, 58.7535
3.371, 1, 1080, 268.017, 123.446
3.384, 1, 1080, 269.179, 122.891
3.398, 1, 1080, 270.205, 68389.1
3.41, 1, 1080, 270.957, 241.019
3.423, 1, 1080, 272.188, 2318.27
3.435, 1, 1080, 273.556, 86.3862
3.464, 1, 1080, 274.514, 61.0072
3.477, 1, 1080, 276.565, 57.0384
3.491, 1, 1080, 278.002, 109.248
3.514, 1, 1080, 279.848, 69.799
3.536, 1, 1080, 281.353, 0
3.555, 1, 1080, 283.199, 106.147
3.578, 1, 1080, 285.114, 70.3591
3.601, 1, 1080, 286.55, 189.443
3.615, 1, 1080, 287.644, 179.342
3.629, 1, 1080, 288.807, 91.6334
3.646, 1, 1080, 290.175, 60.5213
3.663, 1, 1080, 291.679, 90.2627
3.68, 1, 1080, 293.663, 87.4168
3.708, 1, 1080, 295.578, 79.0077
3.735, 1, 1080, 297.766, 111.656
3.757, 1, 1080, 298.245, 506.145
3.773, 1, 1080, 300.775, 116.705
3.796, 1, 1080, 302.348, 47.5585
3.811, 1, 1080, 303.853, 69.0799
3.834, 1, 1080, 305.699, 61.9466
3.851, 1, 1080, 307.135, 61.8346
3.87, 1, 1080, 308.366, 62.1154
3.886, 1, 1080, 309.597, 67.8732
3.905, 1, 1080, 311.444, 92.3345
3.924, 1, 1080, 313.017, 124.299
3.946, 1, 1080, 314.658, 61.1709
3.963, 1, 1080, 316.163, 92.1685
3.982, 1, 1080, 317.394, 109.131
3.998, 1, 1080, 319.103, 285036
4.018, 1, 1080, 320.266, 92.962
4.033, 1, 1080, 321.497, 53.9346
4.047, 1, 1080, 322.591, 119.457
4.06, 1, 1080, 323.685, 60.3078
4.075, 1, 1080, 324.78, 36.5717
4.089, 1, 1080, 325.942, 59.9116
4.104, 1, 1080, 327.036, 93.6195
4.117, 1, 1080, 328.131, 120.192
4.131, 1, 1080, 329.225, 120.829
4.144, 1, 1080, 330.388, 30.7643
4.161, 1, 1080, 331.687, 61.6395
4.176, 1, 1080, 331.824, 4.56155e+06
4.188, 1, 1080, 333.807, 92.9199
4.203, 1, 1080, 334.97, 186.855
4.217, 1, 1080, 335.995, 33.656
4.23, 1, 1080, 337.158, 126.179
4.244, 1, 1080, 338.252, 60.0431
4.259, 1, 1080, 339.347, 59.8329
4.271, 1, 1080, 340.372, 61.9466
4.284, 1, 1080, 341.467, 31.6177
4.298, 1, 1080, 342.629, 31.3711
4.313, 1, 1080, 343.723, 55.6914
4.326, 1, 1080, 344.818, 60.9528
4.341, 1, 1080, 346.049, 56.9909
4.359, 1, 1080, 347.69, 81.3381
4.38, 1, 1080, 349.536, 73.2845
4.403, 1, 1080, 350.973, 72.4154
4.421, 1, 1080, 352.751, 103.714
4.449, 1, 1080, 355.008, 90.5815
4.471, 1, 1080, 356.854, 565.458
4.493, 1, 1080, 358.495, 86.5319
4.514, 1, 1080, 360.342, 69.9811
4.535, 1, 1080, 362.599, 72.6414
4.577, 1, 1080, 366.429, 82.3766
4.61, 1, 1080, 369.096, 79.754
4.645, 1, 1080, 371.558, -9.73787
4.677, 1, 1080, 373.609, 70.3591
4.697, 1, 1080, 375.114, 61.6118
4.713, 1, 1080, 376.208, 80.2688
4.729, 1, 1080, 377.644, 87.9791
4.75, 1, 1080, 379.217, 66.1787
4.77, 1, 1080, 381.474, 67.1139
4.795, 1, 1080, 382.91, 75.3183
4.815, 1, 1080, 384.757, 83.0468
4.835, 1, 1080, 386.193, 299.427
4.857, 1, 1080, 387.698, 103.151
4.871, 1, 1080, 389.134, 66.5911
4.893, 1, 1080, 390.98, 101.588
4.914, 1, 1080, 392.758, 777.148
4.938, 1, 1080, 395.494, 79.0952
4.988, 1, 1080, 398.708, 78.1314
5.022, 1, 1080, 402.059, 83.249
5.063, 1, 1080, 407.052, 75.3311
5.121, 1, 1080, 412.112, 80.5051
5.183, 1, 1080, 414.506, -34.7947
5.204, 1, 1080, 415.874, 94.2864
5.219, 1, 1080, 417.036, 123.669
5.232, 1, 1080, 418.131, 68.6361
5.25, 1, 1080, 419.772, 93.7693
5.268, 1, 1080, 421.208, 91.5516
5.285, 1, 1080, 422.439, 62.9444
5.3, 1, 1080, 423.465, 0
5.313, 1, 1080, 424.696, 94.1998
5.329, 1, 1080, 425.79, 57.615
5.343, 1, 1080, 427.021, 44.6987
5.358, 1, 1080, 428.252, 100.89
5.377, 1, 1080, 430.099, 121.043
5.395, 1, 1080, 431.535, 62.3988
5.414, 1, 1080, 432.834, 72.034
5.434, 1, 1080, 434.407, 68.0624
5.454, 1, 1080, 436.254, 118.423
5.474, 1, 1080, 437.827, 96.6142
5.496, 1, 1080, 439.673, 94.8531
5.515, 1, 1080, 441.109, 69.3882
5.537, 1, 1080, 442.956, 91.1854
5.556, 1, 1080, 444.529, 60.0431
5.575, 1, 1080, 445.76, 33.0063
5.591, 1, 1080, 447.264, 70.2724
5.613, 1, 1080, 449.111, 0
5.632, 1, 1080, 450.547, 123.446
5.648, 1, 1080, 450.684, 77.521
5.676, 1, 1080, 453.898, 104.411
5.694, 1, 1080, 455.676, 73.4892
5.716, 1, 1080, 457.112, 73.3788
5.734, 1, 1080, 458.959, 85.7221
5.761, 1, 1080, 460.805, 68.9823
5.78, 1, 1080, 462.652, 69.9752
5.801, 1, 1080, 464.088, 92.7938
5.818, 1, 1080, 465.524, 67.4448
5.839, 1, 1080, 466.003, 94.6692
5.861, 1, 1080, 469.286, 208.503
5.885, 1, 1080, 470.995, 115.133
5.901, 1, 1080, 472.09, 79.3837
5.917, 1, 1080, 473.663, 92.5845
5.936, 1, 1080, 475.236, 60.1487
5.955, 1, 1080, 476.74, 80.8821
5.973, 1, 1080, 477.971, 82.7621
5.989, 1, 1080, 479.407, 91.5108
6.006, 1, 1080, 480.98, 0
6.029, 1, 1080, 482.69, 69.7848
6.051, 1, 1080, 484.536, 87.4913
6.073, 1, 1080, 486.383, 79.1082
6.095, 1, 1080, 487.682, 83.913
6.107, 1, 1080, 488.708, 182.371
6.121, 1, 1080, 489.802, 0
6.135, 1, 1080, 490.965, 182.858
6.149, 1, 1080, 491.991, 84.5701
6.166, 1, 1080, 493.837, 118.388
6.193, 1, 1080, 495.889, 131.265
6.217, 1, 1080, 497.804, 380.998
6.235, 1, 1080, 498.898, 184.835
6.249, 1, 1080, 499.992, 0
6.263, 1, 1080, 501.155, 0
6.277, 1, 1080, 502.249, 75.3183
6.292, 1, 1080, 503.48, 61.6673
6.306, 1, 1080, 504.574, 116.705
6.319, 1, 1080, 509.498, 75.9424
6.393, 1, 1080, 512.508, 81.7464
6.421, 1, 1080, 512.986, 87.482
6.453, 1, 1080, 516.611, 91.47
6.469, 1, 1080, 518.184, 71.9632
6.49, 1, 1080, 519.62, 5936.55
6.505, 1, 1080, 520.783, 90.7819
6.521, 1, 1080, 522.014, 52.7286
6.535, 1, 1080, 523.108, 63.0604
6.549, 1, 1080, 524.271, 62.4558
6.564, 1, 1080, 525.365, 95.9846
6.577, 1, 1080, 526.459, 89.0483
6.592, 1, 1080, 527.622, 108.64
6.606, 1, 1080, 528.784, 61.8066
6.62, 1, 1080, 529.878, 62.656
6.634, 1, 1080, 531.383, 89.8674
6.657, 1, 1080, 533.024, 61.6673
6.673, 1, 1080, 534.529, 81.4932
6.695, 1, 1080, 536.102, 53.5126
6.712, 1, 1080, 537.675, 72.3311
6.739, 1, 1080, 539.59, 55.2416
6.753, 1, 1080, 540.957, 104.811
6.774, 1, 1080, 543.693, 82.9389
6.816, 1, 1080, 546.702, 103.541
6.844, 1, 1080, 547.181, 81.4932
6.872, 1, 1080, 550.327, 98.2037
6.889, 1, 1080, 552.31, 0
6.914, 1, 1080, 553.746, 122.671
6.928, 1, 1080, 554.909, 62.1154
6.943, 1, 1080, 556.003, 85.9159
6.957, 1, 1080, 557.097, 104.116
6.975, 1, 1080, 558.533, 29.9689
6.991, 1, 1080, 560.038, 83.3505
7.012, 1, 1080, 561.816, 78.8619
7.033, 1, 1080, 563.594, 104.639
7.055, 1, 1080, 565.03, 40.3
7.069, 1, 1080, 566.125, 0
7.083, 1, 1080, 567.287, 589.561
7.097, 1, 1080, 568.45, 122.891
7.111, 1, 1080, 569.476, 0
7.126, 1, 1080, 570.707, 56.3801
7.141, 1, 1080, 571.801, 50.2122
7.156, 1, 1080, 573.032, 181.886
7.17, 1, 1080, 574.195, 177.48
7.184, 1, 1080, 575.494, 75.0703
7.205, 1, 1080, 577.34, 35.8245
7.225, 1, 1080, 578.982, 84.5092
7.252, 1, 1080, 580.897, 35.9564
7.269, 1, 1080, 582.333, 86.2409
7.29, 1, 1080, 584.248, 108.9
7.309, 1, 1080, 585.616, 120.297
7.326, 1, 1080, 587.052, 69.6994
7.348, 1, 1080, 588.898, 72.6255
7.368, 1, 1080, 590.334, 86.8432
7.388, 1, 1080, 591.771, 119.981
7.402, 1, 1080, 592.865, 40.3475
7.415, 1, 1080, 593.959, 61.501
7.429, 1, 1080, 595.053, 60.9528
7.443, 1, 1080, 596.147, 60.1487
7.456, 1, 1080, 597.173, 91.4292
7.471, 1, 1080, 598.267, 61.8906
7.483, 1, 1080, 599.293, 547.112
7.497, 1, 1080, 600.524, 62.1719
7.511, 1, 1080, 601.482, 38.6597
7.525, 1, 1080, 602.713, 29.3894
7.539, 1, 1080, 603.807, 91.9208
7.554, 1, 1080, 604.97, 50.2122
7.568, 1, 1080, 606.064, 62.9733
7.582, 1, 1080, 607.226, 60.0958
7.596, 1, 1080, 608.321, 92.4176
7.611, 1, 1080, 609.483, 42.1374
7.625, 1, 1080, 610.578, 120.403
7.639, 1, 1080, 611.672, 599.904
7.653, 1, 1080, 612.834, 0
7.668, 1, 1080, 613.997, 173.576
7.682, 1, 1080, 615.091, 0
7.696, 1, 1080, 616.254, 121.043
7.71, 1, 1080, 617.348, 91.7974
7.725, 1, 1080, 618.511, 0
7.74, 1, 1080, 619.605, 56.9909
7.752, 1, 1080, 620.767, 88.7018
7.768, 1, 1080, 621.93, 92.9199
7.782, 1, 1080, 623.093, 94.4166
7.797, 1, 1080, 624.187, 45.7452
7.81, 1, 1080, 625.35, 528.101
7.826, 1, 1080, 626.512, 501.938
7.839, 1, 1080, 627.538, 59.4687
7.851, 1, 1080, 628.495, 0
7.864, 1, 1080, 629.384, 121.906
7.876, 1, 1080, 630.342, 120.936
7.889, 1, 1080, 631.299, 180.605
7.901, 1, 1080, 632.257, 186.855
7.913, 1, 1080, 633.214, 181.886
7.926, 1, 1080, 634.172, 303.143
7.937, 1, 1080, 635.676, 84.1815
7.96, 1, 1080, 637.933, 79.2982
7.996, 1, 1080, 641.353, 82.4499
8.036, 1, 1080, 643.678, 118.525
8.054, 1, 1080, 645.182, 83.2186
8.077, 1, 1080, 646.96, 73.0496
8.099, 1, 1080, 648.397, 71.3426
8.117, 1, 1080, 650.175, 92.4426
8.14, 1, 1080, 651.748, 87.9037
8.16, 1, 1080, 653.731, 49.3428
8.181, 1, 1080, 655.441, 65.9362
8.204, 1, 1080, 655.919, 61.1162
8.218, 1, 1080, 658.04, 125.255
8.232, 1, 1080, 659.134, 180.923
8.246, 1, 1080, 660.57, 94.0702
8.264, 1, 1080, 661.664, 65.9702
8.28, 1, 1080, 662.964, 118.834
8.293, 1, 1080, 664.195, 30.9733
8.308, 1, 1080, 665.494, 85.2023
8.335, 1, 1080, 666.451, 56.7073
8.353, 1, 1080, 668.845, 107.025
8.366, 1, 1080, 669.871, 94.2864
8.381, 1, 1080, 671.17, 93.5128
8.396, 1, 1080, 672.264, 32.832
8.41, 1, 1080, 673.359, 43.5045
8.424, 1, 1080, 674.59, 61.5286
8.44, 1, 1080, 675.684, 35.2158
8.453, 1, 1080, 676.915, 49.2717
8.467, 1, 1080, 677.941, 0
8.48, 1, 1080, 679.172, 93.6836
8.497, 1, 1080, 680.266, 37.8467
8.511, 1, 1080, 681.497, 30.1273
8.525, 1, 1080, 682.66, 30.7228
8.54, 1, 1080, 683.754, 49.8826
8.554, 1, 1080, 684.916, 90.9026
8.569, 1, 1080, 685.805, 80.5525
8.582, 1, 1080, 686.763, 306.677
8.593, 1, 1080, 688.746, 95.4044
8.626, 1, 1080, 6.15502, 55.0858
8.647, 1, 1080, 1376.19, -311807
8.665, 1, 1080, 693.328, 62.7423
8.678, 1, 1080, 694.149, 76.2845
8.699, 1, 1080, 695.722, 80.4893
8.719, 1, 1080, 697.5, 65.822
8.74, 1, 1080, 699.005, 70.9798
8.757, 1, 1080, 700.441, 82.936
8.777, 1, 1080, 702.219, 74.8239
8.797, 1, 1080, 703.655, 86.1106
8.817, 1, 1080, 705.365, 85.8081
8.839, 1, 1080, 706.869, 83.1377
8.857, 1, 1080, 708.305, 53.6385
8.871, 1, 1080, 709.4, 118.834
8.884, 1, 1080, 710.494, 1149.4
8.899, 1, 1080, 711.657, 182.047
8.912, 1, 1080, 713.093, 52.749
8.935, 1, 1080, 714.939, 120.297
8.953, 1, 1080, 716.444, 409.515
8.977, 1, 1080, 718.222, 85.9699
8.999, 1, 1080, 720.068, 77.1886
9.017, 1, 1080, 721.915, 129.648
9.045, 1, 1080, 723.761, 61.8346
9.062, 1, 1080, 726.087, 77.0548
9.107, 1, 1080, 728.754, 31.1994
9.128, 1, 1080, 729.916, 41.2728
9.15, 1, 1080, 731.147, 82.4362
9.169, 1, 1080, 732.857, 73.3002
9.194, 1, 1080, 735.456, 83.7417
9.24, 1, 1080, 739.286, 85.9339
9.286, 1, 1080, 744.757, 85.7077
9.346, 1, 1080, 748.245, 67.4581
9.397, 1, 1080, 752.485, 84.9061
9.449, 1, 1080, 756.588, 77.2197
9.491, 1, 1080, 759.05, 79.2359
9.514, 1, 1080, 760.555, 79.2228
9.531, 1, 1080, 762.47, 0
9.555, 1, 1080, 764.658, 62.3703
9.578, 1, 1080, 766.163, 98.091
9.6, 1, 1080, 767.667, 31.0859
9.614, 1, 1080, 768.898, 71.1645
9.635, 1, 1080, 770.745, 495.573
9.654, 1, 1080, 771.907, 78.2707
9.67, 1, 1080, 773.412, 64.6033
9.691, 1, 1080, 775.258, 67.2128
9.711, 1, 1080, 776.831, 121.043
9.727, 1, 1080, 778.336, -17.3929
9.749, 1, 1080, 779.567, 33.9063
9.763, 1, 1080, 780.798, 61.3355
9.776, 1, 1080, 781.824, 86.8543
9.795, 1, 1080, 783.191, 119.561
9.807, 1, 1080, 784.286, 72.7028
9.823, 1, 1080, 785.517, 80.6144
9.837, 1, 1080, 786.816, 61.4457
9.853, 1, 1080, 787.91, 36.4742
9.867, 1, 1080, 789.073, 31.0718
9.88, 1, 1080, 790.099, 63.6375
9.897, 1, 1080, 791.603, 93.4915
9.917, 1, 1080, 793.381, 91.6743
9.936, 1, 1080, 794.886, 88.4151
9.959, 1, 1080, 797.006, 0
9.98, 1, 1080, 798.1, 72.1404
9.996, 1, 1080, 799.536, 93.6409
10.011, 1, 1080, 800.767, 88.6443
10.03, 1, 1080, 802.272, 74.9551
10.05, 1, 1080, 804.187, 91.9002
10.084, 1, 1080, 805.691, 0
10.111, 1, 1080, 808.701, 51.8885
10.123, 1, 1080, 809.863, 30.9033
10.138, 1, 1080, 810.957, 92.8358
10.152, 1, 1080, 812.12, 97.9085
10.166, 1, 1080, 813.214, 124.57
10.179, 1, 1080, 814.24, 1590.44
10.194, 1, 1080, 815.403, 100.204
10.208, 1, 1080, 816.565, 118.834
10.221, 1, 1080, 817.591, 432.842
10.236, 1, 1080, 819.096, 85.7006
10.256, 1, 1080, 6290.56, 176.716
10.27, 1, 1080, 821.421, 279.71
10.282, 1, 1080, 822.447, 94.1998
10.296, 1, 1080, 823.541, 68.6361
10.313, 1, 1080, 825.319, 462.088
10.336, 1, 1080, 827.097, 41.6118
10.357, 1, 1080, 828.533, 66.23
10.377, 1, 1080, 830.448, 93.5982
10.396, 1, 1080, 832.021, 88.817
10.42, 1, 1080, 833.526, 87.6034
10.435, 1, 1080, 834.688, 90.9832
10.457, 1, 1080, 836.945, 73.6158
10.478, 1, 1080, 838.381, 68.5673
10.498, 1, 1080, 1522.75, -307813
10.536, 1, 1080, 843.032, 87.5473
10.556, 1, 1080, 844.878, 50.8847
10.577, 1, 1080, 846.657, 72.3388
10.6, 1, 1080, 848.435, 91.962
10.619, 1, 1080, 850.076, 83.3335
10.641, 1, 1080, 852.196, 94.8531
10.665, 1, 1080, 853.564, 127.354
10.682, 1, 1080, 855, 73.7216
10.702, 1, 1080, 856.299, 187.196
10.715, 1, 1080, 857.736, 92.0445
10.734, 1, 1080, 857.941, 649.263
10.752, 1, 1080, 860.403, 62.2568
10.766, 1, 1080, 861.565, 62.0028
10.78, 1, 1080, 862.66, 93.898
10.795, 1, 1080, 863.754, 40.1816
10.809, 1, 1080, 864.985, 52.8101
10.824, 1, 1080, 866.079, 72.7737
10.84, 1, 1080, 867.789, 84.1194
10.863, 1, 1080, 869.225, 109.95
10.877, 1, 1080, 870.388, 62.5414
10.894, 1, 1080, 871.687, 63.6325
10.913, 1, 1080, 873.602, 83.2321
10.933, 1, 1080, 874.833, 122.781
10.947, 1, 1080, 876.337, 83.2794
10.969, 1, 1080, 877.91, 63.915
10.991, 1, 1080, 878.457, 59.6243
11.009, 1, 1080, 880.988, 86.7331
11.023, 1, 1080, 882.15, 60.9528
11.038, 1, 1080, 883.313, 60.4144
11.051, 1, 1080, 884.339, 0
11.065, 1, 1080, 885.433, 122.781
11.078, 1, 1080, 886.527, 0
11.094, 1, 1080, 887.758, 0
11.108, 1, 1080, 888.921, 0
11.124, 1, 1080, 890.084, 69.6131
11.146, 1, 1080, 890.973, 125.14
11.162, 1, 1080, 893.913, 106.277
11.184, 1, 1080, 895.35, 86.7881
11.203, 1, 1080, 896.786, 59.8853
11.219, 1, 1080, 897.88, 154.726
11.234, 1, 1080, 899.043, 0
11.249, 1, 1080, 900.137, 82.9461
11.262, 1, 1080, 901.231, 222.042
11.277, 1, 1080, 902.394, 118.731
11.29, 1, 1080, 903.419, 39.3719
11.304, 1, 1080, 904.514, 117.912
11.317, 1, 1080, 905.608, 261.027
11.332, 1, 1080, 906.771, 0
11.347, 1, 1080, 908.07, 124.344
11.361, 1, 1080, 909.096, 0
11.376, 1, 1080, 910.327, 90.5815
11.392, 1, 1080, 911.489, 33.2793
11.405, 1, 1080, 912.652, 58.0552
11.419, 1, 1080, 913.609, 77.9807
11.431, 1, 1080, 914.704, 62.6847
11.446, 1, 1080, 915.866, 61.0072
11.461, 1, 1080, 917.029, 60.9257
11.475, 1, 1080, 918.191, 85.844
11.49, 1, 1080, 919.422, 130.265
11.514, 1, 1080, 921.201, 79.3929
11.532, 1, 1080, 922.705, 72.8163
11.55, 1, 1080, 924.483, 0
11.572, 1, 1080, 925.919, 109.774
11.588, 1, 1080, 927.424, 93.3002
11.608, 1, 1080, 928.86, 0
11.627, 1, 1080, 930.707, 80.1895
11.644, 1, 1080, 932.211, 87.4168
11.667, 1, 1080, 934.058, 61.3355
11.686, 1, 1080, 935.973, 62.0309
11.714, 1, 1080, 937.819, 95.0905
11.735, 1, 1080, 939.255, 91.6129
11.751, 1, 1080, 940.623, 90.1834
11.772, 1, 1080, 941.17, 95.3158
11.786, 1, 1080, 943.29, 61.0617
11.799, 1, 1080, 944.316, 84.1194
11.814, 1, 1080, 945.479, 125.255
11.827, 1, 1080, 946.573, 61.1162
11.842, 1, 1080, 948.009, 92.4593
11.86, 1, 1080, 949.514, 62.771
11.879, 1, 1080, 950.676, 88.7593
11.898, 1, 1080, 952.66, 78.1143
11.918, 1, 1080, 954.164, 82.2775
11.939, 1, 1080, 955.6, 98.4622
11.959, 1, 1080, 956.216, 0
11.975, 1, 1080, 958.267, 118.32
11.988, 1, 1080, 959.225, 211.077
12, 1, 1080, 960.114, 18997
12.011, 1, 1080, 961.003, 0
12.025, 1, 1080, 962.439, 58.4522
12.04, 1, 1080, 963.533, 40.5629
12.053, 1, 1080, 964.696, 56.4732
12.067, 1, 1080, 965.79, 0
12.081, 1, 1080, 966.816, 95.9173
12.095, 1, 1080, 968.047, 62.2001
12.11, 1, 1080, 969.141, 87.7908
12.124, 1, 1080, 970.236, 71.9632
12.139, 1, 1080, 971.467, 49.919
12.153, 1, 1080, 972.492, 119.981
12.167, 1, 1080, 973.587, 478.245
12.179, 1, 1080, 975.023, 68.5261
12.202, 1, 1080, 976.801, 66.9824
12.224, 1, 1080, 978.647, 83.4827
12.246, 1, 1080, 980.015, 94.7654
12.261, 1, 1080, 981.588, 125.485
12.28, 1, 1080, 983.024, 67.2988
12.302, 1, 1080, 984.871, 30.3681
12.32, 1, 1080, 986.307, 101.845
12.34, 1, 1080, 987.743, 65.9489
12.358, 1, 1080, 989.316, 91.064
12.382, 1, 1080, 991.163, 122.671
12.397, 1, 1080, 992.599, 64.4572
12.42, 1, 1080, 994.035, 92.0858
12.434, 1, 1080, 995.608, 0
12.452, 1, 1080, 996.702, 143.977
12.467, 1, 1080, 997.796, 117.205
12.48, 1, 1080, 998.891, 93.898
12.495, 1, 1080, 1000.12, 62.6847
12.51, 1, 1080, 1000.26, 0
12.521, 1, 1080, 1001.9, 0
12.533, 1, 1080, 1003.06, 0
12.548, 1, 1080, 1004.29, -78.338
12.561, 1, 1080, 1005.59, 84.2645
12.582, 1, 1080, 1007.37, 122.561
12.6, 1, 1080, 1008.81, 93.5982
12.619, 1, 1080, 1010.38, 267.145
12.641, 1, 1080, 1011.75, 128.551
12.657, 1, 1080, 1013.39, 68.9545
12.68, 1, 1080, 1015.24, 92.962
12.698, 1, 1080, 1016.74, 67.1468
12.718, 1, 1080, 1018.24, 76.7554
12.738, 1, 1080, 1019.75, 83.1815
12.758, 1, 1080, 1021.94, 69.8798
12.783, 1, 1080, 1023.37, 0
12.797, 1, 1080, 1024.33, 31.1567
12.81, 1, 1080, 1025.43, 118.116
12.824, 1, 1080, 1026.52, 63.0701
12.839, 1, 1080, 1028.23, 89.1837
12.863, 1, 1080, 1030.08, 71.6491
12.885, 1, 1080, 1031.58, 66.7536
12.902, 1, 1080, 1032.81, 105.052
12.917, 1, 1080, 1034.38, 0
12.933, 1, 1080, 1035.34, 31.2136
12.948, 1, 1080, 1036.44, 37.2084
12.962, 1, 1080, 1037.67, 61.5563
12.976, 1, 1080, 1038.83, 81.766
12.993, 1, 1080, 1040.61, 62.1719
13.013, 1, 1080, 1042.45, 41.2479
13.036, 1, 1080, 1043.82, 182.047
13.053, 1, 1080, 1044.98, 61.6395
13.067, 1, 1080, 1046.15, 46.6501
13.081, 1, 1080, 0.889058, 946131
13.094, 1, 1080, 1048.13, 120.509
13.107, 1, 1080, 1049.09, 115.23
13.119, 1, 1080, 1050.05, 182.047
13.132, 1, 1080, 1050.93, 485.029
13.144, 1, 1080, 1051.89, 0
13.157, 1, 1080, 1052.85, 0
13.17, 1, 1080, 1054.22, 184.669
13.184, 1, 1080, 1055.31, 91.3478
13.198, 1, 1080, 1056.47, 388.574
13.213, 1, 1080, 1057.64, 438.391
13.227, 1, 1080, 1058.8, 59.109
13.241, 1, 1080, 1060.17, 92.7938
13.265, 1, 1080, 1062.01, -17.1058
13.289, 1, 1080, 1064, 77.1886
13.308, 1, 1080, 1065.57, 366.043
13.325, 1, 1080, 1066.66, 113.792
13.339, 1, 1080, 1067.69, 42.1115
13.352, 1, 1080, 1068.85, 60.9528
13.367, 1, 1080, 1070.02, 62.771
13.382, 1, 1080, 1071.11, 94.46
13.396, 1, 1080, 1072.27, 518.099
13.409, 1, 1080, 1073.37, 113.133
13.423, 1, 1080, 1074.39, 142.775
13.438, 1, 1080, 1075.55, 0
13.452, 1, 1080, 1076.79, 121.15
13.466, 1, 1080, 1077.81, 92.2514
13.48, 0.75728, 1080, 1078.84, 0
13.494, 0.320274, 1080, 1079.52, 0
13.509, 0.126733, 1080, 1079.86, 0
13.524, 0.0976672, 1080, 1079.86, 0
13.549, 0.100403, 1080, 1079.86, 0
13.569, 0.104506, 1080, 1079.86, 0
13.592, 0.109977, 1080, 1079.86, 0
13.611, 0.113397, 1080, 1079.86, 0
13.639, 0.118868, 1080, 1079.86, 974606
13.663, 0.00636778, 1080, 1080.07, 0
13.676, 0.0644149, 1080, 1080.14, 0
13.691, 0.0671505, 1080, 1080.14, 0
13.713, 0.0726216, 1080, 1080.14, 0
13.727, 0.0767249, 1080, 1080.14, 0
13.742, 0.0808283, 1080, 1080.14, 0
13.755, 0.0835638, 1080, 1080.14, 0
13.775, 0.0869833, 1080, 1080.14, 0
13.79, 0.0869833, 1080, 1080.14, 0
13.81, 0.0945061, 1080, 1080.14, 0
13.824, 0.0986094, 1080, 1080.14, 0
13.837, 0.103397, 1080, 1080.14, 0
13.851, 0.106816, 1080, 1080.14, 0
13.864, 0.110919, 1080, 1080.14, 0
13.879, 0.115023, 1080, 1080.14, 0
13.892, 0.119126, 1080, 1080.14, 0
13.905, 0.123229, 1080, 1080.14, 0
13.917, 0.127333, 1080, 1080.14, 0
13.929, 0.131436, 1080, 1080.14, 0
13.942, 0.136223, 1080, 1080.14, 0
13.955, 0.140327, 1080, 1080.14, 0
13.969, 0.143746, 1080, 1080.14, 0
13.984, 0.14785, 1080, 1080.14, 2.43936e+10
14, 0.0740729, 1080, 1080.14, 0
14.028, 0.0795441, 1080, 1080.14, 0
14.041, 0.0843313, 1080, 1080.14, 0
14.056, 0.0884347, 1080, 1080.14, 0
14.071, 0.092538, 1080, 1080.14, 0
14.097, 0.0973252, 1080, 1080.14, 0
14.115, 0.100745, 1080, 1080.14, 0
14.138, 0.105532, 1080, 1080.14, 0
14.16, 0.108267, 1080, 1080.14, 0
14.183, 0.112371, 1080, 1080.14, 0
14.209, 0.118526, 1080, 1080.14, 0
14.227, 0.121945, 1080, 1080.14, 0
14.254, 0.127416, 1080, 1080.14, 0
14.279, 0.132888, 1080, 1080.14, 0
14.298, 0.136307, 1080, 1080.14, 0
14.316, 0.137675, 1080, 1080.14, 0
14.334, 0.143146, 1080, 1080.14, 0
14.353, 0.146565, 1080, 1080.14, 0
14.371, 0.147933, 1080, 1080.14, 0
14.388, 0.150669, 1080, 1080.14, 0
14.409, 0.155456, 1080, 1080.14, 0
14.426, 0.160243, 1080, 1080.14, 0
14.446, 0.162295, 1080, 1080.14, 0
14.467, 0.16845, 1080, 1080.14, 0
14.482, 0.172553, 1080, 1080.14, 0
14.497, 0.17734, 1080, 1080.14, 0
14.51, 0.181444, 1080, 1080.14, 0
14.524, 0.184863, 1080, 1080.14, 0
14.539, 0.188967, 1080, 1080.14, 0
14.556, 0.191018, 1080, 1080.14, 0
14.584, 0.19307, 1080, 1080.14, 0
14.622, 0.198541, 1080, 1080.14, 0
14.648, 0.204012, 1080, 1080.14, 0
14.671, 0.206748, 1080, 1080.14, 0
14.734, 0.211535, 1080, 1080.14, 0
14.772, 0.218374, 1080, 1080.14, 0
14.792, 0.221793, 1080, 1080.14, 0
14.814, 0.226581, 1080, 1080.14, 0
14.832, 0.23, 1080, 1080.14, 0
14.854, 0.233419, 1080, 1080.14, 0
14.876, 0.238891, 1080, 1080.14, 0
14.899, 0.241626, 1080, 1080.14, 0
14.921, 0.247097, 1080, 1080.14, 0
14.941, 0.249833, 1080, 1080.14, 0
14.973, 0.253936, 1080, 1080.14, 0
15.059, 0.261459, 1080, 1080.14, 0
15.074, 0.263511, 1080, 1080.14, 0
15.089, 0.268298, 1080, 1080.14, 0
15.117, 0.271717, 1080, 1080.14, 0
15.136, 0.276505, 1080, 1080.14, 0
15.155, 0.277872, 1080, 1080.14, 0
15.178, 0.284027, 1080, 1080.14, 0
15.195, 0.287447, 1080, 1080.14, 0
15.212, 0.289498, 1080, 1080.14, 0
15.228, 0.29155, 1080, 1080.14, 0
15.246, 0.297021, 1080, 1080.14, 0
15.268, 0.300441, 1080, 396.246, 285669
15.288, 0.0654407, 1080, 1080.14, 0
15.301, 0.0695441, 1080, 1080.14, 0
15.315, 0.0743313, 1080, 1080.14, 0
15.328, 0.0777508, 1080, 1080.14, 0
15.343, 0.0818541, 1080, 1080.14, 0
15.356, 0.0859574, 1080, 1080.14, 0
15.37, 0.0893769, 1080, 1080.14, 0
15.383, 0.0934802, 1080, 1080.14, 0
15.397, 0.0982675, 1080, 1080.14, 0
15.41, 0.101003, 1080, 1080.14, 0
15.425, 0.10579, 1080, 1080.14, 0
15.439, 0.109894, 1080, 1080.14, 0
15.453, 0.113997, 1080, 1080.14, 0
15.467, 0.1181, 1080, 1080.14, 0
15.482, 0.122888, 1080, 1080.14, 0
15.496, 0.126991, 1080, 1080.14, 0
15.51, 0.131094, 1080, 1080.14, 0
15.529, 0.134514, 1080, 1080.14, 0
15.546, 0.137933, 1080, 1080.14, 0
15.566, 0.141353, 1080, 1080.14, 0
15.587, 0.144088, 1080, 1080.14, 0
15.604, 0.148875, 1080, 1080.14, 0
15.625, 0.152295, 1080, 1080.14, 0
15.645, 0.15503, 1080, 1080.14, 0
15.668, 0.159134, 1080, 1080.14, 0
15.684, 0.161869, 1080, 1080.14, 0
15.701, 0.163921, 1080, 1080.14, 0
15.724, 0.170076, 1080, 1080.14, 0
15.744, 0.172812, 1080, 1080.14, 0
15.764, 0.175547, 1080, 1080.14, 0
15.785, 0.180334, 1080, 1080.14, 0
15.799, 0.180334, 1080, 1080.14, 0
15.82, 0.189225, 1080, 1080.14, 0
15.834, 0.193328, 1080, 1080.14, 0
15.847, 0.196748, 1080, 1080.14, 0
15.862, 0.200851, 1080, 1080.14, 0
15.876, 0.205638, 1080, 1080.14, 0
15.891, 0.209742, 1080, 1080.14, 0
15.905, 0.213845, 1080, 1080.14, 0
15.92, 0.218632, 1080, 1080.14, 0
15.934, 0.222736, 1080, 1080.14, 0
15.95, 0.226839, 1080, 1080.14, 0
15.963, 0.230942, 1080, 1080.14, 0
15.985, 0.235046, 1080, 1080.14, 0
16, 0.239833, 1080, 1080.14, 0
16.013, 0.243936, 1080, 1080.14, 0
16.028, 0.24804, 1080, 1080.14, 0
16.041, 0.251459, 1080, 1080.14, 0
16.053, 0.254878, 1080, 1080.14, 0
16.067, 0.258982, 1080, 1080.14, 0
16.081, 0.263769, 1080, 1080.14, 0
16.096, 0.267872, 1080, 1080.14, 0
16.109, 0.267872, 1080, 1080.14, 0
16.127, 0.270608, 1080, 1080.14, 0
16.141, 0.277447, 1080, 1080.14, 0
16.155, 0.28155, 1080, 1080.14, 0
16.169, 0.285653, 1080, 1080.14, 0
16.182, 0.289073, 1080, 1080.14, 0
16.195, 0.293176, 1080, 1080.14, 0
16.209, 0.295228, 1080, 1080.14, 0
16.226, 0.298647, 1080, 1080.14, 0
16.241, 0.301383, 1080, 1080.14, 0
16.259, 0.304802, 1080, 1080.14, 0
16.293, 0.311641, 1080, 1080.14, 0
16.311, 0.315061, 1080, 1080.14, 0
16.333, 0.317796, 1080, 1080.14, 0
16.357, 0.323267, 1080, 1080.14, 0
16.375, 0.326003, 1080, 1080.14, 0
16.391, 0.328739, 1080, 1080.14, 0
16.408, 0.334894, 1080, 1080.14, 0
16.421, 0.339681, 1080, 1080.14, 0
16.436, 0.343784, 1080, 1080.14, 0
16.45, 0.347888, 1080, 1080.14, 0
16.464, 0.351991, 1080, 1080.14, 0
16.481, 0.356778, 1080, 1080.14, 0
16.494, 0.360881, 1080, 1080.14, 0
16.515, 0.364301, 1080, 1080.14, 0
16.535, 0.367036, 1080, 1080.14, 0
16.557, 0.372508, 1080, 1080.14, 0
16.576, 0.375927, 1080, 1080.14, 0
16.596, 0.378663, 1080, 1080.14, 0
16.616, 0.382082, 1080, 1080.14, 0
16.636, 0.386185, 1080, 1080.14, 0
16.653, 0.389605, 1080, 1080.14, 0
16.675, 0.395076, 1080, 1080.14, 0
16.697, 0.398495, 1080, 1080.14, 0
16.761, 0.407386, 1080, 1080.14, 0
16.78, 0.410122, 1080, 1080.14, 0
16.796, 0.412173, 1080, 1080.14, 0
16.808, 0.418328, 1080, 1080.14, 0
16.822, 0.421748, 1080, 1080.14, 0
16.837, 0.427219, 1080, 1080.14, 0
16.851, 0.431322, 1080, 1080.14, 0
16.865, 0.434742, 1080, 1080.14, 0
16.884, 0.439529, 1080, 1080.14, 0
16.899, 0.444316, 1080, 1080.14, 0
16.913, 0.448419, 1080, 1080.14, 0
16.928, 0.452523, 1080, 1080.14, 0
16.941, 0.452523, 1080, 1080.14, 0
16.965, 0.423116, 1080, 1080, 0
16.992, 0.389605, 1080, 1080, 0
17.01, 0.389605, 1080, 1080, 0
17.029, 0.389605, 1080, 1080, 0
17.05, 0.389605, 1080, 6.29179, 444416
17.069, 0.005, 1080, 1080, 8.96275e+10
17.084, 0.005, 1080, 1080, 0
17.098, 0.005, 1080, 1080, 0
17.113, 0.005, 1080, 1080, 0
17.129, 0.005, 1080, 1080, 0
17.141, 0.005, 1080, 1080, -941024
17.158, 0.005, 1080, 1080, 0
17.169, 0.005, 1080, 1080.07, 0
17.182, 0.0661246, 1080, 1080.14, 0
17.196, 0.070228, 1080, 1080.14, 0
17.21, 0.0743313, 1080, 1080.14, 0
17.223, 0.0777508, 1080, 1080.14, 0
17.237, 0.0818541, 1080, 1080.14, 0
17.259, 0.0866413, 1080, 1080.14, 0
17.272, 0.0900608, 1080, 1080.14, 0
17.285, 0.094848, 1080, 1080.14, 0
17.299, 0.0989514, 1080, 1080.14, 0
17.314, 0.103055, 1080, 1080.14, 0
17.326, 0.10579, 1080, 1080.14, 0
17.347, 0.108526, 1080, 1080.14, 0
17.364, 0.113313, 1080, 1080.14, 0
17.384, 0.116733, 1080, 1080.14, 0
17.404, 0.119468, 1080, 1080.14, 0
17.422, 0.12152, 1080, 1080.14, 0
17.443, 0.127675, 1080, 1080.14, 0
17.465, 0.132462, 1080, 1080.14, 0
17.487, 0.136565, 1080, 1080.14, 0
17.508, 0.138617, 1080, 1080.14, 0
17.525, 0.142036, 1080, 1080.14, 0
17.546, 0.14614, 1080, 1080.14, 0
17.563, 0.149559, 1080, 1080.14, 0
17.586, 0.153663, 1080, 1080.14, 0
17.604, 0.157766, 1080, 1080.14, 0
17.618, 0.160502, 1080, 1080.14, 0
17.638, 0.163237, 1080, 1080.14, 0
17.654, 0.16734, 1080, 1080.14, 0
17.682, 0.172812, 1080, 1080.14, 0
17.7, 0.174863, 1080, 1080.14, 0
17.723, 0.180334, 1080, 1080.14, 0
17.744, 0.182386, 1080, 1080.14, 0
17.761, 0.187857, 1080, 1080.14, -1.00141e+06
17.784, 0.0647568, 1080, 1080.14, 0
17.799, 0.0688602, 1080, 1080.14, 0
17.813, 0.0736474, 1080, 1080.14, 0
17.828, 0.0777508, 1080, 1080.14, 0
17.842, 0.0818541, 1080, 1080.14, 0
17.856, 0.0852736, 1080, 1080.14, 0
17.868, 0.088693, 1080, 1080.14, 0
17.883, 0.0941641, 1080, 1080.14, 0
17.897, 0.0982675, 1080, 1080.14, 0
17.911, 0.101687, 1080, 1080.14, 0
17.925, 0.10579, 1080, 1080.14, 0
17.941, 0.10921, 1080, 1080.14, 0
17.955, 0.10921, 1080, 1080.14, 0
17.971, 0.111945, 1080, 1080.14, 0
17.986, 0.111945, 1080, 1080.14, 0
18.014, 0.12152, 1080, 1080.14, 199.385
18.029, 0.17247, 1080, 1080.34, 0
18.043, 0.217948, 1080, 1080.41, 0
18.058, 0.230258, 1080, 1080.41, 0
18.072, 0.242568, 1080, 54.5745, 850610
18.086, 0.179734, 1080, 1080.27, 0
18.1, 0.118184, 1080, 1080.14, 0
18.115, 0.0877508, 1080, 1080.14, 0
18.132, 0.0904863, 1080, 1080.14, 0
18.156, 0.0959574, 1080, 1080.14, 0
18.176, 0.0993769, 1080, 1080.14, 0
18.198, 0.102112, 1080, 1080.14, 0
18.219, 0.106216, 1080, 1080.14, 0
18.249, 0.110319, 1080, 1080.14, 0
18.278, 0.111687, 1080, 1080.14, 0
18.306, 0.11579, 1080, 1080.14, 0
18.337, 0.117158, 1080, 1080.14, 0
18.378, 0.120578, 1080, 1080.14, 0
18.389, 0.126733, 1080, 1080.14, 0
18.402, 0.130836, 1080, 1080.14, 0
18.414, 0.135623, 1080, 1080.14, 0
18.427, 0.139726, 1080, 1080.14, 0
18.439, 0.14383, 1080, 1080.14, 0
18.452, 0.147933, 1080, 1080.14, 0
18.464, 0.152036, 1080, 1080.14, 0
18.476, 0.15614, 1080, 1080.14, 0
18.489, 0.160243, 1080, 1080.14, 0
18.501, 0.164347, 1080, 1080.14, 0
18.514, 0.16845, 1080, 1080.14, 0
18.526, 0.173237, 1080, 1080.14, 0
18.539, 0.178024, 1080, 1080.14, 0
18.551, 0.182128, 1080, 1080.14, 0
18.564, 0.186231, 1080, 1080.14, 0
18.576, 0.190334, 1080, 1080.14, 0
18.588, 0.194438, 1080, 1080.14, 0
18.601, 0.198541, 1080, 1080.14, 0
18.614, 0.20196, 1080, 1080.14, 0
18.626, 0.206748, 1080, 1080.14, 0
18.639, 0.210167, 1080, 1080.14, 0
18.651, 0.214954, 1080, 1080.14, 0
18.664, 0.219058, 1080, 1080.14, 0
18.676, 0.223161, 1080, 1080.14, 0
18.689, 0.227264, 1080, 1080.14, 0
18.701, 0.231368, 1080, 1080.14, 0
18.713, 0.235471, 1080, 1080.14, 0
18.726, 0.239574, 1080, 1080.14, 0
18.738, 0.243678, 1080, 1080.14, 0
18.751, 0.247781, 1080, 1080.14, 0
18.763, 0.252568, 1080, 1080.14, 0
18.776, 0.257356, 1080, 1080.14, 0
18.788, 0.261459, 1080, 1080.14, 0
18.801, 0.265562, 1080, 1080.14, 0
18.813, 0.269666, 1080, 1080.14, 0
18.826, 0.273769, 1080, 1080.14, 0
18.839, 0.277872, 1080, 1080.14, 0
18.854, 0.281976, 1080, 1080.14, 0
18.867, 0.286079, 1080, 1080.14, 0
18.882, 0.290182, 1080, 1080.14, 0
18.896, 0.29497, 1080, 1080.14, 0
18.91, 0.299073, 1080, 1080.14, 0
18.925, 0.303176, 1080, 1080.14, 0
18.938, 0.30728, 1080, 1080.14, 0
18.951, 0.312067, 1080, 1080.14, 0
18.963, 0.316854, 1080, 1080.14, 0
18.977, 0.318906, 1080, 1080.14, 0
18.995, 0.322325, 1080, 1080.14, 0
19.064, 0.32848, 1080, 1080.14, 0
19.127, 0.333267, 1080, 1080.14, 0
19.155, 0.338739, 1080, 1080.14, 0
19.178, 0.341474, 1080, 1080.14, 0
19.199, 0.346945, 1080, 1080.14, 0
19.221, 0.351049, 1080, 1080.14, 0
19.249, 0.35652, 1080, 1080.14, 0
19.268, 0.358571, 1080, 1080.14, 0
19.289, 0.364726, 1080, 1080.14, 0
19.309, 0.366778, 1080, 1080.14, 0
19.335, 0.372933, 1080, 1080.14, 0
19.359, 0.37772, 1080, 1080.14, 0
19.381, 0.380456, 1080, 1080.14, 0
19.397, 0.382508, 1080, 1080.14, 0
19.419, 0.388663, 1080, 1080.14, 0
19.437, 0.391398, 1080, 1080.14, 0
19.454, 0.39345, 1080, 1080.14, 0
19.471, 0.396185, 1080, 1080.14, 0
19.494, 0.401657, 1080, 1080.14, 0
19.511, 0.403708, 1080, 1080.14, 0
19.532, 0.408495, 1080, 1080.14, 0
19.559, 0.410547, 1080, 1080.14, 0
19.606, 0.41465, 1080, 1080.14, 0
19.64, 0.420805, 1080, 1080.14, 0
19.659, 0.424225, 1080, 1080.14, 0
19.68, 0.42696, 1080, 1080.14, 0
19.696, 0.429012, 1080, 1080.14, 0
19.718, 0.433799, 1080, 1080.14, 0
