0, 0, 0, 0, 0
0.013, 1, 360, 0, 0
0.026, 1, 360, 0.547112, 0
0.042, 1, 360, 1.57295, 62.57
0.056, 1, 360, 2.46201, 89.7102
0.07, 1, 360, 3.55623, 202.334
0.085, 1, 360, 4.71884, 171.401
0.099, 1, 360, 5.81307, 44.179
0.113, 1, 360, 6.90729, 89.8083
0.126, 1, 360, 8.00152, 122.123
0.14, 1, 360, 9.02736, 90.9026
0.154, 1, 360, 10.19, 78.4728
0.168, 1, 360, 11.2842, 0
0.182, 1, 360, 12.5152, 0
0.196, 1, 360, 13.4726, 79.209
0.214, 1, 360, 15.2508, 81.1451
0.236, 1, 360, 16.6869, 95.0949
0.264, 1, 360, 19.2857, 70.8171
0.289, 1, 360, 21.269, 63.6177
0.31, 1, 360, 22.6368, 61.0072
0.323, 1, 360, 24.0729, 81.9816
0.345, 1, 360, 25.7827, 74.0622
0.376, 1, 360, 26.9453, 48.8493
0.39, 1, 360, 28.997, 118.014
0.403, 1, 360, 30.0912, 94.8531
0.418, 1, 360, 31.1854, 32.6595
0.431, 1, 360, 32.348, 122.451
0.445, 1, 360, 33.4422, 61.5563
0.458, 1, 360, 34.4681, 0
0.473, 1, 360, 35.5623, 0
0.488, 1, 360, 36.7249, 38.6488
0.504, 1, 360, 38.1611, 107.193
0.52, 1, 360, 39.2553, 90.1338
0.536, 1, 360, 40.5547, 125.14
0.549, 1, 360, 43.2903, 80.316
0.611, 1, 360, 47.6672, 2.16793e+07
0.648, 1, 360, 50.0608, 64.9345
0.671, 1, 360, 51.5653, -44.4807
0.687, 1, 360, 52.8647, 53191.5
0.7, 1, 360, 53.8906, 184.337
0.713, 1, 360, 55.0532, 62.059
0.728, 1, 360, 56.079, 35.3067
0.741, 1, 360, 57.2416, 126.823
0.756, 1, 360, 58.4043, 58.9053
0.77, 1, 360, 59.4301, 93.8551
0.784, 1, 360, 60.5243, 70.6499
0.798, 1, 360, 61.6185, 161.295
0.81, 1, 360, 62.6444, 0
0.823, 1, 360, 63.807, 90.7418
0.84, 1, 360, 64.9012, 33.5899
0.853, 1, 360, 66.0638, 52891.5
0.867, 1, 360, 67.2264, 30.9593
0.881, 1, 360, 68.3891, 92.21
0.897, 1, 360, 70.304, 78.9712
0.922, 1, 360, 71.6033, -547112
0.935, 1, 360, 72.5608, 0
0.949, 1, 360, 73.997, 122.342
0.966, 1, 360, 75.7751, 90.5216
0.992, 1, 360, 77.6216, 62.1154
1.01, 1, 360, 79.0578, 0
1.033, 1, 360, 80.4255, 72.8939
1.051, 1, 360, 82.2036, 73.2217
1.082, 1, 360, 84.8024, 99.2872
1.103, 1, 360, 86.1702, 79.2274
1.125, 1, 360, 88.3587, 75.971
1.148, 1, 360, 91.0258, 85.1387
1.189, 1, 360, 93.0775, 96.3
1.207, 1, 360, 94.6505, 81.766
1.226, 1, 360, 96.8389, 60.7903
1.248, 1, 360, 98.2751, 78.0103
1.272, 1, 360, 98.8222, 169.28
1.301, 1, 360, 102.926, 165.591
1.329, 1, 360, 104.362, 39.877
1.343, 1, 360, 105.729, 68.1981
1.364, 1, 360, 107.644, 134.096
1.383, 1, 360, 109.081, 99.3821
1.405, 1, 360, 110.517, 98.5636
1.423, 1, 360, 112.432, 289.784
1.446, 1, 360, 114.21, 52.2453
1.464, 1, 360, 115.714, 0
1.487, 1, 360, 117.492, 87.3052
1.51, 1, 360, 119.339, 120.936
1.527, 1, 360, 120.843, 83.7485
1.549, 1, 360, 122.553, 84.6923
1.577, 1, 360, 124.742, 89.0676
1.605, 1, 360, 127.067, 0
1.628, 1, 360, 128.845, 73.034
1.65, 1, 360, 130.623, 94.2517
1.671, 1, 360, 133.29, 89.3041
1.717, 1, 360, 137.941, 73.206
1.763, 1, 360, 139.719, 60.7363
1.779, 1, 360, 141.565, 90.223
1.804, 1, 360, 143.549, 82.2478
1.832, 1, 360, 145.395, 89.828
1.869, 1, 360, 149.43, 91.8179
1.92, 1, 360, 151.208, 96.3226
1.934, 1, 360, 153.26, 93.5982
1.948, 1, 360, 154.491, 61.5286
1.963, 1, 360, 155.653, 61.308
1.978, 1, 360, 156.748, 73.9741
1.991, 1, 360, 157.842, 89.5731
2.005, 1, 360, 158.936, 2137.16
2.017, 1, 360, 159.962, 61.0072
2.031, 1, 360, 365.198, -181237
2.043, 1, 360, 161.945, 59.2113
2.056, 1, 360, 163.04, 59.007
2.069, 1, 360, 164.134, 62.059
2.084, 1, 360, 165.228, 93.8551
2.099, 1, 360, 166.391, 92.2929
2.113, 1, 360, 167.485, 42.3462
2.127, 1, 360, 168.579, 183.842
2.14, 1, 360, 169.673, 116.705
2.154, 1, 360, 171.178, 2011.44
2.176, 1, 360, 172.956, 60.8985
2.195, 1, 360, 174.187, 30.8894
2.21, 1, 360, 175.213, 39.6229
2.223, 1, 360, 176.444, 60.98
2.238, 1, 360, 177.606, 52.1656
2.252, 1, 360, 178.701, 47.3772
2.268, 1, 360, 179.932, 30.9033
2.282, 1, 360, 181.026, 54.7989
2.296, 1, 360, 182.12, 61.6118
2.309, 1, 360, 183.214, 60.2547
2.323, 1, 360, 184.309, 60.6555
2.338, 1, 360, 185.334, 121.797
2.35, 1, 360, 186.36, 33.656
2.363, 1, 360, 187.523, 61.723
2.378, 1, 360, 188.685, 62.57
2.393, 1, 360, 189.848, 0
2.406, 1, 360, 191.216, 82.4163
2.427, 1, 360, 192.926, 73.5524
2.45, 1, 360, 194.362, 71.2089
2.468, 1, 360, 195.866, 122.561
2.481, 1, 360, 196.96, 62.4558
2.496, 1, 360, 198.055, 195.397
2.51, 1, 360, 199.217, 186.516
2.524, 1, 360, 200.38, 82.921
2.542, 1, 360, 202.363, 119.145
2.568, 1, 360, 204.073, 85.8799
2.589, 1, 360, 205.988, 61.3905
2.607, 1, 360, 206.056, 181785
2.625, 1, 360, 208.45, 182.533
2.638, 1, 360, 209.544, 90.7819
2.653, 1, 360, 210.638, 73.0262
2.667, 1, 360, 211.869, 30.8754
2.681, 1, 360, 212.895, 48.5373
2.695, 1, 360, 213.989, 0
2.708, 1, 360, 215.015, 49.4141
2.722, 1, 360, 216.109, 73.1434
2.736, 1, 360, 217.34, 121.689
2.75, 1, 360, 218.366, 0
2.764, 1, 360, 219.597, 0
2.779, 1, 360, 220.76, 71.9885
2.792, 1, 360, 220.897, 52.688
2.805, 1, 360, 222.812, 108.554
2.819, 1, 360, 223.906, 177.174
2.833, 1, 360, 225.068, 0
2.848, 1, 360, 226.299, 0
2.863, 1, 360, 227.394, 95.9173
2.877, 1, 360, 228.488, 121.797
2.89, 1, 360, 229.582, 90.8221
2.905, 1, 360, 230.676, 51.3817
2.918, 1, 360, 231.702, 32.1528
2.931, 1, 360, 232.865, 272.466
2.946, 1, 360, 234.096, 126.412
2.96, 1, 360, 235.19, 119.145
2.974, 1, 360, 236.284, 58.154
2.988, 1, 360, 237.994, 88.9903
3.014, 1, 360, 239.498, 158.308
3.029, 1, 360, 240.661, 102.957
3.044, 1, 360, 242.097, 93.5128
3.061, 1, 360, 243.397, 71.2238
3.08, 1, 360, 245.175, 64.1348
3.101, 1, 360, 246.748, 291.017
3.118, 1, 360, 247.91, 78.2483
3.135, 1, 360, 249.62, 0
3.158, 1, 360, 251.125, 103.777
3.174, 1, 360, 252.629, 89.9067
3.195, 1, 360, 254.476, 73.1434
3.214, 1, 360, 256.049, 80.401
3.237, 1, 360, 257.485, 79.3683
3.252, 1, 360, 258.716, 99.651
3.27, 1, 360, 260.152, 123.113
3.285, 1, 360, 261.315, 53.5195
3.305, 1, 360, 263.093, -705.042
3.319, 1, 360, 264.187, 52.2453
3.341, 1, 360, 265.897, 0
3.355, 1, 360, 267.059, 93.941
3.369, 1, 360, 268.085, 95.9173
3.382, 1, 360, 269.248, 122.781
3.396, 1, 360, 270.342, 62.2851
3.411, 1, 360, 271.505, 60.8985
3.425, 1, 360, 272.667, 91.2665
3.441, 1, 360, 273.967, 120.722
3.456, 1, 360, 274.992, 28.8075
3.468, 1, 360, 276.223, 92.0445
3.489, 1, 360, 278.138, 276.879
3.508, 1, 360, 279.301, 119.561
3.521, 1, 360, 280.669, 0
3.539, 1, 360, 281.763, 67.279
3.555, 1, 360, 283.746, 92.71
3.581, 1, 360, 285.251, 93.8551
3.61, 1, 360, 286.619, 118.525
3.624, 1, 360, 288.67, 0
3.639, 1, 360, 289.833, 0
3.654, 1, 360, 291.064, 121.043
3.667, 1, 360, 292.09, 0
3.682, 1, 360, 293.252, 180.446
3.695, 1, 360, 294.278, 0
3.708, 1, 360, 295.372, 111.021
3.721, 1, 360, 296.398, 89.9462
3.737, 1, 360, 297.629, 98.2601
3.751, 1, 360, 298.723, 181.403
3.765, 1, 360, 300.228, 65.7271
3.787, 1, 360, 301.938, 169.7
3.809, 1, 360, 303.442, 49.4319
3.825, 1, 360, 304.878, 74.4979
3.845, 1, 360, 306.725, 149.757
3.868, 1, 360, 308.366, 81.5515
3.888, 1, 360, 309.802, 822.44
3.907, 1, 360, 311.307, 223.494
3.921, 1, 360, 312.47, 0
3.937, 1, 360, 312.675, 55.197
3.951, 1, 360, 314.795, 219.196
3.964, 1, 360, 314.932, 0
3.974, 1, 360, 316.436, 0
3.987, 1, 360, 317.667, 0
3.999, 1, 360, 318.556, 12212.3
4.01, 1, 360, 319.445, 118.218
4.023, 1, 360, 320.54, 112.853
4.036, 1, 360, 321.634, 62.3988
4.051, 1, 360, 322.796, 111.747
4.067, 1, 360, 324.027, 123.335
4.08, 1, 360, 325.122, 61.5563
4.095, 1, 360, 326.216, 36.0322
4.109, 1, 360, 327.652, 92.1685
4.131, 1, 360, 329.362, 65.6703
4.153, 1, 360, 331.14, 106.277
4.17, 1, 360, 332.644, 50.1019
4.188, 1, 360, 334.149, 55.2059
4.213, 1, 360, 336.543, 0
4.241, 1, 360, 338.389, 91.0236
4.26, 1, 360, 339.962, 232.616
4.282, 1, 360, 341.74, 122.014
4.299, 1, 360, 342.766, 64.5545
4.319, 1, 360, 344.749, 90.1437
4.338, 1, 360, 346.254, 89.6318
4.361, 1, 360, 347.827, 0
4.381, 1, 360, 349.605, 124.912
4.397, 1, 360, 350.699, 109.397
4.418, 1, 360, 352.409, 93.7264
4.433, 1, 360, 353.982, 60.0958
4.452, 1, 360, 355.144, 435.599
4.464, 1, 360, 356.512, 34.1774
4.484, 1, 360, 357.948, 77.1189
4.506, 0.517918, 360, 359.453, 43.9142
4.528, 0.157166, 360, 360, 0
4.547, 0.0214134, 360, 360, 0
4.575, 0.0214134, 360, 360, 0
4.597, 0.0214134, 360, 360, 0
4.62, 0.0214134, 360, 360, 0
4.643, 0.0214134, 360, 360, 0
4.662, 0.0214134, 360, 360, 0
4.68, 0.0214134, 360, 360, 0
4.701, 0.0214134, 360, 360, 0
4.719, 0.0214134, 360, 360, 0
4.733, 0.0214134, 360, 360, 0
4.747, 0.0214134, 360, 360, 0
4.76, 0.0214134, 360, 360, 0
4.776, 0.0214134, 360, 360, 0
4.79, 0.0214134, 360, 360, 0
4.805, 0.0214134, 360, 360, 0
4.818, 0.0214134, 360, 360, 0
4.833, 0.0214134, 360, 360, 0
4.847, 0.0214134, 360, 360, 0
4.86, 0.0214134, 360, 360, 0
4.875, 0.0214134, 360, 360, 0
4.888, 0.0214134, 360, 360, 0
4.902, 0.0214134, 360, 360, 0
4.916, 0.0214134, 360, 360, 0
4.93, 0.0214134, 360, 360, 0
4.949, 0.0214134, 360, 360, 0
4.97, 0.0214134, 360, 360, 0
4.987, 0.0214134, 360, 360, 0
5.01, 0.0214134, 360, 360, 0
5.031, 0.0214134, 360, 360, 0
5.05, 0.0214134, 360, 360, 0
5.072, 0.0214134, 360, 360, 0
5.087, 0.0214134, 360, 360, 0
5.102, 0.0214134, 360, 360, 0
5.117, 0.0214134, 360, 360, 0
5.132, 0.0214134, 360, 360, 0
5.146, 0.0214134, 360, 360, 0
5.161, 0.0214134, 360, 360, 0
5.174, 0.0214134, 360, 360, 0
5.188, 0.0214134, 360, 360, 0
5.201, 0.0214134, 360, 360, 0
5.221, 0.0214134, 360, 360, 0
5.237, 0.0214134, 360, 360, 0
5.287, 0.0214134, 360, 360, 0
5.308, 0.0214134, 360, 360, 0
5.336, 0.0214134, 360, 360, 0
5.347, 0.0214134, 360, 360, 0
5.36, 0.0214134, 360, 360, 0
5.374, 0.0214134, 360, 360, 0
5.388, 0.0214134, 360, 360, 0
5.404, 0.0214134, 360, 360, 0
5.427, 0.0214134, 360, 360, 0
5.441, 0.0214134, 360, 360, 0
5.452, 0.0214134, 360, 360, 0
5.481, 0.0214134, 360, 360, 0
5.583, 0.0214134, 360, 360, 0
5.612, 0.0214134, 360, 360, 0
5.629, 0.0214134, 360, 360, 0
5.653, 0.0214134, 360, 360, 0
5.675, 0.0214134, 360, 360, 0
5.695, 0.0214134, 360, 360, 0
5.717, 0.0214134, 360, 360, 0
5.733, 0.0214134, 360, 360, 0
5.747, 0.0214134, 360, 360, 0
5.769, 0.0214134, 360, 360, 0
5.787, 0.0214134, 360, 360, 0
5.81, 0.0214134, 360, 360, 0
5.831, 0.0214134, 360, 360, 0
5.85, 0.0214134, 360, 360, 0
5.87, 0.0214134, 360, 360, 0
5.891, 0.0214134, 360, 360, 0
5.907, 0.0214134, 360, 360, 0
5.926, 0.0214134, 360, 360, 0
5.964, 0.0214134, 360, 360, 0
6.008, 0.0214134, 360, 360, 0
6.03, 0.0214134, 360, 360, 0
6.051, 0.0214134, 360, 360, 0
6.072, 0.0214134, 360, 360, 0
6.092, 0.0214134, 360, 360, 0
6.113, 0.0214134, 360, 360, 0
6.136, 0.0214134, 360, 360, 0
6.157, 0.0214134, 360, 360, 0
6.172, 0.0214134, 360, 360, 0
6.19, 0.0214134, 360, 360, 0
6.211, 0.0214134, 360, 360, 0
6.231, 0.0214134, 360, 360, 0
6.252, 0.0214134, 360, 360, 0
6.266, 0.0214134, 360, 360, 0
6.29, 0.0214134, 360, 360, 0
6.307, 0.0214134, 360, 360, 0
6.318, 0.0214134, 360, 360, 0
6.333, 0.0214134, 360, 360, 0
6.346, 0.0214134, 360, 360, 0
6.361, 0.0214134, 360, 360, 0
6.376, 0.0214134, 360, 360, 0
6.389, 0.0214134, 360, 360, 0
6.408, 0.0214134, 360, 360, 0
6.425, 0.0214134, 360, 360, 0
6.445, 0.0214134, 360, 360, 0
6.46, 0.0214134, 360, 360, 0
6.482, 0.0214134, 360, 360, 0
6.504, 0.0214134, 360, 360, 0
6.519, 0.0214134, 360, 360, 0
6.532, 0.0214134, 360, 360, 0
6.545, 0.0214134, 360, 360, 0
6.56, 0.0214134, 360, 360, 0
6.575, 0.0214134, 360, 360, 0
6.59, 0.0214134, 360, 360, 0
6.603, 0.0214134, 360, 360, 0
6.618, 0.0214134, 360, 360, 0
6.633, 0.0214134, 360, 360, 0
6.646, 0.0214134, 360, 360, 0
6.666, 0.0214134, 360, 360, 0
6.687, 0.0214134, 360, 360, 0
6.71, 0.0214134, 360, 360, 0
6.724, 0.0214134, 360, 360, 0
6.745, 0.0214134, 360, 360, 0
6.76, 0.0214134, 360, 360, 0
6.775, 0.0214134, 360, 360, 0
6.789, 0.0214134, 360, 360, 0
6.803, 0.0214134, 360, 360, 0
6.818, 0.0214134, 360, 360, 0
6.84, 0.0214134, 360, 360, 0
6.855, 0.0214134, 360, 360, 0
6.87, 0.0214134, 360, 360, 0
6.891, 0.0214134, 360, 360, 0
6.915, 0.0214134, 360, 360, 0
6.938, 0.0214134, 360, 360, 0
6.955, 0.0214134, 360, 360, 0
6.969, 0.0214134, 360, 360, 0
6.983, 0.0214134, 360, 360, 0
6.998, 0.0214134, 360, 360, 0
7.012, 0.0214134, 360, 360, 0
7.026, 0.0214134, 360, 360, 0
7.041, 0.0214134, 360, 360, 0
7.055, 0.0214134, 360, 360, 0
7.069, 0.0214134, 360, 360, 0
7.081, 0.0214134, 360, 360, 0
7.103, 0.0214134, 360, 360, 0
7.13, 0.0214134, 360, 360, 0
7.153, 0.0214134, 360, 360, 0
7.174, 0.0214134, 360, 360, 0
7.197, 0.0214134, 360, 360, 0
7.22, 0.0214134, 360, 360, 0
7.238, 0.0214134, 360, 360, 0
7.257, 0.0214134, 360, 360, 0
7.278, 0.0214134, 360, 360, 0
7.295, 0.0214134, 360, 360, 0
7.309, 0.0214134, 360, 360, 0
7.322, 0.0214134, 360, 360, 0
7.336, 0.0214134, 360, 360, 0
7.354, 0.0214134, 360, 360, 0
7.376, 0.0214134, 360, 360, 0
7.395, 0.0214134, 360, 360, 0
7.418, 0.0214134, 360, 360, 0
7.439, 0.0214134, 360, 360, 0
7.454, 0.0214134, 360, 360, 0
7.474, 0.0214134, 360, 360, 0
7.49, 0.0214134, 360, 360, 0
7.512, 0.0214134, 360, 360, 0
7.533, 0.0214134, 360, 360, 0
7.547, 0.0214134, 360, 360, 0
7.606, 0.0214134, 360, 360, 0
7.64, 0.0214134, 360, 360, 0
7.664, 0.0214134, 360, 360, 0
7.684, 0.0214134, 360, 360, 0
7.705, 0.0214134, 360, 360, 0
7.722, 0.0214134, 360, 360, 0
7.744, 0.0214134, 360, 360, 0
7.766, 0.0214134, 360, 360, 0
7.784, 0.0214134, 360, 360, 0
7.805, 0.005, 360, 360, 0
7.821, 0.005, 360, 360, 254234
7.835, 0.0298784, 360, 360.205, 0
7.849, 0.138275, 360, 360.274, 0
7.863, 0.146482, 360, 360.274, 0
7.877, 0.154688, 360, 360.274, 0
7.89, 0.162895, 360, 360.274, 0
7.904, 0.169734, 360, 360.274, 0
7.917, 0.177941, 360, 360.274, 0
7.931, 0.187515, 360, 360.274, 0
7.947, 0.195722, 360, 360.274, 0
7.961, 0.203929, 360, 360.274, 0
7.974, 0.210767, 360, 360.274, 0
7.989, 0.218974, 360, 360.274, 0
8.002, 0.227181, 360, 360.274, 0
8.016, 0.235388, 360, 360.274, 0
8.029, 0.242226, 360, 360.274, 0
8.043, 0.250433, 360, 360.274, 0
8.056, 0.260008, 360, 360.274, 0
8.07, 0.265479, 360, 360.274, 0
8.09, 0.27095, 360, 360.274, 0
8.109, 0.284628, 360, 360.274, 0
8.123, 0.292834, 360, 360.274, 0
8.137, 0.301041, 360, 360.274, 0
8.151, 0.309248, 360, 360.274, 0
8.163, 0.316087, 360, 360.274, 0
8.178, 0.324293, 360, 360.274, 0
8.191, 0.333868, 360, 360.274, 0
8.205, 0.339339, 360, 360.274, 0
8.218, 0.347546, 360, 360.274, 0
8.231, 0.355752, 360, 360.274, 0
8.246, 0.363959, 360, 360.274, 0
8.258, 0.370798, 360, 360.274, -333080
8.273, 0.134514, 360, 360.274, 0
8.286, 0.145456, 360, 360.274, 0
8.299, 0.153663, 360, 360.274, 0
8.311, 0.161869, 360, 360.274, 0
8.324, 0.170076, 360, 360.274, 0
8.344, 0.182386, 360, 360.274, 0
8.356, 0.190593, 360, 360.274, 0
8.369, 0.198799, 360, 360.274, 0
8.381, 0.207006, 360, 360.274, 0
8.394, 0.215213, 360, 360.274, 0
8.406, 0.223419, 360, 360.274, 0
8.419, 0.232994, 360, 360.274, 0
8.431, 0.241201, 360, 360.274, 0
8.444, 0.249407, 360, 360.274, 0
8.456, 0.257614, 360, 360.274, 0
8.469, 0.265821, 360, 360.274, 0
8.481, 0.275395, 360, 360.274, 0
8.493, 0.283602, 360, 360.274, 0
8.506, 0.291809, 360, 360.274, 0
8.518, 0.300015, 360, 360.274, 0
8.531, 0.308222, 360, 360.274, 0
8.544, 0.317796, 360, 360.274, 0
8.559, 0.326003, 360, 360.274, 0
8.572, 0.332842, 360, 360.274, 0
8.586, 0.341049, 360, 360.274, 0
8.6, 0.349255, 360, 360.274, 0
8.616, 0.357462, 360, 360.274, 0
8.629, 0.365669, 360, 360.274, 0
8.644, 0.373875, 360, 360.274, 0
8.67, 0.384818, 360, 360.274, 0
8.689, 0.394392, 360, 360.274, 0
8.705, 0.402599, 360, 360.274, 0
8.72, 0.410805, 360, 360.274, 0
8.734, 0.419012, 360, 360.274, 0
8.748, 0.427219, 360, 360.274, -61.6118
8.761, 0.398837, 360, 360.205, -0.317925
8.774, 0.403967, 360, 360.205, 0
8.785, 0.0986094, 360, 360.342, 0
8.806, 0.173153, 360, 360.41, 0
8.823, 0.212819, 360, 360.41, 0
8.843, 0.231284, 360, 360.41, 0
8.865, 0.243594, 360, 360.41, 0
8.883, 0.253853, 360, 360.41, 0
8.911, 0.270266, 360, 360.342, 0
8.933, 0.248723, 360, 360.342, 0
8.952, 0.257272, 360, 360.342, 0
8.971, 0.260691, 360, 360.342, 0
8.993, 0.277789, 360, 360.342, 0
9.011, 0.282918, 360, 360.342, 0
9.033, 0.296596, 360, 360.342, 0
9.056, 0.305144, 360, 360.342, 0
9.073, 0.310274, 360, 360.342, 0
9.095, 0.322242, 360, 360.342, 0
9.123, 0.327371, 360, 360.342, 0
9.156, 0.339339, 360, 360.342, 0
9.205, 0.347888, 360, 360.342, 0
9.22, 0.363275, 360, 360.342, 0
9.235, 0.373533, 360, 360.342, 0
9.247, 0.383792, 360, 360.342, 0
9.262, 0.39405, 360, 360.342, 0
9.279, 0.402599, 360, 360.342, 0
9.301, 0.409438, 360, 360.342, 0
9.316, 0.414567, 360, 360.342, 0
9.337, 0.429954, 360, 360.342, 0
9.356, 0.433374, 360, 360.342, 0
9.397, 0.440213, 360, 360.274, 0
9.438, 0.414909, 360, 360.274, 0
9.459, 0.427219, 360, 360.205, 0
9.48, 0.397128, 360, 360.205, 0
9.497, 0.400205, 360, 360.205, 0
9.514, 0.408412, 360, 360.205, 0
9.529, 0.413541, 360, 360.205, -0.422142
9.548, 0.41867, 360, 360.205, 0
9.57, 0.422774, 360, 360.205, 0
9.593, 0.428929, 360, 360.205, 0
9.621, 0.436109, 360, 360.137, 0
9.643, 0.40807, 360, 360.137, 0
9.662, 0.413541, 360, 360.137, 0
9.675, 0.417644, 360, 360.137, 0
9.689, 0.42038, 360, 360.137, 0
9.708, 0.423799, 360, 360.137, 0
9.722, 0.426535, 360, 360.137, 0
9.749, 0.429954, 360, 360.137, 0
9.772, 0.436109, 360, 360.137, 134009
9.797, 0.0999772, 360, 360.274, 0
9.811, 0.175547, 360, 360.41, 0
9.825, 0.223419, 360, 360.41, 0
9.839, 0.235729, 360, 360.41, 0
9.854, 0.243936, 360, 360.41, 0
9.872, 0.254195, 360, 360.342, 0
9.899, 0.233678, 360, 360.342, 0
9.921, 0.245646, 360, 360.342, 0
9.943, 0.255904, 360, 360.342, 0
9.958, 0.262743, 360, 360.342, 0
9.979, 0.269582, 360, 360.342, 0
9.996, 0.28155, 360, 360.342, 0
10.016, 0.290099, 360, 360.342, 0
10.036, 0.296938, 360, 360.342, 0
10.053, 0.302067, 360, 360.342, 0
10.068, 0.320874, 360, 360.342, 0
10.081, 0.331132, 360, 360.342, 0
10.095, 0.341391, 360, 360.342, 0
10.109, 0.341391, 360, 360.342, 0
10.123, 1, 360, 360.821, 29.3767
10.144, 0.459704, 360, 361.163, 0
10.16, 0.459704, 360, 361.163, -16.1714
10.181, 0.552112, 360, 361.094, 0
10.196, 0.517918, 360, 360.957, 0
10.217, 0.498085, 360, 360.889, 0
10.238, 0.477226, 360, 360.821, 0
10.26, 0.480988, 360, 360.821, -33.6064
10.28, 0.497401, 360, 360.752, 0
10.3, 0.458761, 360, 360.684, 0
10.32, 0.475859, 360, 360.684, 0
10.344, 0.465258, 360, 360.616, 0
10.368, 0.477568, 360, 360.547, 0
10.392, 0.465942, 360, 360.547, 0
10.414, 0.47962, 360, 360.479, 0
10.433, 0.467652, 360, 360.479, 0
10.446, 0.447477, 360, 360.41, 0
10.461, 0.42696, 360, 360.342, 0
10.475, 0.40234, 360, 360.274, 0
10.488, 0.410547, 360, 360.274, 0
10.502, 0.417386, 360, 360.274, 0
10.516, 0.425593, 360, 360.274, 0
10.53, 0.433799, 360, 360.274, 0
10.544, 0.440638, 360, 360.274, 0
10.558, 0.451581, 360, 360.274, 0
10.573, 0.425251, 360, 360.205, 0
10.587, 0.431406, 360, 360.205, 0
10.601, 0.437561, 360, 360.137, 0
10.615, 0.406786, 360, 360.137, 0
10.629, 0.412257, 360, 360.137, 0
10.644, 0.415676, 360, 360.137, 0
10.658, 0.41636, 360, 360.137, 0
10.682, 0.421147, 360, 360.137, 0
10.704, 0.426619, 360, 360.137, 0
10.726, 0.431406, 360, 360.137, 0
10.745, 0.434825, 360, 360.137, 0
10.766, 0.437561, 360, 360.137, 0
10.782, 0.439612, 360, 360.137, 0
10.809, 0.445084, 360, 360.137, 0
10.828, 0.449871, 360, 360.137, 0
10.847, 0.452606, 360, 360.137, 0
10.87, 0.458078, 360, 360.137, 0
10.892, 0.460813, 360, 360.137, 0
10.92, 0.467652, 360, 360.137, 0
10.937, 0.436535, 360, 360.068, 0
10.959, 0.437903, 360, 360, 0
10.975, 0.404392, 360, 360, 297085
10.991, 0.005, 360, 360.068, 31.0154
11.005, 0.101687, 360, 360.205, 0
11.02, 0.107842, 360, 360.205, 0
11.034, 0.113997, 360, 360.205, 0
11.047, 0.119126, 360, 360.205, 0
11.06, 0.125281, 360, 360.205, 0
11.074, 0.131436, 360, 360.205, 0
11.088, 0.136565, 360, 360.205, 0
11.102, 0.14272, 360, 360.205, 0
11.117, 0.150927, 360, 360.205, 0
11.131, 0.156056, 360, 360.205, 0
11.146, 0.163237, 360, 360.205, 0
11.159, 0.163237, 360, 360.205, 0
11.182, 0.171444, 360, 360.205, 0
11.197, 0.171444, 360, 360.205, 0
11.22, 0.180676, 360, 360.205, 0
11.237, 0.187857, 360, 360.205, 0
11.257, 0.190935, 360, 360.205, 0
11.272, 0.19709, 360, 360.205, 0
11.289, 0.202219, 360, 360.205, 0
11.311, 0.206322, 360, 360.205, 0
11.328, 0.210426, 360, 360.205, 0
11.349, 0.216581, 360, 360.205, 0
11.366, 0.219658, 360, 360.205, -30180.5
11.38, 0.110661, 360, 360.205, 0
11.393, 0.110661, 360, 360.205, 0
11.414, 0.117842, 360, 360.205, 0
11.435, 0.126049, 360, 360.205, 0
11.459, 0.130152, 360, 360.205, 0
11.475, 0.137333, 360, 0.478723, -1.09107e+08
11.492, 0.109635, 360, 360.205, 0
11.513, 0.112713, 360, 360.205, 0
11.533, 0.120919, 360, 360.205, 0
11.55, 0.125023, 360, 360.205, 0
11.567, 0.130152, 360, 360.205, 0
11.589, 0.134255, 360, 360.205, 0
11.613, 0.142462, 360, 360.205, 0
11.635, 0.149643, 360, 496.983, -119981
11.647, 0.110661, 360, 360.205, 0
11.66, 0.11579, 360, 360.205, 0
11.675, 0.123997, 360, 360.205, 0
11.689, 0.130152, 360, 360.205, 0
11.703, 0.136307, 360, 360.205, 0
11.716, 0.141436, 360, 360.205, 0
11.731, 0.148617, 360, 360.205, 0
11.746, 0.155798, 360, 360.205, 0
11.76, 0.161953, 360, 360.205, 0
11.775, 0.168108, 360, 360.205, 0
11.789, 0.173237, 360, 360.205, 0
11.802, 0.179392, 360, 360.205, 0
11.817, 0.183495, 360, 360.205, 0
11.833, 0.184521, 360, 360.205, 0
11.855, 0.191702, 360, 360.205, 0
11.876, 0.199909, 360, 360.205, 0
11.898, 0.206064, 360, 360.205, 0
11.931, 0.210167, 360, 360.205, 0
11.957, 0.220426, 360, 4463.55, -1.86262e+06
11.973, 0.111687, 360, 360.205, 0
11.991, 0.114764, 360, 360.205, 0
12.009, 0.117842, 360, 360.205, 0
12.03, 0.126049, 360, 360.205, 0
12.044, 0.130152, 360, 360.205, 0
12.064, 0.134255, 360, 360.205, 0
12.081, 0.139384, 360, 360.205, 0
12.102, 0.147591, 360, 360.205, 0
12.123, 0.153746, 360, 360.205, 0
12.143, 0.161953, 360, 360.205, 0
12.158, 0.168108, 360, 360.205, 0
12.171, 0.174263, 360, 360.205, 0
12.185, 0.181444, 360, 360.205, 0
12.199, 0.185547, 360, 360.205, 0
12.214, 0.192728, 360, 360.205, 0
12.228, 0.193754, 360, 360.205, 0
12.25, 0.202986, 360, 360.205, 0
12.266, 0.20709, 360, 360.205, 0
12.285, 0.212219, 360, 360.205, 0
12.314, 0.214271, 360, 360.205, 0
12.389, 0.223503, 360, 360.205, 0
12.416, 0.23171, 360, 360.205, 0
12.437, 0.239916, 360, 360.205, 0
12.455, 0.245046, 360, 360.205, 0
12.476, 0.249149, 360, 360.205, 0
12.49, 0.249149, 360, 360.205, 0
12.503, 0.259407, 360, 360.205, 0
12.514, 0.0996353, 360, 360.274, 0
12.527, 0.142036, 360, 360.342, 0
12.539, 0.188199, 360, 360.342, 0
12.552, 0.198457, 360, 360.342, 0
12.565, 0.208716, 360, 360.342, 0
12.577, 0.218974, 360, 360.342, 0
12.589, 0.229233, 360, 360.342, 0
12.602, 0.239491, 360, 360.342, 0
12.614, 0.249749, 360, 360.342, 0
12.627, 0.260008, 360, 360.342, 0
12.639, 0.270266, 360, 360.342, 0
12.652, 0.283944, 360, 360.342, 0
12.664, 0.294202, 360, 360.342, 0
12.677, 0.302751, 360, 360.342, 0
12.689, 0.313009, 360, 360.342, 0
12.702, 0.323267, 360, 360.342, 0
12.714, 0.333526, 360, 360.342, 0
12.727, 0.343784, 360, 360.342, 0
12.739, 0.354043, 360, 360.342, 0
12.751, 0.364301, 360, 360.342, 0
12.764, 0.374559, 360, 360.342, 0
12.777, 0.386527, 360, 360.342, 0
12.791, 0.396786, 360, 360.342, 0
12.806, 0.407044, 360, 360.342, 0
12.819, 0.417302, 360, 360.342, 0
12.832, 0.420722, 360, 360.342, 0
12.853, 0.4344, 360, 360.342, 0
12.866, 0.442948, 360, 360.342, 0
12.878, 0.453207, 360, 360.342, 0
12.892, 0.428929, 360, 360.274, 0
12.906, 0.437135, 360, 360.274, 0
12.92, 0.443974, 360, 360.274, 0
12.935, 0.454916, 360, 360.274, 0
12.948, 0.45902, 360, 360.274, 0
12.971, 0.464491, 360, 360.205, 0
12.993, 0.439871, 360, 360.137, -32.911
13.012, 0.412515, 360, 360.137, 0
13.028, 0.416619, 360, 360.137, 0
13.043, 0.421406, 360, 360.137, 0
13.056, 0.425509, 360, 360.137, 0
13.07, 0.428929, 360, 360.137, 0
13.084, 0.433716, 360, 360.137, 0
13.097, 0.436451, 360, 360.137, 0
13.113, 0.441922, 360, 360.137, 0
13.128, 0.446026, 360, 360.137, 0
13.141, 0.449445, 360, 360.137, -0.618025
13.155, 0.453549, 360, 360.137, 0
13.169, 0.458336, 360, 360.137, 0
13.182, 0.462439, 360, 360.137, 0
13.197, 0.466543, 360, 360.137, 0
13.211, 0.469962, 360, 360.137, 0
13.225, 0.474065, 360, 360.068, 0
13.239, 0.442264, 360, 360.068, 0
13.253, 0.443632, 360, 360, 0
13.267, 0.40978, 360, 360, 0
13.281, 0.40978, 360, 360, 0
13.295, 0.40978, 360, 360, 0
13.308, 0.40978, 360, 360, 0
13.321, 0.40978, 360, 360, 0
13.335, 0.40978, 360, 360, 0
13.355, 0.40978, 360, 360, 0
13.37, 0.40978, 360, 360, 0
13.385, 0.40978, 360, 360, 0
13.398, 0.40978, 360, 360, 0
13.413, 0.40978, 360, 360, 0
13.426, 0.40978, 360, 360, 0
13.441, 0.40978, 360, 360, 0
13.455, 0.40978, 360, 360, 0
13.474, 0.40978, 360, 360, 0
13.496, 0.40978, 360, 360, 0
13.518, 0.40978, 360, 360, 0
13.542, 0.40978, 360, 360, 0
13.565, 0.40978, 360, 360, 0
13.585, 0.40978, 360, 360, 0
13.606, 0.40978, 360, 360, 0
13.625, 0.40978, 360, 360, 0
13.646, 0.40978, 360, 360, 0
13.681, 0.40978, 360, 360, 0
13.71, 0.40978, 360, 360, 0
13.752, 0.40978, 360, 360, 0
13.813, 0.40978, 360, 360, 0
13.841, 0.40978, 360, 360, 0
13.859, 0.40978, 360, 360, 0
13.882, 0.40978, 360, 360, -8.43909e+06
13.903, 0.0986094, 360, 359.384, 0
13.949, 0.386185, 360, 359.248, 0
13.984, 0.420038, 360, 359.248, 0
14.002, 0.446368, 360, 359.248, 30.1805
14.016, 0.450129, 360, 359.316, 0
14.032, 0.429954, 360, 359.384, 0
14.055, 0.424483, 360, 359.453, 0
14.073, 0.39576, 360, 359.453, 0
14.089, 0.406702, 360, 359.453, 0
14.11, 0.434058, 360, 359.453, 0
14.133, 0.450471, 360, 359.453, 0
14.16, 0.472356, 360, 359.453, 0
14.179, 0.486033, 360, 359.453, -1.6801
14.202, 0.496976, 360, 359.453, 0
14.226, 0.487059, 360, 359.521, 14.5169
14.245, 0.464149, 360, 359.658, 0
14.264, 0.438503, 360, 359.726, 0
14.283, 0.410122, 360, 359.726, 0
14.301, 0.419696, 360, 359.726, 0
14.316, 0.419696, 360, 359.795, 0
14.332, 0.389947, 360, 359.795, 0
14.347, 0.400205, 360, 359.795, 0
14.36, 0.371824, 360, 359.863, 0
14.374, 0.375243, 360, 359.863, 0
14.388, 0.379347, 360, 359.863, 0
14.401, 0.380714, 360, 359.932, 0
14.417, 0.349939, 360, 360, 0
14.43, 0.315745, 360, 360, 0
14.445, 0.315745, 360, 360, 0
14.459, 0.315745, 360, 360, 0
14.477, 0.315745, 360, 360, 0
14.493, 0.315745, 360, 360, 0
14.516, 0.315745, 360, 360, 0
14.533, 0.315745, 360, 360, 0
14.549, 0.315745, 360, 360, 0
14.569, 0.315745, 360, 360, 0
14.589, 0.315745, 360, 360, 0
14.605, 0.315745, 360, 361.094, 0
14.699, 0.552112, 360, 360.889, 0
14.739, 0.480988, 360, 360.821, 0
14.761, 0.472097, 360, 360.821, 0
14.779, 0.480304, 360, 360.752, 0
14.804, 0.477226, 360, 360.684, -3256.62
14.818, 0.49193, 360, 360.684, 0
14.84, 0.478252, 360, 360.684, 0
14.859, 0.488511, 360, 360.616, 0
14.881, 0.451581, 360, 360.547, 0
14.904, 0.462523, 360, 360.547, 0
14.932, 0.470729, 360, 360.479, -5.50592
14.97, 0.470729, 360, 360.274, 0
15.008, 0.362675, 360, 360.274, 0
15.027, 0.370881, 360, 360.274, 0
15.047, 0.374985, 360, 360.274, 0
15.07, 0.39003, 360, 360.274, 0
15.083, 0.398237, 360, 360.274, 0
15.097, 0.405076, 360, 360.274, 0
15.111, 0.413283, 360, 360.274, 0
15.126, 0.422857, 360, 360.274, 0
15.138, 0.394476, 360, 360.205, 0
15.156, 0.400631, 360, 360.205, 0
15.174, 0.40576, 360, 360.205, 0
15.196, 0.413967, 360, 360.205, 0
15.211, 0.421147, 360, 360.205, 0
15.224, 0.426277, 360, 360.205, 0
15.239, 0.433457, 360, 360.205, 0
15.253, 0.439612, 360, 360.205, 0
15.268, 0.445767, 360, 360.205, 0
15.281, 0.451922, 360, 360.205, 0
15.296, 0.458078, 360, 360.205, 0
15.31, 0.43038, 360, 360.137, 0
15.324, 0.432432, 360, 360.137, 0
15.346, 0.435851, 360, 360.137, 0
15.364, 0.437903, 360, 360.137, 0
15.381, 0.443374, 360, 360.137, 0
15.401, 0.445426, 360, 360.137, 0
15.422, 0.450897, 360, 360.137, 0
15.442, 0.454316, 360, 360.137, 0
15.461, 0.457052, 360, 360.137, 0
15.491, 0.459103, 360, 360.068, 0
15.513, 0.428328, 360, 360, 0
15.551, 0.428328, 360, 360, 0
15.586, 0.39516, 360, 360, 0
15.608, 0.39516, 360, 360, 0
15.632, 0.39516, 360, 360, 0
15.654, 0.39516, 360, 360, 0
15.673, 0.39516, 360, 360, 0
15.693, 0.39516, 360, 360, 0
15.715, 0.39516, 360, 360, 0
15.738, 0.39516, 360, 360, 0
15.756, 0.39516, 360, 360, 0
15.779, 0.39516, 360, 360, 0
15.806, 0.39516, 360, 360, 0
15.827, 1, 360, 360, 0
15.843, 0.143146, 360, 360.547, 30.0479
15.861, 0.396527, 360, 360.889, 0
15.885, 0.482014, 360, 360.821, 0
15.91, 0.474149, 360, 360.821, 0
15.938, 0.483723, 360, 360.684, 0
15.956, 0.466626, 360, 360.684, 0
15.978, 0.480304, 360, 360.616, 0
15.995, 0.456026, 360, 360.547, 0
16.017, 0.439271, 360, 360.547, 0
16.038, 0.463891, 360, 360.547, 0
16.058, 0.474833, 360, 360.479, 0
16.085, 0.462865, 360, 360.41, 0
16.102, 0.432774, 360, 360.342, 0
16.135, 0.409863, 360, 360.274, 0
16.158, 0.382508, 360, 360.274, 0
16.194, 0.389347, 360, 360.274, 0
16.216, 0.394818, 360, 360.274, 0
16.263, 0.403024, 360, 360.274, 0
16.302, 0.407128, 360, 360.274, 0
16.344, 0.415334, 360, 360.274, 0
16.402, 0.424909, 360, 360.205, 0
16.448, 0.398579, 360, 360.205, 0
16.474, 0.404734, 360, 360.205, 293654
16.497, 0.100661, 360, 360.274, 0
16.512, 0.249749, 360, 360.479, 0
16.526, 0.261717, 360, 360.479, 0
16.54, 0.276079, 360, 360.479, 0
16.555, 0.290441, 360, 360.479, 0
16.569, 0.307196, 360, 360.479, 0
16.583, 0.321558, 360, 360.479, 0
16.597, 0.301383, 360, 360.41, 0
16.611, 0.311641, 360, 360.41, 0
16.633, 0.319848, 360, 360.342, 0
16.651, 0.298305, 360, 360.342, 0
16.674, 0.306854, 360, 360.342, 0
16.691, 0.317112, 360, 360.342, 0
16.712, 0.329081, 360, 360.342, 0
16.736, 0.335919, 360, 360.342, 0
16.752, 0.341049, 360, 360.342, 0
16.769, 0.354726, 360, 360.342, 0
16.788, 0.363275, 360, 360.342, 0
16.807, 0.371824, 360, 360.342, 0
16.826, 0.378663, 360, 360.342, 0
16.842, 0.385502, 360, 360.342, 0
16.862, 0.399179, 360, 360.342, 0
16.878, 0.409438, 360, 360.342, 0
16.892, 0.421406, 360, 360.342, 0
16.907, 0.431664, 360, 360.342, 0
16.935, 0.433374, 360, 360.342, 0
16.985, 0.414225, 360, 360.274, 0
17.02, 0.421064, 360, 360.274, 0
17.063, 0.425167, 360, 360.274, 0
17.101, 0.425167, 360, 360.205, 0
17.151, 0.407044, 360, 360.205, 0
17.21, 0.414225, 360, 360.205, 0
17.269, 0.423457, 360, 360.137, 0
17.292, 0.0668085, 360, 360.137, 0
17.307, 0.0668085, 360, 360.137, 0
17.329, 0.0743313, 360, 360.137, 0
17.347, 0.0777508, 360, 360.137, 0
17.366, 0.082538, 360, 360.137, 0
17.38, 0.0859574, 360, 360.137, 0
17.392, 0.088693, 360, 360.137, 0
17.407, 0.0941641, 360, 360.137, 0
17.42, 0.0975836, 360, 360.137, 0
17.434, 0.102371, 360, 360.137, 0
17.455, 0.10579, 360, 360.137, 0
17.494, 0.111945, 360, 360.137, 0
17.511, 0.115365, 360, 360.137, 0
17.554, 0.1181, 360, 360.137, 0
17.595, 0.120836, 360, 360.137, 0
17.636, 0.124255, 360, 360.137, 0
17.676, 0.128359, 360, 360.137, 0
17.705, 0.131778, 360, 360.137, 0
17.751, 0.135881, 360, 360.137, 0
17.765, 0.135881, 360, 360.137, 0
17.786, 0.143404, 360, 360.137, 0
17.8, 0.148191, 360, 360.137, 0
17.814, 0.152295, 360, 360.137, 0
17.829, 0.156398, 360, 360.137, 0
17.843, 0.160502, 360, 360.137, 0
17.857, 0.164605, 360, 360.137, 0
17.872, 0.169392, 360, 360.137, 0
17.886, 0.173495, 360, 360.137, 0
17.9, 0.176915, 360, 360.137, 0
17.918, 0.181018, 360, 360.137, 0
17.935, 0.183754, 360, 360.137, 0
17.953, 0.187173, 360, 360.137, 0
17.974, 0.189909, 360, 360.137, 0
17.989, 0.19196, 360, 360.137, 0
18.008, 0.197432, 360, 360.137, 0
18.029, 0.200167, 360, 360.137, 0
18.046, 0.204954, 360, 360.137, 0
18.066, 0.208374, 360, 360.137, 0
18.089, 0.211109, 360, 360.137, 0
18.102, 0.216581, 360, 360.137, 0
18.117, 0.220684, 360, 360.137, 0
18.131, 0.224787, 360, 360.137, 0
