0, 0, 0, 0, 0
2.448, -0, -5, 0, 0
2.46, 1, -5, 0, 0
2.471, 1, -5, -0.957447, 0
2.481, 1, -5, -1.29939, 0
2.492, 1, -5, -1.02584, 2011.44
2.502, 1, -5, -0.957447, 0
2.512, 1, -5, 0.341945, -541.338
2.523, 1, -5, 0.410334, 0
2.534, 1, -5, -0.0683891, 0
2.544, 1, -5, -0.820669, -1799.71
2.554, 1, -5, -1.77812, 0
2.565, 1, -5, -1.91489, 0
2.575, 1, -5, -1.57295, 0
2.585, 1, -5, -0.889058, 0
2.595, 1, -5, -0.136778, 0
2.605, 1, -5, 0.341945, 0
2.616, 1, -5, 0.0683891, 0
2.626, 1, -5, -0.547112, 0
2.636, 1, -5, 66151.2, -1.35005e+09
2.646, 1, -5, -2.25684, 0
2.657, 1, -5, -3.1459, 0
2.667, 1, -5, -3.96657, 37303.1
2.677, 1, -5, 494.179, -5.36523e+06
2.687, 1, -5, 1.09422, -7598.78
2.698, 1, -5, 0.0683891, 177442
2.708, 1, -5, 6.2234, -5399.14
2.718, 1, -5, 5.47112, -12938.5
2.729, 1, -5, 4.44529, -5399.14
2.739, 1, -5, 3.62462, -6361.77
2.749, 1, -5, 2.80395, -7014.26
2.759, 1, -5, 1.91489, -8045.77
2.77, 1, -5, 0.957447, -1486.72
2.78, 1, -5, 0.957447, 4144.79
2.79, 1, -5, 1.43617, 3507.13
2.8, 1, -5, 2.05167, 6217.19
2.811, 1, -5, 3.00912, 3108.59
2.821, 1, -5, 3.1459, 45.2692
2.831, 1, -5, 2.73556, -5129.18
2.841, 1, -5, 2.05167, -4144.79
2.852, 1, -5, 1.231, -7198.85
2.862, 1, -5, 0.547112, -1848.35
2.872, 1, -5, 0.547112, 1953.97
2.882, 1, -5, 1.02584, 3419.45
2.893, 1, -5, 1.91489, 4274.32
2.903, 1, -5, 2.5304, 2072.4
2.914, 1, -5, 2.59878, -1395.7
2.924, 1, -5, 2.05167, -3799.39
2.934, 1, -5, 1.43617, -7815.89
2.944, 1, -5, 0.615502, -3336.05
2.955, 1, -5, 0.410334, 1899.7
2.965, 1, -5, 0.75228, 3039.51
2.975, 1, -5, 0, -212628
2.985, 1, -5, 2.32523, 2072.4
2.996, 1, -5, 2.32523, -1953.97
3.006, 1, -5, 1.77812, -5260.7
3.016, 1, -5, 1.09422, -5946.87
3.026, 1, -5, 0.273556, -7815.89
3.037, 1, -5, 6.08663, -7198.85
3.047, 1, -5, 5.40274, -1753.57
3.057, 1, -5, 5.40274, 3108.59
3.067, 1, -5, 5.88146, 5861.92
3.078, 1, -5, 6.63374, 1709.73
3.088, 1, -5, 6.70213, -2011.44
3.098, 1, -5, 6.29179, -5399.14
3.108, 1, -5, 5.47112, -7598.78
3.119, 1, -5, 4.65046, -3907.95
3.129, 1, -5, 4.44529, 1899.7
3.139, 1, -5, 4.9924, 3599.42
3.149, 1, -5, 5.6079, 5129.18
3.16, 1, -5, 6.36018, 1742.4
3.17, 1, -5, 0.341945, 7393.41
3.181, 1, -5, 1.16261, 7014.26
3.191, 1, -5, 2.12006, 1668.03
3.202, 1, -5, 2.25684, -814.155
3.212, 1, -5, 1.64134, -1753.57
3.222, 1, -5, 1.64134, 1709.73
3.233, 1, -5, 1.91489, 3599.42
3.243, 1, -5, 2.05167, -3599.42
3.253, 1, -5, 1.50456, 0
3.263, 1, -5, 1.64134, 3180.89
3.274, 1, -5, 2.18845, 3039.51
3.284, 1, -5, 2.46201, -2072.4
3.294, 0.728619, -5, 2.12006, -5861.92
3.304, 1, -5, 1.43617, 0
3.315, 1, -5, 1.57295, 3799.39
3.325, 1, -5, 2.05167, 2072.4
3.335, 1, -5, 2.12006, 0
3.346, 1, -5, 2.25684, 0
3.356, 1, -5, 3.21429, 4022.89
3.366, 1, -5, 3.35106, 0
3.376, 1, -5, 3.35106, -215689
3.387, 1, -5, 2.25684, 0
3.397, 1, -5, 1.16261, 0
3.408, 1, -5, 0.273556, 0
3.419, 1, -5, 6.36018, 0
3.429, 1, -5, 339694, 0
3.439, 1, -5, 339694, 0
3.449, 1, -5, 4.44529, 0
3.46, 1, -5, 3.48784, 0
3.47, 1, -5, 2.66717, 0
3.48, 1, -5, 1.70973, 0
3.49, 1, -5, 0.75228, 0
3.501, 1, -5, 6.70213, 0
3.511, 1, -5, 6.49696, 0
3.521, 1, -5, 0.136778, 0
3.532, 1, -5, 0.136778, 0
3.542, 1, -5, 1.70973, 0
3.552, 1, -5, 2.25684, 0
3.563, 1, -5, 3.35106, 0
3.573, 1, -5, 3.89818, 1799.71
3.583, 1, -5, 3.96657, 0
3.593, 1, -5, 0, 0
3.603, 1, -5, -17.3708, 0
3.614, 1, -5, -18.1231, 0
3.624, 1, -5, -19.0805, -1953.97
3.635, 1, -5, -20.1064, 0
3.645, 1, -5, -21.1322, 0
3.655, 1, -5, -22.0897, 0
3.666, 1, -5, -23.1155, 0
3.676, 1, -5, -23.731, 0
3.686, 1, -5, -23.5942, 0
3.697, 1, -5, -22.9787, 0
3.707, 1, -5, -22.2264, 0
3.717, 1, -5, -21.3374, 0
3.728, 1, -5, -20.6535, 0
3.738, 1, -5, -20.7903, 0
3.749, 1, -5, -21.3374, 0
3.759, 0.81229, -5, -22.1581, 0
3.769, 1, -5, -23.0471, -1799.71
3.78, 1, -5, -23.4574, 0
3.79, 1, -5, 339686, -8.28558e+09
3.8, 1, -5, -22.6368, 0
3.81, 1, -5, -21.9529, 0
3.821, 1, -5, -21.2006, 0
3.831, 1, -5, -20.4483, 0
3.841, 1, -5, -19.6277, 0
3.852, 1, -5, -19.1489, 71.6853
3.862, 1, -5, -18.7386, 14786.8
3.872, 1, -5, -17.8495, 0
3.883, 1, -5, -18.1231, -2011.44
3.893, 1, -5, -18.8754, -126.881
3.904, 1, -5, -19.696, -3108.59
3.914, 1, -5, -20.7903, -1848.35
3.924, 1, -5, -20.8587, 0
3.934, 1, -5, -21.1322, 0
3.945, 1, -5, 478.381, -1.51181e+07
3.955, 1, -5, -20.5167, inf
3.965, 1, -5, 0, 197121
3.975, 1, -5, 6.15502, 0
3.985, 1, -5, 5.6079, -7815.89
3.996, 1, -5, 4.65046, -7014.26
4.006, 1, -5, 3.82979, -7598.78
4.016, 1, -5, 2.87234, -7598.78
4.026, 1, -5, 2.05167, -7198.85
4.037, 1, -5, 1.02584, -8289.58
4.047, 1, -5, 0.341945, -1799.71
4.057, 1, -5, 0.341945, 1899.7
4.067, 1, -5, 0.820669, 5699.09
4.078, 1, -5, 1.57295, 7815.89
4.088, 1, -5, 2.46201, 5545.06
4.098, 1, -5, 3.21429, 5129.18
4.108, 1, -5, 3.82979, -1953.97
4.119, 1, -5, 3.55623, -701.426
4.129, 1, -5, 2.73556, -8289.58
4.14, 1, -5, 1.8465, -5861.92
4.15, 1, -5, 0.957447, -7815.89
4.16, 1, -5, 0.0683891, 176372
4.17, 1, -5, 6.63374, 0
4.181, 1, -5, 0.136778, 0
4.191, 1, -5, 0, 95744.7
4.201, 1, -5, 6.70213, 0
4.212, 1, -5, 0.0683891, 2011.44
4.222, 1, -5, 0.273556, -5699.09
4.232, 1, -5, 6.49696, 0
4.243, 1, -5, 5.88146, -5861.92
4.253, 1, -5, 5.47112, 1799.71
4.263, 1, -5, 5.6079, -697.848
4.274, 1, -5, 5.47112, -3507.13
4.284, 1, -5, 4.9924, 0
4.294, 1, -5, 339680, 0
4.305, 1, -5, 4.71884, 0
4.315, 1, -5, 4.24012, 0
4.325, 1, -5, 4.17173, 0
4.335, 1, -5, 4.71884, 0
4.345, 1, -5, 5.19757, 0
4.356, 1, -5, 5.81307, 0
4.366, 1, -5, 6.56535, 0
4.377, 1, -5, 0.205167, 0
4.387, 1, -5, 0.683891, 0
4.397, 1, -5, 0.683891, 0
4.408, 1, -5, 201725, 30775.1
4.418, 1, -5, 1.70973, 0
4.428, 1, -5, 2.39362, 547.112
4.438, 1, -5, 3.35106, 2879.54
4.449, 1, -5, 4.17173, 5039.19
4.459, 1, -5, 5.06079, 4559.27
4.47, 1, -5, 6.01824, 8998.56
4.48, 1, -5, 0.205167, 7598.78
4.49, 1, -5, 1.29939, 8045.77
4.501, 1, -5, 2.18845, 8045.77
4.511, 1, -5, 3.07751, 8045.77
4.521, 1, -5, 4.03495, 4103.34
4.532, 1, -5, 4.9924, 6034.33
4.542, 1, -5, 5.81307, 7393.41
4.553, 1, -5, 6.63374, -187581
4.563, 1, -5, 0.478723, 0
4.573, 1, -5, 0.547112, -1554.3
4.583, 1, -5, 0.478723, -7598.78
4.594, 1, -5, 0.547112, 0
4.604, 1, -5, 1.231, 0
4.615, 1, -5, 2.12006, 0
4.625, 1, -5, 2.94073, 0
4.636, 1, -5, 0.205167, -178864
4.646, 1, -5, -8.54863, 0
4.656, 1, -5, -8.27508, 0
4.666, 1, -5, -8.00152, 0
4.677, 1, -5, -7.38602, 0
4.687, 1, -5, -6.70213, 1.85564e+11
4.697, 1, -5, 6.49472e+06, 0
4.707, 1, -5, -5.19757, 0
4.718, 1, -5, -4.78723, 0
4.728, 1, -5, -5.19757, 0
4.738, 1, -5, -5.74468, 0
4.749, 1, -5, -6.90729, -1953.97
4.759, 1, -5, -7.79635, -2011.44
4.769, 1, -5, -8.7538, 0
4.78, 1, -5, -9.57447, 0
4.79, 1, -5, -9.84802, 0
4.8, 1, -5, -9.43769, 0
4.81, 1, -5, -8.82219, 0
4.821, 1, -5, -8.27508, 0
4.831, 1, -5, -7.38602, 0
4.842, 1, -5, -6.56535, 1899.7
4.852, 1, -5, -5.40274, 102584
4.863, 1, -5, -4.78723, -1799.71
4.873, 1, -5, -5.06079, -3507.13
4.883, 1, -5, -5.67629, -4187.09
4.893, 1, -5, -6.56535, -279.139
4.904, 1, -5, -7.59119, -7014.26
4.915, 1, -5, -8.41185, -1799.71
4.925, 1, -5, -9.43769, 0
4.935, 1, -5, -10.4635, -899.856
4.946, 1, -5, -10.6687, 0
4.956, 1, -5, -10.3951, 0
4.966, 1, -5, -9.64286, 0
4.977, 1, -5, -8.95897, 0
4.987, 1, -5, -8.00152, 0
4.998, 1, -5, -6.90729, 6513.24
5.008, 1, -5, -6.08663, 3599.42
5.018, 1, -5, -5.88146, -1753.57
5.028, 1, -5, -6.42857, -1953.97
5.039, 1, -5, -7.11246, -5399.14
5.049, 1, -5, -8.06991, -2011.44
5.059, 1, -5, -8.95897, -3799.39
5.069, 1, -5, -9.84802, 0
5.08, 1, -5, -9.9848, 0
5.09, 1, -5, -9.50608, 0
5.1, 1, -5, -8.68541, 0
5.111, 1, -5, -7.86474, 6217.19
5.121, 1, -5, -6.90729, 4884.93
5.132, 1, -5, -6.01824, 1709.73
5.142, 1, -5, -5.94985, -1028.41
5.152, 1, -5, -6.49696, -2115.13
5.163, 1, -5, -7.24924, -3907.95
5.173, 1, -5, -8.1383, -3799.39
5.183, 1, -5, -9.02736, -5004.08
5.194, 1, -5, -9.91641, -1799.71
5.204, 1, -5, -9.9848, 0
5.214, 1, -5, -9.84802, 3419.45
5.225, 1, -5, -9.02736, 7598.78
5.235, 1, -5, -8.1383, 5946.87
5.245, 1, -5, -6.97568, 2137.16
5.256, 1, -5, -6.29179, 5699.09
5.266, 1, -5, -5.26596, 0
5.276, 1, -5, -5.33435, 0
5.286, 1, -5, -5.88146, 0
5.297, 1, -5, -6.56535, -1243.44
5.307, 1, -5, -7.65957, 0
5.317, 1, -5, -8.61702, 0
5.328, 1, -5, -9.50608, 0
5.338, 1, -5, -9.77964, 0
5.348, 1, -5, -9.3693, -49.9466
5.359, 1, -5, -8.68541, 0
5.369, 1, -5, -7.93313, 2137.16
5.38, 1, -5, -6.97568, 0
5.39, 1, -5, -5.74468, 0
5.401, 1, -5, -5.47112, 0
5.411, 1, -5, -5.81307, -286.147
5.421, 1, -5, -6.42857, -1668.03
5.432, 1, -5, -7.5228, 0
5.442, 1, -5, -8.1383, -5545.06
5.453, 1, -5, -9.30091, 0
5.463, 1, -5, -9.9848, 0
5.473, 1, -5, -9.77964, 0
5.483, 1, -5, -9.23252, 0
5.494, 1, -5, -8.48024, 712.386
5.504, 1, -5, -7.59119, 1899.7
5.515, 1, -5, -6.70213, 3256.62
5.525, 1, -5, -5.67629, 1799.71
5.535, 1, -5, -4.9924, 1953.97
5.545, 1, -5, -5.06079, -2011.44
5.556, 1, -5, -5.6079, -1647.93
5.566, 1, -5, -6.42857, -3907.95
5.577, 1, -5, -7.59119, 0
5.587, 1, -5, -8.54863, 0
5.598, 1, -5, -9.30091, 0
5.609, 1, -5, -9.16413, 0
5.62, 1, -5, -9.02736, 1470.73
5.63, 1, -5, -8.41185, 1334.42
5.641, 1, -5, -7.24924, 9498.48
5.651, 1, -5, -6.42857, 9498.48
5.661, 1, -5, -5.33435, 3757.64
5.672, 1, -5, -4.24012, 3799.39
5.682, 1, -5, -4.10334, 0
5.692, 1, -5, -4.3769, 0
5.703, 1, -5, -5.06079, 0
5.713, 1, -5, -5.88146, 0
5.724, 1, -5, -6.97568, 0
5.734, 1, -5, -7.86474, 0
5.745, 1, -5, -8.54863, -1899.7
5.755, 1, -5, -9.57447, 0
5.765, 1, -5, -9.77964, 0
5.775, 1, -5, -9.43769, 0
5.785, 1, -5, -8.68541, 0
5.796, 1, -5, -7.5228, 0
5.806, 1, -5, -6.70213, 0
5.817, 1, -5, -6.29179, 0
5.827, 1, -5, -5.06079, 0
5.837, 1, -5, 2.5304, 1899.7
5.847, 1, -5, -3.55623, 0
5.858, 1, -5, -3.96657, -2072.4
5.868, 1, -5, -4.30851, 0
5.878, 1, -5, -4.03495, 0
5.889, 1, -5, -3.35106, 0
5.899, 1, -5, -2.59878, 0
5.91, 1, -5, 0, -6054.11
5.92, 1, -5, -1.29939, 50.7328
5.93, 1, -5, -0.478723, 0
5.942, 1, -5, -0.341945, 0
5.952, 1, -5, -0.205167, 0
5.962, 1, -5, 0.341945, 0
5.973, 1, -5, 0.410334, 0
5.983, 1, -5, 0.683891, 0
5.993, 1, -5, 0.410334, 0
6.003, 1, -5, -0.205167, 0
6.014, 1, -5, -0.957447, 0
6.024, 1, -5, -1.70973, 0
6.034, 1, -5, -1.98328, 0
6.045, 1, -5, -3.00912, 0
6.055, 1, -5, -3.48784, 0
6.066, 1, -5, -2.94073, 0
6.076, 1, -5, -2.12006, 0
6.086, 1, -5, -1.29939, 1848.35
6.097, 1, -5, -0.205167, 0
6.107, 1, -5, 0.683891, 0
6.117, 1, -5, 1.29939, 0
6.128, 1, -5, 1.16261, 0
6.138, 1, -5, 0.547112, 0
6.148, 1, -5, -0.205167, 0
6.158, 1, -5, -1.16261, 0
6.169, 1, -5, -1.98328, -1799.71
6.179, 1, -5, -2.87234, 0
6.189, 1, -5, -3.1459, 0
6.2, 1, -5, -2.87234, 0
6.211, 1, -5, -2.18845, 0
6.221, 1, -5, -1.29939, 0
6.232, 1, -5, -0.136778, 0
6.242, 1, -5, 0.957447, 0
6.252, 1, -5, 1.70973, 3799.39
6.263, 1, -5, 1.77812, 0
6.273, 1, -5, 1.36778, 0
6.283, 1, -5, 0.683891, -3108.59
6.293, 1, -5, -0.205167, 0
6.304, 1, -5, -0.75228, 0
6.314, 1, -5, -2.12006, 0
6.324, 1, -5, -3.28267, 0
6.335, 1, -5, -3.82979, 0
6.345, 1, -5, -3.7614, 0
6.355, 1, -5, -3.1459, 0
6.366, 1, -5, -2.39362, 0
6.376, 1, -5, -1.64134, 0
6.386, 1, -5, -0.75228, 1486.72
6.397, 1, -5, 0.273556, 0
6.407, 1, -5, 0.889058, 0
6.418, 1, -5, 1.16261, 0
6.428, 1, -5, 0.615502, -3419.45
6.438, 1, -5, -0.410334, 0
6.449, 1, -5, -1.231, -551.525
6.459, 1, -5, -1.77812, 0
6.469, 1, -5, -2.05167, 0
6.48, 1, -5, -1.57295, 0
6.49, 1, -5, -0.547112, 0
6.5, 1, -5, 0, 0
6.51, 1, -5, 1.09422, 0
6.521, 1, -5, 2.12006, 0
6.531, 1, -5, 2.18845, 0
6.541, 1, -5, 1.70973, 0
6.551, 1, -5, 1.09422, 0
6.562, 1, -5, 0, 0
6.572, 1, -5, -0.889058, 0
6.582, 1, -5, -1.77812, 0
6.592, 1, -5, -2.05167, 0
6.603, 1, -5, -1.70973, 0
6.613, 1, -5, -0.957447, 0
6.624, 1, -5, -0.615502, 0
6.634, 1, -5, 0.547112, 0
6.645, 1, -5, 1.70973, 0
6.655, 1, -5, 2.18845, 0
6.666, 1, -5, 1.91489, 0
6.676, 1, -5, 1.231, 0
6.686, 1, -5, 0.410334, 0
6.696, 1, -5, -0.478723, 0
6.707, 1, -5, -1.36778, -1668.03
6.717, 1, -5, -2.32523, 0
6.727, 1, -5, -2.59878, 0
6.737, 1, -5, -2.25684, 0
6.748, 1, -5, -1.8465, 0
6.758, 1, -5, -1.16261, 0
6.768, 1, -5, -0.205167, 0
6.778, 1, -5, 1.16261, 0
6.789, 1, -5, 1.64134, 0
6.799, 1, -5, 1.70973, 0
6.809, 1, -5, 1.09422, 0
6.82, 1, -5, 0.615502, 0
6.83, 1, -5, -0.273556, 0
6.84, 1, -5, -1.09422, 0
6.85, 1, -5, -2.46201, -1953.97
6.861, 1, -5, -3.21429, 0
6.871, 1, -5, -3.1459, 0
6.882, 1, -5, -2.5304, 0
6.892, 1, -5, -1.77812, 0
6.902, 1, -5, -1.02584, 0
6.912, 1, -5, -0.410334, 0
6.923, 1, -5, 0.478723, 0
6.933, 1, -5, 1.64134, 0
6.943, 1, -5, 1.8465, 0
6.953, 1, -5, 1.43617, 0
6.964, 1, -5, 0.547112, 0
6.974, 1, -5, -0.341945, 0
6.984, 1, -5, -1.16261, 0
6.995, 1, -5, -2.05167, 0
7.005, 1, -5, -2.94073, 0
7.015, 1, -5, -3.48784, 0
7.025, 1, -5, -3.1459, 0
7.036, 1, -5, -2.46201, 0
7.046, 1, -5, -1.70973, 1899.7
7.056, 1, -5, -0.889058, 1753.57
7.066, 1, -5, -0.273556, 1753.57
7.077, 1, -5, 0.410334, 0
7.087, 1, -5, 1.16261, 0
7.098, 1, -5, 0.820669, 0
7.108, 1, -5, 0.136778, 0
7.118, 1, -5, -0.820669, 0
7.129, 1, -5, -1.77812, 0
7.139, 1, -5, -2.66717, 0
7.149, 1, -5, -3.55623, 0
7.159, 1, -5, -4.44529, 0
7.17, 1, -5, -4.65046, 0
7.18, 1, -5, -4.17173, 0
7.191, 1, -5, -3.48784, 0
7.201, 1, -5, -2.66717, 1709.73
7.211, 1, -5, -1.77812, 0
7.221, 1, -5, -0.820669, 2011.44
7.231, 1, -5, 0, 0
7.242, 1, -5, 0.0683891, 0
7.252, 1, -5, -0.478723, 0
7.262, 1, -5, -1.231, 0
7.272, 1, -5, -1.98328, 0
7.283, 1, -5, -2.80395, 0
7.293, 1, -5, -2.80395, 328267
7.303, 1, -5, 2.12006, -6034.33
7.313, 1, -5, 1.64134, 0
7.324, 1, -5, 1.77812, 0
7.334, 1, -5, 1.50456, -3907.95
7.344, 1, -5, 0.889058, -5861.92
7.354, 1, -5, 0.136778, 156318
7.365, 1, -5, 5.81307, -7598.78
7.375, 1, -5, 4.85562, -7074.73
7.385, 1, -5, 4.03495, -7598.78
7.395, 1, -5, 3.1459, -6034.33
7.406, 1, -5, 2.32523, -10131.7
7.416, 1, -5, 1.29939, -5699.09
7.426, 1, -5, 0.478723, -6513.24
7.436, 1, -5, 4588.56, 7.65388e+08
7.447, 1, -5, 6.29179, 0
7.457, 1, -5, 6.63374, 0
7.467, 1, -5, 6.70213, 0
7.477, 1, -5, 6.15502, 0
7.488, 1, -5, 5.40274, 0
7.498, 1, -5, 4.44529, 0
7.508, 1, -5, 3.62462, 0
7.518, 1, -5, 2.73556, 0
7.529, 1, -5, 1.91489, 0
7.539, 1, -5, 2.05167, 0
7.549, 1, -5, 2.5304, 0
7.56, 1, -5, 3.35106, 0
7.57, 1, -5, 3.96657, 0
7.581, 1, -5, 4.65046, 0
7.591, 1, -5, 66137.5, 0
7.602, 1, -5, -14.8404, 0
7.612, 1, -5, -15.3191, 0
7.622, 1, -5, -16.003, 0
7.633, 1, -5, -16.8921, 0
7.643, 1, -5, -17.7128, -2137.16
7.653, 1, -5, -18.7386, 0
7.663, 1, -5, -19.6277, 0
7.674, 1, -5, -20.5167, 0
7.684, 1, -5, -21.0638, 0
7.694, 1, -5, -20.6535, 0
7.704, 1, -5, -20.038, 2011.44
7.715, 1, -5, -19.2173, 0
7.725, 1, -5, -18.3967, 0
7.735, 1, -5, -17.576, 2011.44
7.746, 1, -5, -16.6869, 0
7.756, 1, -5, -16.8237, 0
7.766, 1, -5, -17.3708, 0
7.776, 1, -5, -18.0547, 1.39735
7.787, 1, -5, -18.8754, 0
7.797, 1, -5, -19.7644, 0
7.807, 1, -5, -20.7219, 0
7.818, 1, -5, -21.269, 0
7.828, 1, -5, -20.9954, 0
7.838, 1, -5, -20.4483, 2011.44
7.848, 1, -5, -19.696, 0
7.859, 1, -5, -18.9438, 0
7.869, 1, -5, -18.2599, 0
7.879, 1, -5, -17.5076, 0
7.889, 1, -5, -17.1657, 0
7.9, 1, -5, -17.6444, 0
7.91, 1, -5, -18.6018, -1266.46
7.92, 1, -5, -19.5593, 0
7.93, 1, -5, -20.3799, 0
7.941, 1, -5, -21.269, 0
7.951, 1, -5, -21.5426, 0
7.961, 1, -5, -21.269, 0
7.971, 1, -5, -20.7219, 1753.57
7.982, 1, -5, -19.6277, 0
7.992, 1, -5, -18.7386, 0
8.002, 1, -5, -17.9179, 1953.97
8.012, 1, -5, -16.8237, 0
8.023, 1, -5, -16.7553, 0
8.033, 1, -5, -17.1657, 0
8.043, 1, -5, -17.7812, -1953.97
8.053, 1, -5, -18.8754, 0
8.064, 1, -5, -19.7644, 0
8.074, 1, -5, -20.6535, -1899.7
8.085, 1, -5, -21.4058, 0
8.095, 1, -5, -21.5426, 0
8.105, 1, -5, -20.9954, 0
8.115, 1, -5, -20.3116, 0
8.126, 1, -5, -19.6277, 0
8.136, 1, -5, -18.8754, 1848.35
8.146, 1, -5, -17.8495, 0
8.156, 1, -5, -17.234, 0
8.167, 1, -5, -17.4392, 0
8.177, 1, -5, -18.2599, 0
8.187, 1, -5, -18.7386, 694022
8.197, 1, -5, -19.5593, -5545.06
8.208, 1, -5, -20.4483, -10685.8
8.218, 1, -5, -21.3374, -2735.56
8.228, 1, -5, -21.6109, 0
8.239, 1, -5, -21.3374, -43.9595
8.249, 1, -5, -20.6535, 6217.19
8.259, 1, -5, -19.6277, 2.41083e+13
8.269, 1, -5, -18.6702, 0
8.28, 1, -5, -17.7812, 0
8.29, 1, -5, -17.0289, 1753.57
8.3, 1, -5, -16.6869, 0
8.31, 1, -5, -16.8921, 0
8.32, 1, -5, -17.5076, 0
8.331, 1, -5, -18.3967, 0
8.341, 1, -5, -19.3541, 0
8.351, 1, -5, -20.2432, 0
8.361, 1, -5, -20.9954, -5699.09
8.372, 1, -5, -21.4058, 0
8.382, 1, -5, -21.0638, 0
8.392, 1, -5, -20.3799, 0
8.403, 1, -5, -19.6277, 0
8.413, 1, -5, -18.8754, 0
8.424, 1, -5, -17.9179, 0
8.434, 1, -5, -17.9179, 92656.1
8.444, 1, -5, 2.80395, 0
8.455, 1, -5, 2.05167, 0
8.465, 1, -5, 1.16261, 0
8.475, 1, -5, 0.341945, 0
8.485, 1, -5, 5.94985, 0
8.496, 1, -5, 5.06079, 0
8.506, 1, -5, 4.17173, 0
8.516, 1, -5, 3.35106, -1953.97
8.527, 1, -5, 2.12006, 0
8.538, 1, -5, 1.29939, -1953.97
8.548, 1, -5, 1.231, 0
8.558, 1, -5, 1.231, 0
8.568, 1, -5, 6.01824, -8045.77
8.579, 1, -5, 5.26596, -1953.97
8.589, 1, -5, 5.47112, 0
8.599, 1, -5, 6.08663, 0
8.609, 1, -5, 6.15502, 0
8.62, 1, -5, 5.74468, 0
8.63, 1, -5, 5.06079, -2072.4
8.64, 1, -5, 0, 1.13226e+11
8.65, 1, -5, -30.5699, 0
8.661, 1, -5, -30.7751, 0
8.671, 1, -5, -30.7751, 955547
8.682, 1, -5, 3.89818, 0
8.693, 1, -5, 3.48784, 0
8.703, 1, -5, 467.85, 61500.6
8.713, 1, -5, 2.25684, 0
8.724, 1, -5, 0, 0
8.734, 1, -5, -33.7158, 0
8.745, 1, -5, -34.6733, 0
8.755, 1, -5, -35.6991, 0
8.765, 1, -5, -36.5881, -2011.44
8.776, 1, -5, -37.614, 0
8.786, 1, -5, -38.5714, -1848.35
8.796, 1, -5, -39.5289, 0
8.806, 1, -5, -40.4863, 0
8.817, 1, -5, -40.4863, 0
8.827, 1, -5, -40.0076, 0
8.837, 1, -5, -39.3921, 0
8.847, 1, -5, -38.7082, 0
8.858, 1, -5, -37.7508, 0
8.868, 1, -5, -37.1353, 0
8.878, 1, -5, -37.1353, -inf
8.888, 1, -5, 4.92401, 0
8.899, 1, -5, 4.65046, 0
8.909, 1, -5, 4.03495, 0
8.919, 1, -5, 3.41945, 0
8.929, 1, -5, 3.48784, 0
8.94, 1, -5, 3.96657, 1799.71
8.95, 1, -5, 4.78723, 0
8.96, 1, -5, 5.88146, 1709.73
8.97, 1, -5, 6.77052, 0
8.981, 1, -5, 0.341945, 1753.57
8.991, 1, -5, 0.273556, 0
9.002, 1, -5, 6.56535, 0
9.012, 1, -5, 5.88146, -1395.7
9.022, 1, -5, 5.74468, 1899.7
9.032, 1, -5, 6.36018, 0
9.043, 1, -5, 0.136778, 0
9.053, 1, -5, 0.889058, 0
9.063, 1, -5, 1.91489, 0
9.073, 1, -5, 2.32523, 0
9.083, 1, -5, 467.85, -7.58227e+06
9.094, 1, -5, 3.35106, 0
9.104, 1, -5, 3.96657, 0
9.114, 1, -5, 0, -4.75471e+08
9.124, 1, -5, 5.26596, 0
9.135, 1, -5, 5.06079, 0
9.145, 1, -5, 4.58207, 0
9.155, 1, -5, 3.89818, -3907.95
9.165, 1, -5, 3.82979, 0
9.175, 1, -5, 4.24012, 0
9.186, 1, -5, 4.92401, 0
9.196, 1, -5, 6.01824, 0
9.206, 1, -5, 6.56535, 1799.71
9.216, 1, -5, 0.615502, 0
9.226, 1, -5, 1.50456, 0
9.237, 1, -5, 1.98328, 0
9.247, 1, -5, 1.64134, 0
9.257, 1, -5, 1.57295, 0
9.268, 1, -5, 1.231, 0
9.278, 1, -5, 0.820669, -5699.09
9.288, 1, -5, 0.478723, 0
9.298, 1, -5, 0.889058, 0
9.309, 1, -5, 1.36778, 0
9.319, 1, -5, 1.36778, 239.123
9.329, 1, -5, 1.8465, 0
9.34, 1, -5, 2.46201, 0
9.35, 1, -5, 3.35106, 0
9.361, 1, -5, 3.96657, 0
9.371, 1, -5, 4.10334, 0
9.381, 1, -5, 3.41945, 0
9.391, 1, -5, 2.66717, 0
9.402, 1, -5, 1.91489, 0
9.412, 1, -5, 1.09422, -1953.97
9.422, 1, -5, 0.136778, 0
9.432, 1, -5, 6.08663, 0
9.443, 1, -5, 5.33435, 0
9.454, 1, -5, 5.40274, 0
9.464, 1, -5, 5.94985, 0
9.474, 1, -5, 6.01824, -167173
9.485, 1, -5, -28.655, 0
9.495, 1, -5, -29.3389, -1848.35
9.505, 1, -5, -30.228, 0
9.515, 1, -5, -31.3222, 0
9.526, 1, -5, -31.9377, 0
9.536, 1, -5, -32.8267, 0
9.546, 1, -5, -33.7842, 0
9.556, 1, -5, -35.0152, 0
9.567, 1, -5, -36.1094, 0
9.577, 1, -5, -37.0669, 0
9.587, 1, -5, -37.0669, 0
9.598, 1, -5, -36.6565, 0
9.608, 1, -5, -36.1094, 0
9.618, 1, -5, -35.6307, 0
9.629, 1, -5, -35.6307, 1.00863e+13
9.639, 1, -5, -34.7416, 0
9.649, 1, -5, -34.0578, 0
9.66, 1, -5, -33.4422, 0
9.67, 1, -5, -32.7584, 0
9.68, 1, -5, -32.4848, -1753.57
9.69, 1, -5, -32.9635, 0
9.701, 1, -5, -33.6474, 0
9.711, 0.716221, -5, -34.4681, 0
9.721, 1, -5, -35.4939, 0
9.731, 1, -5, -36.5198, 0
9.741, 1, -5, -37.4088, 0
9.752, 1, -5, -38.2979, 0
9.762, 1, -5, -38.503, 0
9.772, 1, -5, -38.1611, 0
9.782, 1, -5, -37.4772, 0
9.793, 1, -5, -36.5881, 0
9.804, 1, -5, -35.4255, 0
9.814, 1, -5, -34.5365, 0
9.824, 1, -5, -33.6474, 0
9.835, 1, -5, -32.8951, 0
9.845, 1, -5, -33.0319, 0
9.855, 1, -5, -33.5106, 0
9.865, 1, -5, -34.3313, 0
9.876, 1, -5, -35.152, 0
9.886, 1, -5, -36.2462, 0
9.896, 1, -5, -37.1353, 0
9.907, 1, -5, -38.0243, 0
9.917, 1, -5, -38.845, 0
9.927, 1, -5, -38.9818, 0
9.937, 1, -5, -38.503, 0
9.948, 1, -5, -37.9559, 0
9.958, 1, -5, -37.272, 0
9.968, 1, -5, -37.272, 2.28676e+06
9.978, 1, -5, -35.7675, 1899.7
9.989, 1, -5, -35.0152, 0
9.999, 1, -5, -35.0152, 1.08523e+06
10.009, 1, -5, 6.2234, 0
10.019, 1, -5, 5.53951, 0
10.03, 1, -5, 4.71884, 0
10.041, 1, -5, 3.82979, 0
10.051, 1, -5, 3.1459, 0
10.061, 1, -5, 1.91489, 0
10.071, 1, -5, 0.957447, 0
10.082, 1, -5, 6.77052, -1753.57
10.092, 1, -5, 5.74468, 37.0293
10.103, 1, -5, 4.78723, -2072.4
10.113, 1, -5, 4.30851, 0
10.123, 1, -5, 4.44529, 0
10.133, 1, -5, 4.9924, 0
10.144, 1, -5, 5.67629, 0
10.154, 1, -5, 6.42857, 2011.44
10.164, 1, -5, 0.683891, 0
10.174, 1, -5, 1.17001e+07, 2.78574e+11
10.185, 1, -5, 2.25684, 0
10.195, 1, -5, 2.94073, 0
10.205, 1, -5, 3.48784, 0
10.215, 1, -5, 4.03495, 2011.44
10.226, 1, -5, 4.51368, 0
10.236, 1, -5, 4.44529, 0
10.246, 1, -5, 3.62462, 0
10.256, 1, -5, 2.87234, 0
10.267, 1, -5, 1.98328, 0
10.277, 1, -5, 1.09422, -991.146
10.287, 1, -5, 0.341945, 0
10.298, 1, -5, 6.15502, 0
10.308, 1, -5, 6.01824, 0
10.318, 1, -5, 6.2234, 1753.57
10.328, 1, -5, 0, 0
10.339, 1, -5, 0.889058, 0
10.349, 1, -5, 1.09422, 0
10.359, 1, -5, 0.615502, 0
10.369, 1, -5, 6.70213, 0
10.38, 1, -5, 6.36018, 0
10.39, 1, -5, 6.49696, 0
10.4, 1, -5, 0, -3.30557e+09
10.41, 1, -5, 1.231, 0
10.42, 1, -5, 1.98328, 0
10.431, 1, -5, 2.66717, 0
10.441, 1, -5, 2.73556, 0
10.451, 1, -5, 2.73556, 0
10.462, 1, -5, 2.32523, 0
10.472, 1, -5, 1.64134, 0
10.482, 1, -5, 0.889058, -804.577
10.492, 1, -5, 6.77052, 0
10.503, 1, -5, 457.181, -1.38602e+07
10.513, 1, -5, -42.7432, -1799.71
10.523, 1, -5, -43.5638, 0
10.533, 1, -5, -43.6322, 0
10.544, 1, -5, -43.4271, 0
10.554, 1, -5, -44.1109, -254.708
10.565, 1, -5, 3.21429, -1185.94
10.575, 1, -5, 2.32523, -6838.91
10.585, 1, -5, 1.43617, -7815.89
10.596, 1, -5, 0.478723, -6217.19
10.606, 1, -5, 6.42857, -7598.78
10.616, 1, -5, 5.53951, -9498.48
10.627, 1, -5, 4.51368, -2820.17
10.637, 1, -5, 3.1459, -7598.78
10.647, 1, -5, 2.18845, -7198.85
10.658, 1, -5, 1.16261, -8045.77
10.668, 1, -5, 6.70213, -8045.77
10.678, 1, -5, 5.74468, -7198.85
10.689, 1, -5, 4.85562, -7598.78
10.699, 1, -5, 3.89818, -4884.93
10.71, 1, -5, 3.21429, -2206.1
10.72, 1, -5, 3.1459, 3907.95
10.73, 1, -5, 3.62462, 6034.33
10.74, 1, -5, 4.51368, 6034.33
10.751, 1, -5, 5.53951, 8289.58
10.761, 1, -5, 6.08663, 0
10.771, 1, -5, 5.81307, -743.359
10.782, 1, -5, 5.81307, 3696.71
10.793, 1, -5, 6.29179, 768.416
10.803, 1, -5, 6.15502, -2206.1
10.813, 1, -5, 5.6079, -3799.39
10.824, 1, -5, 4.92401, -4274.32
10.834, 1, -5, 3.82979, -1768.68
10.844, 1, -5, 3.00912, -7815.89
10.854, 1, -5, 2.18845, -6034.33
10.865, 1, -5, 1.70973, 348.924
10.875, 1, -5, 2.05167, 3799.39
