0, 0, 0, 0, 0
0.024, 0, 0, 0, 0
0.037, 0, 0, 0, 0
0.05, 0, 0, 0, 0
0.062, 0, 0, 0, 0
0.075, 0, 0, 0, 0
0.087, 0, 0, 0, 0
0.099, 0, 0, 0, 0
0.112, 0, 0, 0, 0
0.125, 0, 0, 0, 0
0.137, 0, 0, 0, 0
0.15, 0, 0, 0, 0
0.164, 0, 0, 0, 0
0.176, 0, 0, 0, 0
0.189, 0, 0, 0, 0
0.201, 0, 0, 0, 0
0.214, 0, 0, 0, 0
0.226, 0, 0, 0, 0
0.239, 0, 0, 0, 0
0.252, 0, 0, 0, 0
0.265, 0, 0, 0, 0
0.278, 0, 0, 0, 0
0.29, 0, 0, 0, 0
0.302, 0, 0, 0, 0
0.315, 0, 0, 0, 0
0.327, 0, 0, 0, 0
0.34, 0, 0, 0, 0
0.352, 0, 0, 0, 0
0.365, 0, 0, 0, 0
0.378, 0, 0, 0, 0
0.39, 0, 0, 0, 0
0.403, 0, 0, 0, 0
0.415, 0, 0, 0, 0
0.428, 0, 0, 0, 0
0.44, 0, 0, 0, 0
0.453, 0, 0, 0, 0
0.465, 0, 0, 0, 0
0.478, 0, 0, 0, 0
0.49, 0, 0, 0, 0
0.503, 0, 0, 0, 0
0.515, 0, 0, 0, 0
0.527, 0, 0, 0, 0
0.54, 0, 0, 0, 0
0.552, 0, 0, 0, 0
0.565, 0, 0, 0, 0
0.577, 0, 0, 0, 0
0.59, 0, 0, 0, 0
0.602, 0, 0, 0, 0
0.615, 0, 0, 0, 0
0.627, 0, 0, 0, 0
0.64, 0, 0, 0, 0
0.652, 0, 0, 0, 0
0.665, 0, 0, 0, 0
0.677, 0, 0, 0, 0
0.69, 0, 0, 0, 0
0.702, 0, 0, 0, 0
0.714, 0, 0, 0, 0
0.727, 0, 0, 0, 0
0.74, 0, 0, 0, 0
0.752, 0, 0, 0, 0
0.765, 0, 0, 0, 0
0.777, 0, 0, 0, 0
0.79, 0, 0, 0, 0
0.802, 0, 0, 0, 0
0.815, 0, 0, 0, 0
0.827, 0, 0, 0, 0
0.84, 0, 0, 0, 0
0.852, 0, 0, 0, 0
0.865, 0, 0, 0, 0
0.877, 0, 0, 0, 0
0.889, 0, 0, 0, 0
0.902, 0, 0, 0, 0
0.915, 0, 0, 0, 0
0.927, 0, 0, 0, 0
0.939, 0, 0, 0, 0
0.952, 0, 0, 0, 0
0.964, 0, 0, 0, 0
0.977, 0, 0, 0, 0
0.99, 0, 0, 0, 0
1.003, 0, 0, 0, 0
1.015, 0, 0, 0, 0
1.028, 0, 0, 0, 0
1.04, 0, 0, 0, 0
1.053, 0, 0, 0, 0
1.065, 0, 0, 0, 0
1.078, 0, 0, 0, 0
1.092, 0, 0, 0, 0
1.105, 0, 0, 0, 0
1.118, 0, 0, 0, 0
1.13, 0, 0, 0, 0
1.142, 0, 0, 0, 0
1.155, 0, 0, 0, 0
1.167, 0, 0, 0, 0
1.182, 0, 0, 0, 0
1.195, 0, 0, 0, 0
1.207, 0, 0, 0, 0
1.22, 0, 0, 0, 0
1.233, 0, 0, 0, 0
1.245, 0, 0, 0, 0
1.258, 0, 0, 0, 0
1.27, 0, 0, 0, 0
1.283, 0, 0, 0, 0
1.297, 0, 0, 0, 0
1.309, 0, 0, 0, 0
1.322, 0, 0, 0, 0
1.334, 0, 0, 0, 0
1.347, 0, 0, 0, 0
1.359, 0, 0, 0, 0
1.372, 0, 0, 0, 0
1.385, 0, 0, 0, 0
1.397, 0, 0, 0, 0
1.41, 0, 0, 0, 0
1.422, 0, 0, 0, 0
1.435, 0, 0, 0, 0
1.447, 0, 0, 0, 0
1.459, 0, 0, 0, 0
1.472, 0, 0, 0, 0
1.485, 0, 0, 0, 0
1.497, 0, 0, 0, 0
1.51, 0, 0, 0, 0
1.522, 0, 0, 0, 0
1.534, 0, 0, 0, 0
1.547, 0, 0, 0, 0
1.559, 0, 0, 0, 0
1.572, 0, 0, 0, 0
1.584, 0, 0, 0, 0
1.597, 0, 0, 0, 0
1.609, 0, 0, 0, 0
1.622, 0, 0, 0, 0
1.634, 0, 0, 0, 0
1.647, 0, 0, 0, 0
1.659, 0, 0, 0, 0
1.672, 0, 0, 0, 0
1.686, 0, 0, 0, 0
1.698, 0, 0, 0, 0
1.71, 0, 0, 0, 0
1.723, 0, 0, 0, 0
1.736, 0, 0, 0, 0
1.748, 0, 0, 0, 0
1.761, 0, 0, 0, 0
1.773, 0, 0, 0, 0
1.786, 0, 0, 0, 0
1.8, 0, 0, 0, 0
1.813, 0, 0, 0, 0
1.825, 0, 0, 0, 0
1.838, 0, 0, 0, 0
1.851, 0, 0, 0, 0
1.863, 0, 0, 0, 0
1.876, 0, 0, 0, 0
1.888, 0, 0, 0, 0
1.901, 0, 0, 0, 0
1.913, 0, 0, 0, 0
1.926, 0, 0, 0, 0
1.938, 0, 0, 0, 0
1.951, 0, 0, 0, 0
1.963, 0, 0, 0, 0
1.976, 0, 0, 0, 0
1.988, 0, 0, 0, 0
2.001, 0, 0, 0, 0
2.013, 0, 0, 0, 0
2.026, 0, 0, 0, 0
2.038, 0, 0, 0, 0
2.051, 0, 0, 0, 0
2.063, 0, 0, 0, 0
2.076, 0, 0, 0, 0
2.089, 0, 0, 0, 0
2.101, 0, 0, 0, 0
2.114, 0, 0, 0, 0
2.126, 0, 0, 0, 0
2.14, 0, 0, 0, 0
2.152, 0, 0, 0, 0
2.165, 0, 0, 0, 0
2.18, 0, 0, 0, 0
2.192, 0, 0, 0, 0
2.205, 0, 0, 0, 0
2.217, 0, 0, 0, 0
2.23, 0, 0, 0, 0
2.243, 0, 0, 0, 0
2.255, 0, 0, 0, 0
2.268, 0, 0, 0, 0
2.28, 0, 0, 0, 0
2.293, 0, 0, 0, 0
2.305, 0, 0, 0, 0
2.318, 0, 0, 0, 0
2.33, 0, 0, 0, 0
2.343, 0, 0, 0, 0
2.355, 0, 0, 0, 0
2.368, 0, 0, 0, 0
2.38, 0, 0, 0, 0
2.393, 0, 0, 0, 0
2.406, 0, 0, 0, 0
2.418, 0, 0, 0, 0
2.43, 0, 0, 0, 0
2.443, 0, 0, 0, 0
2.456, 0, 0, 0, 0
2.467, 0, 0, 0, 0
2.479, 0, 0, 0, 0
2.492, 0, 0, 0, 0
2.505, 0, 0, 0, 0
2.518, 0, 0, 0, 0
2.53, 0, 0, 0, 0
2.543, 0, 0, 0, 0
2.555, 0, 0, 0, 0
2.568, 0, 0, 0, 0
2.58, 0, 0, 0, 0
2.593, 0, 0, 0, 0
2.604, 0, 0, 0, 0
2.617, 0, 0, 0, 0
2.629, 0, 0, 0, 0
2.641, 0, 0, 0, 0
2.654, 0, 0, 0, 0
2.666, 0, 0, 0, 0
2.678, 0, 0, 0, 0
2.691, 0, 0, 0, 0
2.703, 0, 0, 0, 0
2.716, 0, 0, 0, 0
2.728, 0, 0, 0, 0
2.74, 0, 0, 0, 0
2.753, 0, 0, 0, 0
2.766, 0, 0, 0, 0
2.778, 0, 0, 0, 0
2.791, 0, 0, 0, 0
2.803, 0, 0, 0, 0
2.816, 0, 0, 0, 0
2.831, 0, 0, 0, 0
2.844, 0, 0, 0, 0
2.857, 0, 0, 0, 0
2.869, 0, 0, 0, 0
2.882, 0, 0, 0, 0
2.895, 0, 0, 0, 0
2.907, 0, 0, 0, 0
2.919, 0, 0, 0, 0
2.932, 0, 0, 0, 0
2.944, 0, 0, 0, 0
2.957, 0, 0, 0, 0
2.969, 0, 0, 0, 0
2.982, 0, 0, 0, 0
2.994, 0, 0, 0, 0
3.007, 0, 0, 0, 0
3.019, 0, 0, 0, 0
3.031, 0, 0, 0, 0
3.044, 0, 0, 0, 0
3.056, 0, 0, 0, 0
3.069, 0, 0, 0, 0
3.081, 0, 0, 0, 0
3.094, 0, 0, 0, 0
3.107, 0, 0, 0, 0
3.119, 0, 0, 0, 0
3.132, 0, 0, 0, 0
3.144, 0, 0, 0, 0
3.158, 0, 0, 0, 0
3.171, 0, 0, 0, 0
3.184, 0, 0, 0, 0
3.196, 0, 0, 0, 0
3.209, 0, 0, 0, 0
3.221, 0, 0, 0, 0
3.234, 0, 0, 0, 0
3.246, 0, 0, 0, 0
3.259, 0, 0, 0, 0
3.271, 0, 0, 0, 0
3.284, 0, 0, 0, 0
3.296, 0, 0, 0, 0
3.309, 0, 0, 0, 0
3.322, 0, 0, 0, 0
3.334, 0, 0, 0, 0
3.347, 0, 0, 0, 0
3.359, 0, 0, 0, 0
3.372, 0, 0, 0, 0
3.385, 0, 0, 0, 0
3.397, 0, 0, 0, 0
3.41, 0, 0, 0, 0
3.422, 0, 0, 0, 0
3.435, 0, 0, 0, 0
3.447, 0, 0, 0, 0
3.46, 0, 0, 0, 0
3.472, 0, 0, 0, 0
3.486, 0, 0, 0, 0
3.499, 0, 0, 0, 0
3.511, 0, 0, 0, 0
3.524, 0, 0, 0, 0
3.537, 0, 0, 0, 0
3.549, 0, 0, 0, 0
3.562, 0, 0, 0, 0
3.574, 0, 0, 0, 0
3.587, 0, 0, 0, 0
3.6, 0, 0, 0, 0
3.613, 0, 0, 0, 0
3.626, 0, 0, 0, 0
3.638, 0, 0, 0, 0
3.651, 0, 0, 0, 0
3.663, 0, 0, 0, 0
3.676, 0, 0, 0, 0
3.688, 0, 0, 0, 0
3.7, 0, 0, 0, 0
3.712, 0, 0, 0, 0
3.725, 0, 0, 0, 0
3.737, 0, 0, 0, 0
3.75, 0, 0, 0, 0
3.763, 0, 0, 0, 0
3.775, 0, 0, 0, 0
3.788, 0, 0, 0, 0
3.8, 0, 0, 0, 0
3.812, 0, 0, 0, 0
3.825, 0, 0, 0, 0
3.837, 0, 0, 0, 0
3.85, 0, 0, 0, 0
3.863, 0, 0, 0, 0
3.877, 0, 0, 0, 0
3.889, 0, 0, 0, 0
3.902, 0, 0, 0, 0
3.914, 0, 0, 0, 0
3.927, 0, 0, 0, 0
3.94, 0, 0, 0, 0
3.953, 0, 0, 0, 0
3.969, 0, 0, 0, 0
3.982, 0, 0, 0, 0
3.994, 0, 0, 0, 0
4.007, 0, 0, 0, 0
4.019, 0, 0, 0, 0
4.032, 0, 0, 0, 0
4.044, 0, 0, 0, 0
4.057, 0, 0, 0, 0
4.07, 0, 0, 0, 0
4.085, 0, 0, 0, 0
4.097, 0, 0, 0, 0
4.11, 0, 0, 0, 0
4.122, 0, 0, 0, 0
4.135, 0, 0, 0, 0
4.149, 0, 0, 0, 0
4.162, 0, 0, 0, 0
4.174, 0, 0, 0, 0
4.187, 0, 0, 0, 0
4.199, 0, 0, 0, 0
4.212, 0, 0, 0, 0
4.224, 0, 0, 0, 0
4.237, 0, 0, 0, 0
4.249, 0, 0, 0, 0
4.261, 0, 0, 0, 0
4.274, 0, 0, 0, 0
4.286, 0, 0, 0, 0
4.299, 0, 0, 0, 0
4.312, 0, 0, 0, 0
4.324, 0, 0, 0, 0
4.337, 0, 0, 0, 0
4.349, 0, 0, 0, 0
4.362, 0, 0, 0, 0
4.374, 0, 0, 0, 0
4.387, 0, 0, 0, 0
4.399, 0, 0, 0, 0
4.412, 0, 0, 0, 0
4.424, 0, 0, 0, 0
4.437, 0, 0, 0, 0
4.449, 0, 0, 0, 0
4.462, 0, 0, 0, 0
4.474, 0, 0, 0, 0
4.486, 0, 0, 0, 0
4.499, 0, 0, 0, 0
4.511, 0, 0, 0, 0
4.524, 0, 0, 0, 0
4.537, 0, 0, 0, 0
4.55, 0, 0, 0, 0
4.562, 0, 0, 0, 0
4.575, 0, 0, 0, 0
4.588, 0, 0, 0, 0
4.6, 0, 0, 0, 0
4.612, 0, 0, 0, 0
4.625, 0, 0, 0, 0
4.637, 0, 0, 0, 0
4.65, 0, 0, 0, 0
4.662, 0, 0, 0, 0
4.675, 0, 0, 0, 0
4.687, 0, 0, 0, 0
4.7, 0, 0, 0, 0
4.712, 0, 0, 0, 0
4.725, 0, 0, 0, 0
4.737, 0, 0, 0, 0
4.75, 0, 0, 0, 0
4.762, 0, 0, 0, 0
4.775, 0, 0, 0, 0
4.787, 0, 0, 0, 0
4.8, 0, 0, 0, 0
4.812, 0, 0, 0, 0
4.825, 0, 0, 0, 0
4.837, 0, 0, 0, 0
4.85, 0, 0, 0, 0
4.862, 0, 0, 0, 0
4.875, 0, 0, 0, 0
4.887, 0, 0, 0, 0
4.899, 0, 0, 0, 0
4.912, 0, 0, 0, 0
4.925, 0, 0, 0, 0
4.937, 0, 0, 0, 0
4.95, 0, 0, 0, 0
4.962, 0, 0, 0, 0
4.974, 0, 0, 0, 0
4.987, 0, 0, 0, 0
4.999, 0, 0, 0, 0
5.012, 0, 0, 0, 0
5.024, 0, 0, 0, 0
5.037, 0, 0, 0, 0
5.049, 0, 0, 0, 0
5.062, 0, 0, 0, 0
5.08, 0, 0, 0, 0
5.092, 0, 0, 0, 0
5.105, 0, 0, 0, 0
5.117, 0, 0, 0, 0
5.129, 0, 0, 0, 0
5.142, 0, 0, 0, 0
5.154, 0, 0, 0, 0
5.166, 0, 0, 0, 0
5.178, 0, 0, 0, 0
5.191, 0, 0, 0, 0
5.203, 0, 0, 0, 0
5.216, 0, 0, 0, 0
5.229, 0, 0, 0, 0
5.241, 0, 0, 0, 0
5.254, 0, 0, 0, 0
5.266, 0, 0, 0, 0
5.279, 0, 0, 0, 0
5.291, 0, 0, 0, 0
5.304, 0, 0, 0, 0
5.318, 0, 0, 0, 0
5.33, 0, 0, 0, 0
5.343, 0, 0, 0, 0
5.356, 0, 0, 0, 0
5.368, 0, 0, 0, 0
5.381, 0, 0, 0, 0
5.393, 0, 0, 0, 0
5.406, 0, 0, 0, 0
5.418, 0, 0, 0, 0
5.431, 0, 0, 0, 0
5.443, 0, 0, 0, 0
5.456, 0, 0, 0, 0
5.468, 0, 0, 0, 0
5.481, 0, 0, 0, 0
5.493, 0, 0, 0, 0
5.505, 0, 0, 0, 0
5.518, 0, 0, 0, 0
5.531, 0, 0, 0, 0
5.543, 0, 0, 0, 0
5.556, 0, 0, 0, 0
5.568, 0, 0, 0, 0
5.581, 0, 0, 0, 0
5.593, 0, 0, 0, 0
5.606, 0, 0, 0, 0
5.618, 0, 0, 0, 0
5.63, 0, 0, 0, 0
5.643, 0, 0, 0, 0
5.655, 0, 0, 0, 0
5.668, 0, 0, 0, 0
5.68, 0, 0, 0, 0
5.693, 0, 0, 0, 0
5.705, 0, 0, 0, 0
5.718, 0, 0, 0, 0
5.73, 0, 0, 0, 0
5.742, 0, 0, 0, 0
5.755, 0, 0, 0, 0
5.767, 0, 0, 0, 0
5.78, 0, 0, 0, 0
5.793, 0, 0, 0, 0
5.805, 0, 0, 0, 0
5.817, 0, 0, 0, 0
5.831, 0, 0, 0, 0
5.843, 0, 0, 0, 0
5.857, 0, 0, 0, 0
5.869, 0, 0, 0, 0
5.881, 0, 0, 0, 0
5.894, 0, 0, 0, 0
5.906, 0, 0, 0, 0
5.919, 0, 0, 0, 0
5.931, 0, 0, 0, 0
5.944, 0, 0, 0, 0
5.957, 0, 0, 0, 0
5.969, 0, 0, 0, 0
5.982, 0, 0, 0, 0
5.994, 0, 0, 0, 0
6.007, 0, 0, 0, 0
6.019, 0, 0, 0, 0
6.032, 0, 0, 0, 0
6.045, 0, 0, 0, 0
6.057, 0, 0, 0, 0
6.07, 0, 0, 0, 0
6.082, 0, 0, 0, 0
6.094, 0, 0, 0, 0
6.107, 0, 0, 0, 0
6.119, 0, 0, 0, 0
6.132, 0, 0, 0, 0
6.144, 0, 0, 0, 0
6.157, 0, 0, 0, 0
6.172, 0, 0, 0, 0
6.185, 0, 0, 0, 0
6.197, 0, 0, 0, 0
6.21, 0, 0, 0, 0
6.222, 0, 0, 0, 0
6.235, 0, 0, 0, 0
6.247, 0, 0, 0, 0
6.26, 0, 0, 0, 0
6.272, 0, 0, 0, 0
6.285, 0, 0, 0, 0
6.297, 0, 0, 0, 0
6.31, 0, 0, 0, 0
6.322, 0, 0, 0, 0
6.335, 0, 0, 0, 0
6.349, 0, 0, 0, 0
6.361, 0, 0, 0, 0
6.374, 0, 0, 0, 0
6.386, 0, 0, 0, 0
6.399, 0, 0, 0, 0
6.411, 0, 0, 0, 0
6.424, 0, 0, 0, 0
6.438, 0, 0, 0, 0
6.451, 0, 0, 0, 0
6.464, 0, 0, 0, 0
6.476, 0, 0, 0, 0
6.488, 0, 0, 0, 0
6.501, 0, 0, 0, 0
6.513, 0, 0, 0, 0
6.526, 0, 0, 0, 0
6.538, 0, 0, 0, 0
6.551, 0, 0, 0, 0
6.563, 0, 0, 0, 0
6.575, 0, 0, 0, 0
6.588, 0, 0, 0, 0
6.6, 0, 0, 0, 0
6.612, 0, 0, 0, 0
6.624, 0, 0, 0, 0
6.636, 0, 0, 0, 0
6.649, 0, 0, 0, 0
6.661, 0, 0, 0, 0
6.674, 0, 0, 0, 0
6.686, 0, 0, 0, 0
6.699, 0, 0, 0, 0
6.711, 0, 0, 0, 0
6.724, 0, 0, 0, 0
6.736, 0, 0, 0, 0
6.749, 0, 0, 0, 0
6.761, 0, 0, 0, 0
6.774, 0, 0, 0, 0
6.786, 0, 0, 0, 0
6.798, 0, 0, 0, 0
6.811, 0, 0, 0, 0
6.823, 0, 0, 0, 0
6.836, 0, 0, 0, 0
6.848, 0, 0, 0, 0
6.863, 0, 0, 0, 0
6.875, 0, 0, 0, 0
6.888, 0, 0, 0, 0
6.901, 0, 0, 0, 0
6.914, 0, 0, 0, 0
6.926, 0, 0, 0, 0
6.939, 0, 0, 0, 0
6.951, 0, 0, 0, 0
6.964, 0, 0, 0, 0
6.976, 0, 0, 0, 0
6.989, 0, 0, 0, 0
7.001, 0, 0, 0, 0
7.014, 0, 0, 0, 0
7.026, 0, 0, 0, 0
7.039, 0, 0, 0, 0
7.052, 0, 0, 0, 0
7.064, 0, 0, 0, 0
7.077, 0, 0, 0, 0
7.09, 0, 0, 0, 0
7.102, 0, 0, 0, 0
7.114, 0, 0, 0, 0
7.127, 0, 0, 0, 0
7.139, 0, 0, 0, 0
7.152, 0, 0, 0, 0
7.165, 0, 0, 0, 0
7.177, 0, 0, 0, 0
7.19, 0, 0, 0, 0
7.202, 0, 0, 0, 0
7.215, 0, 0, 0, 0
7.227, 0, 0, 0, 0
7.24, 0, 0, 0, 0
7.252, 0, 0, 0, 0
7.265, 0, 0, 0, 0
7.278, 0, 0, 0, 0
7.289, 0, 0, 0, 0
7.302, 0, 0, 0, 0
7.314, 0, 0, 0, 0
7.327, 0, 0, 0, 0
7.339, 0, 0, 0, 0
7.352, 0, 0, 0, 0
7.364, 0, 0, 0, 0
7.377, 0, 0, 0, 0
7.388, 0, 0, 0, 0
7.401, 0, 0, 0, 0
7.413, 0, 0, 0, 0
7.426, 0, 0, 0, 0
7.438, 0, 0, 0, 0
7.451, 0, 0, 0, 0
7.463, 0, 0, 0, 0
7.476, 0, 0, 0, 0
7.488, 0, 0, 0, 0
7.501, 0, 0, 0, 0
7.513, 0, 0, 0, 0
7.526, 0, 0, 0, 0
7.538, 0, 0, 0, 0
7.551, 0, 0, 0, 0
7.563, 0, 0, 0, 0
7.577, 0, 0, 0, 0
7.589, 0, 0, 0, 0
7.601, 0, 0, 0, 0
7.614, 0, 0, 0, 0
7.626, 0, 0, 0, 0
7.639, 0, 0, 0, 0
7.651, 0, 0, 0, 0
7.664, 0, 0, 0, 0
7.676, 0, 0, 0, 0
7.689, 0, 0, 0, 0
7.701, 0, 0, 0, 0
7.714, 0, 0, 0, 0
7.726, 0, 0, 0, 0
7.739, 0, 0, 0, 0
7.751, 0, 0, 0, 0
7.763, 0, 0, 0, 0
7.776, 0, 0, 0, 0
7.788, 0, 0, 0, 0
7.801, 0, 0, 0, 0
7.813, 0, 0, 0, 0
7.826, 0, 0, 0, 0
7.839, 0, 0, 0, 0
7.851, 0, 0, 0, 0
7.864, 0, 0, 0, 0
7.876, 0, 0, 0, 0
7.889, 0, 0, 0, 0
7.901, 0, 0, 0, 0
7.913, 0, 0, 0, 0
7.926, 0, 0, 0, 0
7.94, 0, 0, 0, 0
7.952, 0, 0, 0, 0
7.965, 0, 0, 0, 0
7.977, 0, 0, 0, 0
7.99, 0, 0, 0, 0
8.002, 0, 0, 0, 0
8.015, 0, 0, 0, 0
8.026, 0, 0, 0, 0
8.039, 0, 0, 0, 0
8.051, 0, 0, 0, 0
8.063, 0, 0, 0, 0
8.076, 0, 0, 0, 0
8.089, 0, 0, 0, 0
8.101, 0, 0, 0, 0
8.114, 0, 0, 0, 0
8.126, 0, 0, 0, 0
8.139, 0, 0, 0, 0
8.151, 0, 0, 0, 0
8.163, 0, 0, 0, 0
8.176, 0, 0, 0, 0
8.188, 0, 0, 0, 0
8.201, 0, 0, 0, 0
8.213, 0, 0, 0, 0
8.226, 0, 0, 0, 0
8.238, 0, 0, 0, 0
8.25, 0, 0, 0, 0
8.263, 0, 0, 0, 0
8.275, 0, 0, 0, 0
8.288, 0, 0, 0, 0
8.3, 0, 0, 0, 0
8.313, 0, 0, 0, 0
8.325, 0, 0, 0, 0
8.338, 0, 0, 0, 0
8.35, 0, 0, 0, 0
8.362, 0, 0, 0, 0
8.375, 0, 0, 0, 0
8.387, 0, 0, 0, 0
8.4, 0, 0, 0, 0
8.413, 0, 0, 0, 0
8.425, 0, 0, 0, 0
8.438, 0, 0, 0, 0
8.45, 0, 0, 0, 0
8.463, 0, 0, 0, 0
8.475, 0, 0, 0, 0
8.488, 0, 0, 0, 0
8.5, 0, 0, 0, 0
8.513, 0, 0, 0, 0
8.526, 0, 0, 0, 0
8.538, 0, 0, 0, 0
8.551, 0, 0, 0, 0
8.563, 0, 0, 0, 0
8.576, 0, 0, 0, 0
8.588, 0, 0, 0, 0
8.603, 0, 0, 0, 0
8.615, 0, 0, 0, 0
8.628, 0, 0, 0, 0
8.642, 0, 0, 0, 0
8.654, 0, 0, 0, 0
8.667, 0, 0, 0, 0
8.679, 0, 0, 0, 0
8.691, 0, 0, 0, 0
8.704, 0, 0, 0, 0
8.716, 0, 0, 0, 0
8.729, 0, 0, 0, 0
8.741, 0, 0, 0, 0
8.754, 0, 0, 0, 0
8.767, 0, 0, 0, 0
8.779, 0, 0, 0, 0
8.791, 0, 0, 0, 0
8.804, 0, 0, 0, 0
8.816, 0, 0, 0, 0
8.83, 0, 0, 0, 0
8.843, 0, 0, 0, 0
8.855, 0, 0, 0, 0
8.868, 0, 0, 0, 0
8.88, 0, 0, 0, 0
8.893, 0, 0, 0, 0
8.906, 0, 0, 0, 0
8.918, 0, 0, 0, 0
8.931, 0, 0, 0, 0
8.943, 0, 0, 0, 0
8.956, 0, 0, 0, 0
8.968, 0, 0, 0, 0
8.98, 0, 0, 0, 0
8.993, 0, 0, 0, 0
9.006, 0, 0, 0, 0
9.018, 0, 0, 0, 0
9.031, 0, 0, 0, 0
9.043, 0, 0, 0, 0
9.057, 0, 0, 0, 0
9.069, 0, 0, 0, 0
9.081, 0, 0, 0, 0
9.094, 0, 0, 0, 0
9.106, 0, 0, 0, 0
9.119, 0, 0, 0, 0
9.131, 0, 0, 0, 0
9.144, 0, 0, 0, 0
9.156, 0, 0, 0, 0
9.169, 0, 0, 0, 0
9.181, 0, 0, 0, 0
9.194, 0, 0, 0, 0
9.206, 0, 0, 0, 0
9.219, 0, 0, 0, 0
9.231, 0, 0, 0, 0
9.244, 0, 0, 0, 0
9.257, 0, 0, 0, 0
9.269, 0, 0, 0, 0
9.281, 0, 0, 0, 0
9.294, 0, 0, 0, 0
9.306, 0, 0, 0, 0
9.319, 0, 0, 0, 0
9.331, 0, 0, 0, 0
9.344, 0, 0, 0, 0
9.355, 0, 0, 0, 0
9.368, 0, 0, 0, 0
9.38, 0, 0, 0, 0
9.392, 0, 0, 0, 0
9.405, 0, 0, 0, 0
9.417, 0, 0, 0, 0
9.43, 0, 0, 0, 0
9.443, 0, 0, 0, 0
9.456, 0, 0, 0, 0
9.468, 0, 0, 0, 0
9.48, 0, 0, 0, 0
9.493, 0, 0, 0, 0
9.505, 0, 0, 0, 0
9.518, 0, 0, 0, 0
9.533, 0, 0, 0, 0
9.546, 0, 0, 0, 0
9.558, 0, 0, 0, 0
9.571, 0, 0, 0, 0
9.583, 0, 0, 0, 0
9.596, 0, 0, 0, 0
9.609, 0, 0, 0, 0
9.621, 0, 0, 0, 0
9.635, 0, 0, 0, 0
9.647, 0, 0, 0, 0
9.659, 0, 0, 0, 0
9.672, 0, 0, 0, 0
9.684, 0, 0, 0, 0
9.697, 0, 0, 0, 0
9.709, 0, 0, 0, 0
9.722, 0, 0, 0, 0
9.734, 0, 0, 0, 0
9.747, 0, 0, 0, 0
9.759, 0, 0, 0, 0
9.772, 0, 0, 0, 0
9.785, 0, 0, 0, 0
9.797, 0, 0, 0, 0
9.809, 0, 0, 0, 0
9.821, 0, 0, 0, 0
9.833, 0, 0, 0, 0
9.846, 0, 0, 0, 0
9.858, 0, 0, 0, 0
9.871, 0, 0, 0, 0
9.883, 0, 0, 0, 0
9.895, 0, 0, 0, 0
9.908, 0, 0, 0, 0
9.92, 0, 0, 0, 0
9.933, 0, 0, 0, 0
9.945, 0, 0, 0, 0
9.958, 0, 0, 0, 0
9.97, 0, 0, 0, 0
9.983, 0, 0, 0, 0
9.995, 0, 0, 0, 0
10.007, 0, 0, 0, 0
10.02, 0, 0, 0, 0
10.032, 0, 0, 0, 0
10.045, 0, 0, 0, 0
10.058, 0, 0, 0, 0
10.071, 0, 0, 0, 0
11.758, 0, 0, 0, 0
11.77, 0, 0, 0, 0
11.783, 0, 0, 0, 0
11.795, 0, 0, 0, 0
11.809, 0, 0, 0, 0
11.822, 0, 0, 0, 0
11.834, 0, 0, 0, 0
11.847, 0, 0, 0, 0
11.859, 0, 0, 0, 0
11.871, 0, 0, 0, 0
11.884, 0, 0, 0, 0
11.897, 0, 0, 0, 0
11.909, 0, 0, 0, 0
11.921, 0, 0, 0, 0
11.934, 0, 0, 0, 0
11.946, 0, 0, 0, 0
11.959, 0, 0, 0, 0
11.971, 0, 0, 0, 0
11.984, 0, 0, 0, 0
11.997, 0, 0, 0, 0
12.01, 0, 0, 0, 0
12.022, 0, 0, 0, 0
12.035, 0, 0, 0, 0
12.046, 0, 0, 0, 0
12.059, 0, 0, 0, 0
12.071, 0, 0, 0, 0
12.084, 0, 0, 0, 0
12.096, 0, 0, 0, 0
12.109, 0, 0, 0, 0
12.121, 0, 0, 0, 0
12.133, 0, 0, 0, 0
12.146, 0, 0, 0, 0
12.158, 0, 0, 0, 0
12.171, 0, 0, 0, 0
12.183, 0, 0, 0, 0
12.196, 0, 0, 0, 0
12.207, 0, 0, 0, 0
12.22, 0, 0, 0, 0
12.232, 0, 0, 0, 0
12.245, 0, 0, 0, 0
12.258, 0, 0, 0, 0
12.27, 0, 0, 0, 0
12.282, 0, 0, 0, 0
12.295, 0, 0, 0, 0
12.307, 0, 0, 0, 0
12.32, 0, 0, 0, 0
12.332, 0, 0, 0, 0
12.345, 0, 0, 0, 0
12.358, 0, 0, 0, 0
12.37, 0, 0, 0, 0
12.383, 0, 0, 0, 0
12.395, 0, 0, 0, 0
12.407, 0, 0, 0, 0
12.419, 0, 0, 0, 0
12.432, 0, 0, 0, 0
12.443, 0, 0, 0, 0
12.456, 0, 0, 0, 0
12.468, 0, 0, 0, 0
12.48, 0, 0, 0, 0
12.493, 0, 0, 0, 0
12.506, 0, 0, 0, 0
12.518, 0, 0, 0, 0
12.531, 0, 0, 0, 0
12.544, 0, 0, 0, 0
12.556, 0, 0, 0, 0
12.568, 0, 0, 0, 0
12.581, 0, 0, 0, 0
12.593, 0, 0, 0, 0
12.606, 0, 0, 0, 0
12.618, 0, 0, 0, 0
12.631, 0, 0, 0, 0
12.644, 0, 0, 0, 0
12.656, 0, 0, 0, 0
12.669, 0, 0, 0, 0
12.681, 0, 0, 0, 0
12.693, 0, 0, 0, 0
12.707, 0, 0, 0, 0
12.719, 0, 0, 0, 0
12.732, 0, 0, 0, 0
12.744, 0, 0, 0, 0
12.757, 0, 0, 0, 0
12.769, 0, 0, 0, 0
12.781, 0, 0, 0, 0
12.794, 0, 0, 0, 0
12.807, 0, 0, 0, 0
12.819, 0, 0, 0, 0
12.832, 0, 0, 0, 0
12.845, 0, 0, 0, 0
12.858, 0, 0, 0, 0
12.87, 0, 0, 0, 0
12.883, 0, 0, 0, 0
12.895, 0, 0, 0, 0
12.908, 0, 0, 0, 0
12.92, 0, 0, 0, 0
12.932, 0, 0, 0, 0
12.945, 0, 0, 0, 0
12.957, 0, 0, 0, 0
12.97, 0, 0, 0, 0
12.982, 0, 0, 0, 0
12.995, 0, 0, 0, 0
13.007, 0, 0, 0, 0
13.02, 0, 0, 0, 0
13.032, 0, 0, 0, 0
13.045, 0, 0, 0, 0
13.057, 0, 0, 0, 0
13.069, 0, 0, 0, 0
13.082, 0, 0, 0, 0
13.094, 0, 0, 0, 0
13.107, 0, 0, 0, 0
13.12, 0, 0, 0, 0
13.132, 0, 0, 0, 0
13.144, 0, 0, 0, 0
13.156, 0, 0, 0, 0
13.169, 0, 0, 0, 0
13.181, 0, 0, 0, 0
13.193, 0, 0, 0, 0
13.206, 0, 0, 0, 0
13.218, 0, 0, 0, 0
13.231, 0, 0, 0, 0
13.243, 0, 0, 0, 0
13.256, 0, 0, 0, 0
13.268, 0, 0, 0, 0
13.281, 0, 0, 0, 0
13.293, 0, 0, 0, 0
13.306, 0, 0, 0, 0
13.318, 0, 0, 0, 0
13.33, 0, 0, 0, 0
13.343, 0, 0, 0, 0
13.355, 0, 0, 0, 0
13.368, 0, 0, 0, 0
13.38, 0, 0, 0, 0
13.393, 0, 0, 0, 0
13.405, 0, 0, 0, 0
13.418, 0, 0, 0, 0
13.43, 0, 0, 0, 0
13.443, 0, 0, 0, 0
13.458, 0, 0, 0, 0
13.471, 0, 0, 0, 0
13.483, 0, 0, 0, 0
13.496, 0, 0, 0, 0
13.508, 0, 0, 0, 0
13.521, 0, 0, 0, 0
13.533, 0, 0, 0, 0
13.545, 0, 0, 0, 0
13.558, 0, 0, 0, 0
13.57, 0, 0, 0, 0
13.583, 0, 0, 0, 0
13.594, 0, 0, 0, 0
13.607, 0, 0, 0, 0
13.619, 0, 0, 0, 0
13.632, 0, 0, 0, 0
13.644, 0, 0, 0, 0
13.656, 0, 0, 0, 0
13.669, 0, 0, 0, 0
13.681, 0, 0, 0, 0
13.694, 0, 0, 0, 0
13.706, 0, 0, 0, 0
13.719, 0, 0, 0, 0
13.731, 0, 0, 0, 0
13.744, 0, 0, 0, 0
13.756, 0, 0, 0, 0
13.769, 0, 0, 0, 0
13.781, 0, 0, 0, 0
13.793, 0, 0, 0, 0
13.805, 0, 0, 0, 0
13.817, 0, 0, 0, 0
13.83, 0, 0, 0, 0
13.842, 0, 0, 0, 0
13.855, 0, 0, 0, 0
13.867, 0, 0, 0, 0
13.88, 0, 0, 0, 0
13.892, 0, 0, 0, 0
13.904, 0, 0, 0, 0
13.917, 0, 0, 0, 0
13.929, 0, 0, 0, 0
13.942, 0, 0, 0, 0
13.954, 0, 0, 0, 0
13.967, 0, 0, 0, 0
13.979, 0, 0, 0, 0
13.993, 0, 0, 0, 0
14.005, 0, 0, 0, 0
14.017, 0, 0, 0, 0
14.03, 0, 0, 0, 0
14.042, 0, 0, 0, 0
14.055, 0, 0, 0, 0
14.067, 0, 0, 0, 0
14.08, 0, 0, 0, 0
14.092, 0, 0, 0, 0
14.105, 0, 0, 0, 0
14.117, 0, 0, 0, 0
14.13, 0, 0, 0, 0
14.142, 0, 0, 0, 0
14.155, 0, 0, 0, 0
14.167, 0, 0, 0, 0
14.18, 0, 0, 0, 0
14.193, 0, 0, 0, 0
14.205, 0, 0, 0, 0
14.218, 0, 0, 0, 0
14.23, 0, 0, 0, 0
14.243, 0, 0, 0, 0
14.255, 0, 0, 0, 0
14.268, 0, 0, 0, 0
14.28, 0, 0, 0, 0
14.293, 0, 0, 0, 0
14.305, 0, 0, 0, 0
14.318, 0, 0, 0, 0
14.331, 0, 0, 0, 0
14.343, 0, 0, 0, 0
14.356, 0, 0, 0, 0
14.368, 0, 0, 0, 0
14.381, 0, 0, 0, 0
14.394, 0, 0, 0, 0
14.406, 0, 0, 0, 0
14.419, 0, 0, 0, 0
14.431, 0, 0, 0, 0
14.444, 0, 0, 0, 0
14.456, 0, 0, 0, 0
14.469, 0, 0, 0, 0
14.481, 0, 0, 0, 0
14.494, 0, 0, 0, 0
14.506, 0, 0, 0, 0
14.518, 0, 0, 0, 0
14.531, 0, 0, 0, 0
14.543, 0, 0, 0, 0
14.556, 0, 0, 0, 0
14.568, 0, 0, 0, 0
14.581, 0, 0, 0, 0
14.593, 0, 0, 0, 0
14.606, 0, 0, 0, 0
14.618, 0, 0, 0, 0
14.63, 0, 0, 0, 0
14.643, 0, 0, 0, 0
14.655, 0, 0, 0, 0
14.668, 0, 0, 0, 0
14.681, 0, 0, 0, 0
14.694, 0, 0, 0, 0
14.707, 0, 0, 0, 0
14.719, 0, 0, 0, 0
14.731, 0, 0, 0, 0
14.744, 0, 0, 0, 0
14.756, 0, 0, 0, 0
14.769, 0, 0, 0, 0
14.782, 0, 0, 0, 0
14.794, 0, 0, 0, 0
14.806, 0, 0, 0, 0
14.819, 0, 0, 0, 0
14.831, 0, 0, 0, 0
14.844, 0, 0, 0, 0
14.856, 0, 0, 0, 0
14.869, 0, 0, 0, 0
14.881, 0, 0, 0, 0
14.894, 0, 0, 0, 0
14.907, 0, 0, 0, 0
14.919, 0, 0, 0, 0
14.932, 0, 0, 0, 0
14.944, 0, 0, 0, 0
14.956, 0, 0, 0, 0
14.969, 0, 0, 0, 0
14.981, 0, 0, 0, 0
14.994, 0, 0, 0, 0
15.006, 0, 0, 0, 0
15.019, 0, 0, 0, 0
15.031, 0, 0, 0, 0
15.044, 0, 0, 0, 0
15.056, 0, 0, 0, 0
15.069, 0, 0, 0, 0
15.081, 0, 0, 0, 0
15.093, 0, 0, 0, 0
15.107, 0, 0, 0, 0
15.119, 0, 0, 0, 0
15.131, 0, 0, 0, 0
15.144, 0, 0, 0, 0
15.156, 0, 0, 0, 0
15.169, 0, 0, 0, 0
15.181, 0, 0, 0, 0
15.194, 0, 0, 0, 0
15.208, 0, 0, 0, 0
15.22, 0, 0, 0, 0
15.232, 0, 0, 0, 0
15.244, 0, 0, 0, 0
15.257, 0, 0, 0, 0
15.269, 0, 0, 0, 0
15.282, 0, 0, 0, 0
15.294, 0, 0, 0, 0
15.307, 0, 0, 0, 0
15.319, 0, 0, 0, 0
15.331, 0, 0, 0, 0
15.344, 0, 0, 0, 0
15.357, 0, 0, 0, 0
15.37, 0, 0, 0, 0
15.382, 0, 0, 0, 0
15.395, 0, 0, 0, 0
15.407, 0, 0, 0, 0
15.42, 0, 0, 0, 0
15.432, 0, 0, 0, 0
15.444, 0, 0, 0, 0
15.457, 0, 0, 0, 0
15.47, 0, 0, 0, 0
15.482, 0, 0, 0, 0
15.495, 0, 0, 0, 0
15.507, 0, 0, 0, 0
15.52, 0, 0, 0, 0
15.532, 0, 0, 0, 0
15.545, 0, 0, 0, 0
15.557, 0, 0, 0, 0
15.569, 0, 0, 0, 0
15.582, 0, 0, 0, 0
15.595, 0, 0, 0, 0
15.607, 0, 0, 0, 0
15.621, 0, 0, 0, 0
15.633, 0, 0, 0, 0
15.646, 0, 0, 0, 0
15.658, 0, 0, 0, 0
15.671, 0, 0, 0, 0
15.683, 0, 0, 0, 0
15.695, 0, 0, 0, 0
15.708, 0, 0, 0, 0
15.72, 0, 0, 0, 0
15.733, 0, 0, 0, 0
15.745, 0, 0, 0, 0
15.758, 0, 0, 0, 0
15.771, 0, 0, 0, 0
15.783, 0, 0, 0, 0
15.795, 0, 0, 0, 0
15.808, 0, 0, 0, 0
15.821, 0, 0, 0, 0
15.833, 0, 0, 0, 0
15.845, 0, 0, 0, 0
15.858, 0, 0, 0, 0
15.87, 0, 0, 0, 0
15.883, 0, 0, 0, 0
15.895, 0, 0, 0, 0
15.908, 0, 0, 0, 0
15.921, 0, 0, 0, 0
15.934, 0, 0, 0, 0
15.946, 0, 0, 0, 0
15.959, 0, 0, 0, 0
15.971, 0, 0, 0, 0
15.983, 0, 0, 0, 0
15.996, 0, 0, 0, 0
16.008, 0, 0, 0, 0
16.021, 0, 0, 0, 0
16.033, 0, 0, 0, 0
16.046, 0, 0, 0, 0
16.059, 0, 0, 0, 0
16.071, 0, 0, 0, 0
16.084, 0, 0, 0, 0
16.096, 0, 0, 0, 0
16.109, 0, 0, 0, 0
16.122, 0, 0, 0, 0
16.134, 0, 0, 0, 0
16.146, 0, 0, 0, 0
16.159, 0, 0, 0, 0
16.171, 0, 0, 0, 0
16.184, 0, 0, 0, 0
16.197, 0, 0, 0, 0
16.209, 0, 0, 0, 0
16.222, 0, 0, 0, 0
16.234, 0, 0, 0, 0
16.246, 0, 0, 0, 0
16.259, 0, 0, 0, 0
16.271, 0, 0, 0, 0
16.284, 0, 0, 0, 0
16.296, 0, 0, 0, 0
16.309, 0, 0, 0, 0
16.321, 0, 0, 0, 0
16.334, 0, 0, 0, 0
16.346, 0, 0, 0, 0
16.359, 0, 0, 0, 0
16.371, 0, 0, 0, 0
16.383, 0, 0, 0, 0
16.396, 0, 0, 0, 0
16.409, 0, 0, 0, 0
16.421, 0, 0, 0, 0
16.433, 0, 0, 0, 0
16.446, 0, 0, 0, 0
16.458, 0, 0, 0, 0
16.471, 0, 0, 0, 0
16.483, 0, 0, 0, 0
16.496, 0, 0, 0, 0
16.508, 0, 0, 0, 0
16.521, 0, 0, 0, 0
16.533, 0, 0, 0, 0
16.546, 0, 0, 0, 0
16.558, 0, 0, 0, 0
16.571, 0, 0, 0, 0
16.586, 0, 0, 0, 0
16.598, 0, 0, 0, 0
16.611, 0, 0, 0, 0
16.624, 0, 0, 0, 0
16.636, 0, 0, 0, 0
16.649, 0, 0, 0, 0
16.661, 0, 0, 0, 0
16.674, 0, 0, 0, 0
16.686, 0, 0, 0, 0
16.698, 0, 0, 0, 0
16.711, 0, 0, 0, 0
16.724, 0, 0, 0, 0
16.736, 0, 0, 0, 0
16.749, 0, 0, 0, 0
16.761, 0, 0, 0, 0
16.774, 0, 0, 0, 0
16.786, 0, 0, 0, 0
16.798, 0, 0, 0, 0
16.811, 0, 0, 0, 0
16.823, 0, 0, 0, 0
16.836, 0, 0, 0, 0
16.848, 0, 0, 0, 0
16.862, 0, 0, 0, 0
16.874, 0, 0, 0, 0
16.887, 0, 0, 0, 0
16.899, 0, 0, 0, 0
16.911, 0, 0, 0, 0
16.924, 0, 0, 0, 0
16.936, 0, 0, 0, 0
16.949, 0, 0, 0, 0
16.963, 0, 0, 0, 0
16.975, 0, 0, 0, 0
16.987, 0, 0, 0, 0
17, 0, 0, 0, 0
17.012, 0, 0, 0, 0
17.025, 0, 0, 0, 0
17.037, 0, 0, 0, 0
17.05, 0, 0, 0, 0
17.062, 0, 0, 0, 0
17.075, 0, 0, 0, 0
17.088, 0, 0, 0, 0
17.101, 0, 0, 0, 0
17.113, 0, 0, 0, 0
17.125, 0, 0, 0, 0
17.138, 0, 0, 0, 0
17.15, 0, 0, 0, 0
17.163, 0, 0, 0, 0
17.175, 0, 0, 0, 0
17.188, 0, 0, 0, 0
17.2, 0, 0, 0, 0
17.213, 0, 0, 0, 0
17.225, 0, 0, 0, 0
17.238, 0, 0, 0, 0
17.25, 0, 0, 0, 0
17.263, 0, 0, 0, 0
17.275, 0, 0, 0, 0
17.287, 0, 0, 0, 0
17.3, 0, 0, 0, 0
17.312, 0, 0, 0, 0
17.325, 0, 0, 0, 0
17.337, 0, 0, 0, 0
17.349, 0, 0, 0, 0
17.363, 0, 0, 0, 0
17.376, 0, 0, 0, 0
17.388, 0, 0, 0, 0
17.4, 0, 0, 0, 0
17.413, 0, 0, 0, 0
17.425, 0, 0, 0, 0
17.438, 0, 0, 0, 0
17.45, 0, 0, 0, 0
17.463, 0, 0, 0, 0
17.477, 0, 0, 0, 0
17.489, 0, 0, 0, 0
17.502, 0, 0, 0, 0
17.514, 0, 0, 0, 0
17.527, 0, 0, 0, 0
17.538, 0, 0, 0, 0
17.55, 0, 0, 0, 0
17.563, 0, 0, 0, 0
17.576, 0, 0, 0, 0
17.589, 0, 0, 0, 0
17.602, 0, 0, 0, 0
17.614, 0, 0, 0, 0
17.627, 0, 0, 0, 0
17.639, 0, 0, 0, 0
17.652, 0, 0, 0, 0
17.664, 0, 0, 0, 0
17.677, 0, 0, 0, 0
17.689, 0, 0, 0, 0
17.701, 0, 0, 0, 0
17.714, 0, 0, 0, 0
17.726, 0, 0, 0, 0
17.739, 0, 0, 0, 0
17.751, 0, 0, 0, 0
17.764, 0, 0, 0, 0
17.776, 0, 0, 0, 0
17.79, 0, 0, 0, 0
17.802, 0, 0, 0, 0
17.815, 0, 0, 0, 0
17.828, 0, 0, 0, 0
17.84, 0, 0, 0, 0
17.853, 0, 0, 0, 0
17.865, 0, 0, 0, 0
17.878, 0, 0, 0, 0
17.89, 0, 0, 0, 0
17.903, 0, 0, 0, 0
17.916, 0, 0, 0, 0
17.928, 0, 0, 0, 0
17.949, 0, 0, 0, 0
17.961, 0, 0, 0, 0
17.974, 0, 0, 0, 0
17.987, 0, 0, 0, 0
18, 0, 0, 0, 0
18.012, 0, 0, 0, 0
18.025, 0, 0, 0, 0
18.037, 0, 0, 0, 0
18.05, 0, 0, 0, 0
18.062, 0, 0, 0, 0
18.075, 0, 0, 0, 0
18.087, 0, 0, 0, 0
18.1, 0, 0, 0, 0
18.112, 0, 0, 0, 0
18.125, 0, 0, 0, 0
18.137, 0, 0, 0, 0
18.149, 0, 0, 0, 0
18.162, 0, 0, 0, 0
18.175, 0, 0, 0, 0
18.188, 0, 0, 0, 0
18.2, 0, 0, 0, 0
18.213, 0, 0, 0, 0
18.225, 0, 0, 0, 0
18.238, 0, 0, 0, 0
18.25, 0, 0, 0, 0
18.262, 0, 0, 0, 0
18.275, 0, 0, 0, 0
18.287, 0, 0, 0, 0
18.3, 0, 0, 0, 0
18.312, 0, 0, 0, 0
18.325, 0, 0, 0, 0
18.337, 0, 0, 0, 0
18.349, 0, 0, 0, 0
18.362, 0, 0, 0, 0
18.375, 0, 0, 0, 0
18.387, 0, 0, 0, 0
18.399, 0, 0, 0, 0
18.412, 0, 0, 0, 0
18.425, 0, 0, 0, 0
18.437, 0, 0, 0, 0
18.449, 0, 0, 0, 0
18.462, 0, 0, 0, 0
18.474, 0, 0, 0, 0
18.487, 0, 0, 0, 0
18.499, 0, 0, 0, 0
18.511, 0, 0, 0, 0
18.523, 0, 0, 0, 0
18.536, 0, 0, 0, 0
18.548, 0, 0, 0, 0
18.561, 0, 0, 0, 0
18.573, 0, 0, 0, 0
18.586, 0, 0, 0, 0
18.599, 0, 0, 0, 0
18.612, 0, 0, 0, 0
18.624, 0, 0, 0, 0
18.637, 0, 0, 0, 0
18.649, 0, 0, 0, 0
18.661, 0, 0, 0, 0
18.674, 0, 0, 0, 0
18.686, 0, 0, 0, 0
18.699, 0, 0, 0, 0
18.711, 0, 0, 0, 0
18.724, 0, 0, 0, 0
18.736, 0, 0, 0, 0
18.749, 0, 0, 0, 0
18.761, 0, 0, 0, 0
18.774, 0, 0, 0, 0
18.786, 0, 0, 0, 0
18.798, 0, 0, 0, 0
18.811, 0, 0, 0, 0
18.824, 0, 0, 0, 0
18.836, 0, 0, 0, 0
18.848, 0, 0, 0, 0
18.86, 0, 0, 0, 0
18.872, 0, 0, 0, 0
18.885, 0, 0, 0, 0
18.897, 0, 0, 0, 0
18.911, 0, 0, 0, 0
18.923, 0, 0, 0, 0
18.935, 0, 0, 0, 0
18.948, 0, 0, 0, 0
18.96, 0, 0, 0, 0
18.972, 0, 0, 0, 0
18.985, 0, 0, 0, 0
18.997, 0, 0, 0, 0
19.01, 0, 0, 0, 0
19.022, 0, 0, 0, 0
19.035, 0, 0, 0, 0
19.048, 0, 0, 0, 0
19.06, 0, 0, 0, 0
19.073, 0, 0, 0, 0
19.085, 0, 0, 0, 0
19.097, 0, 0, 0, 0
19.11, 0, 0, 0, 0
19.122, 0, 0, 0, 0
19.135, 0, 0, 0, 0
19.147, 0, 0, 0, 0
19.159, 0, 0, 0, 0
19.171, 0, 0, 0, 0
19.184, 0, 0, 0, 0
19.196, 0, 0, 0, 0
19.209, 0, 0, 0, 0
19.221, 0, 0, 0, 0
19.234, 0, 0, 0, 0
19.247, 0, 0, 0, 0
19.259, 0, 0, 0, 0
19.272, 0, 0, 0, 0
19.284, 0, 0, 0, 0
19.296, 0, 0, 0, 0
19.309, 0, 0, 0, 0
19.321, 0, 0, 0, 0
19.334, 0, 0, 0, 0
19.346, 0, 0, 0, 0
19.359, 0, 0, 0, 0
19.371, 0, 0, 0, 0
19.383, 0, 0, 0, 0
19.396, 0, 0, 0, 0
19.409, 0, 0, 0, 0
19.422, 0, 0, 0, 0
19.434, 0, 0, 0, 0
19.446, 0, 0, 0, 0
19.459, 0, 0, 0, 0
19.472, 0, 0, 0, 0
19.484, 0, 0, 0, 0
19.496, 0, 0, 0, 0
19.509, 0, 0, 0, 0
19.521, 0, 0, 0, 0
19.534, 0, 0, 0, 0
19.546, 0, 0, 0, 0
19.559, 0, 0, 0, 0
19.571, 0, 0, 0, 0
19.584, 0, 0, 0, 0
19.596, 0, 0, 0, 0
19.608, 0, 0, 0, 0
19.621, 0, 0, 0, 0
19.633, 0, 0, 0, 0
19.646, 0, 0, 0, 0
19.658, 0, 0, 0, 0
19.671, 0, 0, 0, 0
19.683, 0, 0, 0, 0
19.695, 0, 0, 0, 0
19.708, 0, 0, 0, 0
19.72, 0, 0, 0, 0
19.733, 0, 0, 0, 0
19.746, 0, 0, 0, 0
19.758, 0, 0, 0, 0
19.77, 0, 0, 0, 0
19.783, 0, 0, 0, 0
19.795, 0, 0, 0, 0
19.808, 0, 0, 0, 0
19.82, 0, 0, 0, 0
19.832, 0, 0, 0, 0
19.845, 0, 0, 0, 0
19.859, 0, 0, 0, 0
19.871, 0, 0, 0, 0
19.884, 0, 0, 0, 0
19.896, 0, 0, 0, 0
19.909, 0, 0, 0, 0
19.921, 0, 0, 0, 0
19.933, 0, 0, 0, 0
19.946, 0, 0, 0, 0
19.959, 0, 0, 0, 0
19.971, 0, 0, 0, 0
19.983, 0, 0, 0, 0
19.996, 0, 0, 0, 0
20.009, 0, 0, 0, 0
20.021, 0, 0, 0, 0
20.034, 0, 0, 0, 0
20.046, 0, 0, 0, 0
20.06, 0, 0, 0, 0
20.073, 0, 0, 0, 0
20.085, 0, 0, 0, 0
20.097, 0, 0, 0, 0
20.11, 0, 0, 0, 0
20.123, 0, 0, 0, 0
20.135, 0, 0, 0, 0
20.148, 0, 0, 0, 0
20.16, 0, 0, 0, 0
20.173, 0, 0, 0, 0
20.185, 0, 0, 0, 0
20.198, 0, 0, 0, 0
20.21, 0, 0, 0, 0
20.222, 0, 0, 0, 0
20.235, 0, 0, 0, 0
20.247, 0, 0, 0, 0
20.26, 0, 0, 0, 0
20.272, 0, 0, 0, 0
20.284, 0, 0, 0, 0
20.297, 0, 0, 0, 0
20.31, 0, 0, 0, 0
20.322, 0, 0, 0, 0
20.334, 0, 0, 0, 0
20.347, 0, 0, 0, 0
20.359, 0, 0, 0, 0
20.372, 0, 0, 0, 0
20.384, 0, 0, 0, 0
20.397, 0, 0, 0, 0
20.41, 0, 0, 0, 0
20.423, 0, 0, 0, 0
20.435, 0, 0, 0, 0
20.447, 0, 0, 0, 0
20.46, 0, 0, 0, 0
20.472, 0, 0, 0, 0
20.485, 0, 0, 0, 0
20.497, 0, 0, 0, 0
20.51, 0, 0, 0, 0
20.522, 0, 0, 0, 0
20.534, 0, 0, 0, 0
20.547, 0, 0, 0, 0
20.559, 0, 0, 0, 0
20.572, 0, 0, 0, 0
20.584, 0, 0, 0, 0
20.597, 0, 0, 0, 0
20.61, 0, 0, 0, 0
20.622, 0, 0, 0, 0
20.635, 0, 0, 0, 0
20.647, 0, 0, 0, 0
20.66, 0, 0, 0, 0
20.672, 0, 0, 0, 0
20.684, 0, 0, 0, 0
20.697, 0, 0, 0, 0
20.709, 0, 0, 0, 0
20.722, 0, 0, 0, 0
20.734, 0, 0, 0, 0
20.747, 0, 0, 0, 0
20.759, 0, 0, 0, 0
20.772, 0, 0, 0, 0
20.785, 0, 0, 0, 0
20.799, 0, 0, 0, 0
20.812, 0, 0, 0, 0
20.824, 0, 0, 0, 0
20.837, 0, 0, 0, 0
20.849, 0, 0, 0, 0
20.861, 0, 0, 0, 0
20.874, 0, 0, 0, 0
20.886, 0, 0, 0, 0
20.9, 0, 0, 0, 0
20.912, 0, 0, 0, 0
20.925, 0, 0, 0, 0
20.937, 0, 0, 0, 0
20.95, 0, 0, 0, 0
20.962, 0, 0, 0, 0
20.975, 0, 0, 0, 0
20.987, 0, 0, 0, 0
20.999, 0, 0, 0, 0
21.012, 0, 0, 0, 0
21.024, 0, 0, 0, 0
21.037, 0, 0, 0, 0
21.049, 0, 0, 0, 0
21.061, 0, 0, 0, 0
21.074, 0, 0, 0, 0
21.086, 0, 0, 0, 0
21.099, 0, 0, 0, 0
21.111, 0, 0, 0, 0
21.124, 0, 0, 0, 0
21.136, 0, 0, 0, 0
21.149, 0, 0, 0, 0
21.161, 0, 0, 0, 0
21.174, 0, 0, 0, 0
21.186, 0, 0, 0, 0
21.198, 0, 0, 0, 0
21.211, 0, 0, 0, 0
21.224, 0, 0, 0, 0
21.236, 0, 0, 0, 0
21.249, 0, 0, 0, 0
21.261, 0, 0, 0, 0
21.274, 0, 0, 0, 0
21.286, 0, 0, 0, 0
21.298, 0, 0, 0, 0
21.311, 0, 0, 0, 0
21.323, 0, 0, 0, 0
21.336, 0, 0, 0, 0
21.348, 0, 0, 0, 0
21.361, 0, 0, 0, 0
21.373, 0, 0, 0, 0
21.386, 0, 0, 0, 0
21.398, 0, 0, 0, 0
21.411, 0, 0, 0, 0
21.423, 0, 0, 0, 0
21.435, 0, 0, 0, 0
21.448, 0, 0, 0, 0
21.46, 0, 0, 0, 0
21.473, 0, 0, 0, 0
21.486, 0, 0, 0, 0
21.498, 0, 0, 0, 0
21.511, 0, 0, 0, 0
21.523, 0, 0, 0, 0
21.536, 0, 0, 0, 0
21.548, 0, 0, 0, 0
21.56, 0, 0, 0, 0
21.573, 0, 0, 0, 0
21.586, 0, 0, 0, 0
21.598, 0, 0, 0, 0
21.612, 0, 0, 0, 0
21.624, 0, 0, 0, 0
21.637, 0, 0, 0, 0
21.649, 0, 0, 0, 0
21.662, 0, 0, 0, 0
21.674, 0, 0, 0, 0
21.687, 0, 0, 0, 0
21.699, 0, 0, 0, 0
21.712, 0, 0, 0, 0
21.724, 0, 0, 0, 0
21.737, 0, 0, 0, 0
21.749, 0, 0, 0, 0
21.761, 0, 0, 0, 0
21.774, 0, 0, 0, 0
21.787, 0, 0, 0, 0
21.799, 0, 0, 0, 0
21.812, 0, 0, 0, 0
21.824, 0, 0, 0, 0
21.837, 0, 0, 0, 0
21.849, 0, 0, 0, 0
21.861, 0, 0, 0, 0
21.874, 0, 0, 0, 0
21.885, 0, 0, 0, 0
21.898, 0, 0, 0, 0
21.91, 0, 0, 0, 0
21.923, 0, 0, 0, 0
21.935, 0, 0, 0, 0
21.948, 0, 0, 0, 0
21.96, 0, 0, 0, 0
21.973, 0, 0, 0, 0
21.985, 0, 0, 0, 0
21.997, 0, 0, 0, 0
22.01, 0, 0, 0, 0
22.022, 0, 0, 0, 0
22.035, 0, 0, 0, 0
22.048, 0, 0, 0, 0
22.06, 0, 0, 0, 0
22.072, 0, 0, 0, 0
22.085, 0, 0, 0, 0
22.097, 0, 0, 0, 0
22.11, 0, 0, 0, 0
22.122, 0, 0, 0, 0
22.135, 0, 0, 0, 0
22.147, 0, 0, 0, 0
22.159, 0, 0, 0, 0
22.172, 0, 0, 0, 0
22.184, 0, 0, 0, 0
22.197, 0, 0, 0, 0
22.209, 0, 0, 0, 0
22.221, 0, 0, 0, 0
22.234, 0, 0, 0, 0
22.246, 0, 0, 0, 0
22.259, 0, 0, 0, 0
22.271, 0, 0, 0, 0
22.284, 0, 0, 0, 0
22.296, 0, 0, 0, 0
22.309, 0, 0, 0, 0
22.321, 0, 0, 0, 0
22.334, 0, 0, 0, 0
22.348, 0, 0, 0, 0
22.36, 0, 0, 0, 0
22.372, 0, 0, 0, 0
22.385, 0, 0, 0, 0
22.397, 0, 0, 0, 0
22.41, 0, 0, 0, 0
22.423, 0, 0, 0, 0
22.437, 0, 0, 0, 0
22.451, 0, 0, 0, 0
22.463, 0, 0, 0, 0
22.476, 0, 0, 0, 0
22.488, 0, 0, 0, 0
22.501, 0, 0, 0, 0
22.513, 0, 0, 0, 0
22.526, 0, 0, 0, 0
22.538, 0, 0, 0, 0
22.551, 0, 0, 0, 0
22.563, 0, 0, 0, 0
22.576, 0, 0, 0, 0
22.588, 0, 0, 0, 0
22.601, 0, 0, 0, 0
22.613, 0, 0, 0, 0
22.626, 0, 0, 0, 0
22.638, 0, 0, 0, 0
22.651, 0, 0, 0, 0
22.663, 0, 0, 0, 0
22.676, 0, 0, 0, 0
22.688, 0, 0, 0, 0
22.701, 0, 0, 0, 0
22.713, 0, 0, 0, 0
22.726, 0, 0, 0, 0
22.738, 0, 0, 0, 0
22.75, 0, 0, 0, 0
22.763, 0, 0, 0, 0
22.775, 0, 0, 0, 0
22.788, 0, 0, 0, 0
22.8, 0, 0, 0, 0
22.812, 0, 0, 0, 0
22.824, 0, 0, 0, 0
22.837, 0, 0, 0, 0
22.849, 0, 0, 0, 0
22.862, 0, 0, 0, 0
22.875, 0, 0, 0, 0
22.887, 0, 0, 0, 0
22.899, 0, 0, 0, 0
22.912, 0, 0, 0, 0
22.924, 0, 0, 0, 0
22.937, 0, 0, 0, 0
22.949, 0, 0, 0, 0
22.961, 0, 0, 0, 0
22.974, 0, 0, 0, 0
22.986, 0, 0, 0, 0
22.999, 0, 0, 0, 0
23.011, 0, 0, 0, 0
23.024, 0, 0, 0, 0
23.036, 0, 0, 0, 0
23.048, 0, 0, 0, 0
23.061, 0, 0, 0, 0
23.073, 0, 0, 0, 0
23.086, 0, 0, 0, 0
23.098, 0, 0, 0, 0
23.111, 0, 0, 0, 0
23.123, 0, 0, 0, 0
23.135, 0, 0, 0, 0
23.148, 0, 0, 0, 0
23.16, 0, 0, 0, 0
23.173, 0, 0, 0, 0
23.185, 0, 0, 0, 0
23.198, 0, 0, 0, 0
23.21, 0, 0, 0, 0
23.223, 0, 0, 0, 0
23.235, 0, 0, 0, 0
23.248, 0, 0, 0, 0
23.26, 0, 0, 0, 0
23.272, 0, 0, 0, 0
23.285, 0, 0, 0, 0
23.297, 0, 0, 0, 0
23.31, 0, 0, 0, 0
23.322, 0, 0, 0, 0
23.334, 0, 0, 0, 0
23.347, 0, 0, 0, 0
23.359, 0, 0, 0, 0
23.373, 0, 0, 0, 0
23.385, 0, 0, 0, 0
23.398, 0, 0, 0, 0
23.41, 0, 0, 0, 0
23.422, 0, 0, 0, 0
23.435, 0, 0, 0, 0
23.447, 0, 0, 0, 0
23.46, 0, 0, 0, 0
23.474, 0, 0, 0, 0
23.487, 0, 0, 0, 0
23.499, 0, 0, 0, 0
23.512, 0, 0, 0, 0
23.524, 0, 0, 0, 0
23.537, 0, 0, 0, 0
23.549, 0, 0, 0, 0
23.562, 0, 0, 0, 0
23.574, 0, 0, 0, 0
23.587, 0, 0, 0, 0
23.599, 0, 0, 0, 0
23.611, 0, 0, 0, 0
23.624, 0, 0, 0, 0
23.636, 0, 0, 0, 0
23.649, 0, 0, 0, 0
23.661, 0, 0, 0, 0
23.674, 0, 0, 0, 0
23.686, 0, 0, 0, 0
23.698, 0, 0, 0, 0
23.711, 0, 0, 0, 0
23.723, 0, 0, 0, 0
23.736, 0, 0, 0, 0
23.748, 0, 0, 0, 0
23.76, 0, 0, 0, 0
23.772, 0, 0, 0, 0
23.785, 0, 0, 0, 0
23.799, 0, 0, 0, 0
23.811, 0, 0, 0, 0
23.824, 0, 0, 0, 0
23.836, 0, 0, 0, 0
23.849, 0, 0, 0, 0
23.861, 0, 0, 0, 0
23.874, 0, 0, 0, 0
23.886, 0, 0, 0, 0
23.899, 0, 0, 0, 0
23.911, 0, 0, 0, 0
23.924, 0, 0, 0, 0
23.936, 0, 0, 0, 0
23.948, 0, 0, 0, 0
23.961, 0, 0, 0, 0
23.973, 0, 0, 0, 0
23.988, 0, 0, 0, 0
24, 0, 0, 0, 0
24.013, 0, 0, 0, 0
24.025, 0, 0, 0, 0
24.038, 0, 0, 0, 0
24.05, 0, 0, 0, 0
24.063, 0, 0, 0, 0
24.075, 0, 0, 0, 0
24.088, 0, 0, 0, 0
24.1, 0, 0, 0, 0
24.113, 0, 0, 0, 0
24.125, 0, 0, 0, 0
24.138, 0, 0, 0, 0
24.15, 0, 0, 0, 0
24.162, 0, 0, 0, 0
24.175, 0, 0, 0, 0
24.187, 0, 0, 0, 0
24.2, 0, 0, 0, 0
24.212, 0, 0, 0, 0
24.226, 0, 0, 0, 0
24.238, 0, 0, 0, 0
24.25, 0, 0, 0, 0
24.264, 0, 0, 0, 0
24.275, 0, 0, 0, 0
24.288, 0, 0, 0, 0
24.3, 0, 0, 0, 0
24.313, 0, 0, 0, 0
24.326, 0, 0, 0, 0
24.338, 0, 0, 0, 0
24.35, 0, 0, 0, 0
24.363, 0, 0, 0, 0
24.375, 0, 0, 0, 0
24.387, 0, 0, 0, 0
24.399, 0, 0, 0, 0
24.411, 0, 0, 0, 0
24.425, 0, 0, 0, 0
24.438, 0, 0, 0, 0
24.45, 0, 0, 0, 0
24.462, 0, 0, 0, 0
24.476, 0, 0, 0, 0
24.488, 0, 0, 0, 0
24.5, 0, 0, 0, 0
24.514, 0, 0, 0, 0
24.527, 0, 0, 0, 0
24.539, 0, 0, 0, 0
24.552, 0, 0, 0, 0
24.564, 0, 0, 0, 0
24.577, 0, 0, 0, 0
24.589, 0, 0, 0, 0
24.602, 0, 0, 0, 0
24.614, 0, 0, 0, 0
24.627, 0, 0, 0, 0
24.639, 0, 0, 0, 0
24.652, 0, 0, 0, 0
24.664, 0, 0, 0, 0
24.677, 0, 0, 0, 0
24.689, 0, 0, 0, 0
24.701, 0, 0, 0, 0
24.715, 0, 0, 0, 0
24.727, 0, 0, 0, 0
24.739, 0, 0, 0, 0
24.752, 0, 0, 0, 0
24.764, 0, 0, 0, 0
24.777, 0, 0, 0, 0
24.79, 0, 0, 0, 0
24.802, 0, 0, 0, 0
24.815, 0, 0, 0, 0
24.827, 0, 0, 0, 0
24.84, 0, 0, 0, 0
24.852, 0, 0, 0, 0
24.864, 0, 0, 0, 0
24.877, 0, 0, 0, 0
24.889, 0, 0, 0, 0
24.902, 0, 0, 0, 0
24.914, 0, 0, 0, 0
24.928, 0, 0, 0, 0
24.941, 0, 0, 0, 0
24.953, 0, 0, 0, 0
24.966, 0, 0, 0, 0
24.978, 0, 0, 0, 0
24.991, 0, 0, 0, 0
25.003, 0, 0, 0, 0
25.016, 0, 0, 0, 0
25.028, 0, 0, 0, 0
25.041, 0, 0, 0, 0
25.053, 0, 0, 0, 0
25.066, 0, 0, 0, 0
25.078, 0, 0, 0, 0
25.091, 0, 0, 0, 0
25.104, 0, 0, 0, 0
25.116, 0, 0, 0, 0
25.129, 0, 0, 0, 0
25.141, 0, 0, 0, 0
25.154, 0, 0, 0, 0
25.166, 0, 0, 0, 0
25.178, 0, 0, 0, 0
25.191, 0, 0, 0, 0
25.203, 0, 0, 0, 0
25.216, 0, 0, 0, 0
25.228, 0, 0, 0, 0
25.241, 0, 0, 0, 0
25.253, 0, 0, 0, 0
25.265, 0, 0, 0, 0
25.278, 0, 0, 0, 0
25.291, 0, 0, 0, 0
25.303, 0, 0, 0, 0
25.316, 0, 0, 0, 0
25.329, 0, 0, 0, 0
25.343, 0, 0, 0, 0
25.355, 0, 0, 0, 0
25.368, 0, 0, 0, 0
25.38, 0, 0, 0, 0
25.392, 0, 0, 0, 0
25.405, 0, 0, 0, 0
25.417, 0, 0, 0, 0
25.431, 0, 0, 0, 0
25.444, 0, 0, 0, 0
25.456, 0, 0, 0, 0
25.468, 0, 0, 0, 0
25.481, 0, 0, 0, 0
25.493, 0, 0, 0, 0
25.506, 0, 0, 0, 0
25.518, 0, 0, 0, 0
25.531, 0, 0, 0, 0
25.543, 0, 0, 0, 0
25.556, 0, 0, 0, 0
25.568, 0, 0, 0, 0
25.581, 0, 0, 0, 0
25.593, 0, 0, 0, 0
25.606, 0, 0, 0, 0
25.618, 0, 0, 0, 0
25.63, 0, 0, 0, 0
25.643, 0, 0, 0, 0
25.655, 0, 0, 0, 0
25.668, 0, 0, 0, 0
25.68, 0, 0, 0, 0
25.693, 0, 0, 0, 0
25.705, 0, 0, 0, 0
25.717, 0, 0, 0, 0
25.73, 0, 0, 0, 0
25.742, 0, 0, 0, 0
25.755, 0, 0, 0, 0
25.767, 0, 0, 0, 0
25.78, 0, 0, 0, 0
25.792, 0, 0, 0, 0
25.805, 0, 0, 0, 0
25.817, 0, 0, 0, 0
25.829, 0, 0, 0, 0
25.843, 0, 0, 0, 0
25.857, 0, 0, 0, 0
25.869, 0, 0, 0, 0
25.881, 0, 0, 0, 0
25.895, 0, 0, 0, 0
25.907, 0, 0, 0, 0
25.92, 0, 0, 0, 0
25.933, 0, 0, 0, 0
25.946, 0, 0, 0, 0
25.959, 0, 0, 0, 0
25.972, 0, 0, 0, 0
25.984, 0, 0, 0, 0
25.996, 0, 0, 0, 0
26.009, 0, 0, 0, 0
26.021, 0, 0, 0, 0
26.034, 0, 0, 0, 0
26.046, 0, 0, 0, 0
26.059, 0, 0, 0, 0
26.072, 0, 0, 0, 0
26.084, 0, 0, 0, 0
26.097, 0, 0, 0, 0
26.109, 0, 0, 0, 0
26.122, 0, 0, 0, 0
26.134, 0, 0, 0, 0
26.146, 0, 0, 0, 0
26.159, 0, 0, 0, 0
26.171, 0, 0, 0, 0
26.184, 0, 0, 0, 0
26.196, 0, 0, 0, 0
26.209, 0, 0, 0, 0
26.22, 0, 0, 0, 0
26.232, 0, 0, 0, 0
26.245, 0, 0, 0, 0
26.257, 0, 0, 0, 0
26.27, 0, 0, 0, 0
26.282, 0, 0, 0, 0
26.295, 0, 0, 0, 0
26.307, 0, 0, 0, 0
26.32, 0, 0, 0, 0
26.333, 0, 0, 0, 0
26.345, 0, 0, 0, 0
26.358, 0, 0, 0, 0
26.37, 0, 0, 0, 0
26.382, 0, 0, 0, 0
26.395, 0, 0, 0, 0
26.407, 0, 0, 0, 0
26.42, 0, 0, 0, 0
26.432, 0, 0, 0, 0
26.445, 0, 0, 0, 0
26.457, 0, 0, 0, 0
26.469, 0, 0, 0, 0
26.482, 0, 0, 0, 0
26.494, 0, 0, 0, 0
26.507, 0, 0, 0, 0
26.519, 0, 0, 0, 0
26.532, 0, 0, 0, 0
26.545, 0, 0, 0, 0
26.557, 0, 0, 0, 0
26.57, 0, 0, 0, 0
26.583, 0, 0, 0, 0
26.595, 0, 0, 0, 0
26.607, 0, 0, 0, 0
26.62, 0, 0, 0, 0
26.632, 0, 0, 0, 0
26.645, 0, 0, 0, 0
26.657, 0, 0, 0, 0
26.67, 0, 0, 0, 0
26.682, 0, 0, 0, 0
26.695, 0, 0, 0, 0
26.707, 0, 0, 0, 0
26.72, 0, 0, 0, 0
26.732, 0, 0, 0, 0
26.745, 0, 0, 0, 0
26.757, 0, 0, 0, 0
26.77, 0, 0, 0, 0
26.782, 0, 0, 0, 0
26.795, 0, 0, 0, 0
26.807, 0, 0, 0, 0
26.82, 0, 0, 0, 0
26.832, 0, 0, 0, 0
26.844, 0, 0, 0, 0
26.857, 0, 0, 0, 0
26.868, 0, 0, 0, 0
26.881, 0, 0, 0, 0
26.893, 0, 0, 0, 0
26.906, 0, 0, 0, 0
26.918, 0, 0, 0, 0
26.931, 0, 0, 0, 0
26.944, 0, 0, 0, 0
26.956, 0, 0, 0, 0
26.968, 0, 0, 0, 0
26.981, 0, 0, 0, 0
26.993, 0, 0, 0, 0
27.006, 0, 0, 0, 0
27.018, 0, 0, 0, 0
27.031, 0, 0, 0, 0
27.043, 0, 0, 0, 0
27.055, 0, 0, 0, 0
27.068, 0, 0, 0, 0
27.08, 0, 0, 0, 0
27.093, 0, 0, 0, 0
27.105, 0, 0, 0, 0
27.118, 0, 0, 0, 0
27.13, 0, 0, 0, 0
27.143, 0, 0, 0, 0
27.155, 0, 0, 0, 0
27.167, 0, 0, 0, 0
27.18, 0, 0, 0, 0
27.192, 0, 0, 0, 0
27.205, 0, 0, 0, 0
27.217, 0, 0, 0, 0
27.23, 0, 0, 0, 0
27.242, 0, 0, 0, 0
27.254, 0, 0, 0, 0
27.267, 0, 0, 0, 0
27.279, 0, 0, 0, 0
27.293, 0, 0, 0, 0
27.305, 0, 0, 0, 0
27.317, 0, 0, 0, 0
27.329, 0, 0, 0, 0
27.341, 0, 0, 0, 0
27.354, 0, 0, 0, 0
27.366, 0, 0, 0, 0
27.379, 0, 0, 0, 0
27.392, 0, 0, 0, 0
27.405, 0, 0, 0, 0
27.417, 0, 0, 0, 0
27.43, 0, 0, 0, 0
27.442, 0, 0, 0, 0
27.455, 0, 0, 0, 0
27.467, 0, 0, 0, 0
27.48, 0, 0, 0, 0
27.492, 0, 0, 0, 0
27.505, 0, 0, 0, 0
27.518, 0, 0, 0, 0
27.53, 0, 0, 0, 0
27.543, 0, 0, 0, 0
27.555, 0, 0, 0, 0
27.568, 0, 0, 0, 0
27.58, 0, 0, 0, 0
27.593, 0, 0, 0, 0
27.605, 0, 0, 0, 0
27.617, 0, 0, 0, 0
27.63, 0, 0, 0, 0
27.642, 0, 0, 0, 0
27.655, 0, 0, 0, 0
27.667, 0, 0, 0, 0
27.679, 0, 0, 0, 0
27.692, 0, 0, 0, 0
27.705, 0, 0, 0, 0
27.717, 0, 0, 0, 0
27.729, 0, 0, 0, 0
27.742, 0, 0, 0, 0
27.754, 0, 0, 0, 0
27.767, 0, 0, 0, 0
27.78, 0, 0, 0, 0
27.792, 0, 0, 0, 0
27.805, 0, 0, 0, 0
27.817, 0, 0, 0, 0
27.83, 0, 0, 0, 0
27.842, 0, 0, 0, 0
27.854, 0, 0, 0, 0
27.866, 0, 0, 0, 0
27.879, 0, 0, 0, 0
27.892, 0, 0, 0, 0
27.904, 0, 0, 0, 0
27.917, 0, 0, 0, 0
27.929, 0, 0, 0, 0
27.942, 0, 0, 0, 0
27.954, 0, 0, 0, 0
27.967, 0, 0, 0, 0
27.979, 0, 0, 0, 0
27.992, 0, 0, 0, 0
28.004, 0, 0, 0, 0
28.016, 0, 0, 0, 0
28.029, 0, 0, 0, 0
28.043, 0, 0, 0, 0
28.055, 0, 0, 0, 0
28.067, 0, 0, 0, 0
28.08, 0, 0, 0, 0
28.092, 0, 0, 0, 0
28.105, 0, 0, 0, 0
28.117, 0, 0, 0, 0
28.13, 0, 0, 0, 0
28.143, 0, 0, 0, 0
28.155, 0, 0, 0, 0
28.167, 0, 0, 0, 0
28.18, 0, 0, 0, 0
28.193, 0, 0, 0, 0
28.205, 0, 0, 0, 0
28.218, 0, 0, 0, 0
28.23, 0, 0, 0, 0
28.243, 0, 0, 0, 0
28.255, 0, 0, 0, 0
28.267, 0, 0, 0, 0
28.28, 0, 0, 0, 0
28.292, 0, 0, 0, 0
28.305, 0, 0, 0, 0
28.318, 0, 0, 0, 0
28.33, 0, 0, 0, 0
28.341, 0, 0, 0, 0
28.354, 0, 0, 0, 0
28.366, 0, 0, 0, 0
28.379, 0, 0, 0, 0
28.391, 0, 0, 0, 0
28.404, 0, 0, 0, 0
28.416, 0, 0, 0, 0
28.429, 0, 0, 0, 0
28.441, 0, 0, 0, 0
28.454, 0, 0, 0, 0
28.466, 0, 0, 0, 0
28.478, 0, 0, 0, 0
28.491, 0, 0, 0, 0
28.503, 0, 0, 0, 0
28.516, 0, 0, 0, 0
28.528, 0, 0, 0, 0
28.541, 0, 0, 0, 0
28.553, 0, 0, 0, 0
28.566, 0, 0, 0, 0
28.578, 0, 0, 0, 0
28.591, 0, 0, 0, 0
28.603, 0, 0, 0, 0
28.616, 0, 0, 0, 0
28.629, 0, 0, 0, 0
28.642, 0, 0, 0, 0
28.655, 0, 0, 0, 0
28.667, 0, 0, 0, 0
28.679, 0, 0, 0, 0
28.692, 0, 0, 0, 0
28.704, 0, 0, 0, 0
28.717, 0, 0, 0, 0
28.729, 0, 0, 0, 0
28.744, 0, 0, 0, 0
28.756, 0, 0, 0, 0
28.769, 0, 0, 0, 0
28.781, 0, 0, 0, 0
28.794, 0, 0, 0, 0
28.806, 0, 0, 0, 0
28.819, 0, 0, 0, 0
28.831, 0, 0, 0, 0
28.844, 0, 0, 0, 0
28.857, 0, 0, 0, 0
28.87, 0, 0, 0, 0
28.882, 0, 0, 0, 0
28.895, 0, 0, 0, 0
28.908, 0, 0, 0, 0
28.92, 0, 0, 0, 0
28.932, 0, 0, 0, 0
28.944, 0, 0, 0, 0
28.958, 0, 0, 0, 0
28.97, 0, 0, 0, 0
28.983, 0, 0, 0, 0
28.994, 0, 0, 0, 0
29.007, 0, 0, 0, 0
29.019, 0, 0, 0, 0
29.032, 0, 0, 0, 0
29.044, 0, 0, 0, 0
29.057, 0, 0, 0, 0
29.069, 0, 0, 0, 0
29.081, 0, 0, 0, 0
29.094, 0, 0, 0, 0
29.107, 0, 0, 0, 0
29.119, 0, 0, 0, 0
29.131, 0, 0, 0, 0
29.144, 0, 0, 0, 0
29.158, 0, 0, 0, 0
29.17, 0, 0, 0, 0
29.183, 0, 0, 0, 0
29.195, 0, 0, 0, 0
29.208, 0, 0, 0, 0
29.22, 0, 0, 0, 0
29.233, 0, 0, 0, 0
29.246, 0, 0, 0, 0
29.258, 0, 0, 0, 0
29.271, 0, 0, 0, 0
29.283, 0, 0, 0, 0
29.296, 0, 0, 0, 0
29.308, 0, 0, 0, 0
29.321, 0, 0, 0, 0
29.333, 0, 0, 0, 0
29.346, 0, 0, 0, 0
29.358, 0, 0, 0, 0
29.37, 0, 0, 0, 0
29.383, 0, 0, 0, 0
29.395, 0, 0, 0, 0
29.408, 0, 0, 0, 0
29.42, 0, 0, 0, 0
29.432, 0, 0, 0, 0
29.445, 0, 0, 0, 0
29.457, 0, 0, 0, 0
29.47, 0, 0, 0, 0
29.482, 0, 0, 0, 0
29.495, 0, 0, 0, 0
29.507, 0, 0, 0, 0
29.52, 0, 0, 0, 0
29.533, 0, 0, 0, 0
29.545, 0, 0, 0, 0
29.558, 0, 0, 0, 0
29.57, 0, 0, 0, 0
29.583, 0, 0, 0, 0
29.595, 0, 0, 0, 0
29.608, 0, 0, 0, 0
29.62, 0, 0, 0, 0
29.632, 0, 0, 0, 0
29.645, 0, 0, 0, 0
29.657, 0, 0, 0, 0
29.67, 0, 0, 0, 0
29.682, 0, 0, 0, 0
29.694, 0, 0, 0, 0
29.707, 0, 0, 0, 0
29.719, 0, 0, 0, 0
29.732, 0, 0, 0, 0
29.744, 0, 0, 0, 0
29.757, 0, 0, 0, 0
29.769, 0, 0, 0, 0
29.782, 0, 0, 0, 0
29.794, 0, 0, 0, 0
29.807, 0, 0, 0, 0
29.819, 0, 0, 0, 0
29.832, 0, 0, 0, 0
29.844, 0, 0, 0, 0
29.857, 0, 0, 0, 0
29.871, 0, 0, 0, 0
29.883, 0, 0, 0, 0
29.896, 0, 0, 0, 0
29.908, 0, 0, 0, 0
29.92, 0, 0, 0, 0
29.933, 0, 0, 0, 0
29.945, 0, 0, 0, 0
29.958, 0, 0, 0, 0
29.97, 0, 0, 0, 0
29.985, 0, 0, 0, 0
29.997, 0, 0, 0, 0
30.01, 0, 0, 0, 0
30.022, 0, 0, 0, 0
30.035, 0, 0, 0, 0
30.047, 0, 0, 0, 0
30.06, 0, 0, 0, 0
30.072, 0, 0, 0, 0
30.084, 0, 0, 0, 0
30.097, 0, 0, 0, 0
30.109, 0, 0, 0, 0
30.122, 0, 0, 0, 0
30.134, 0, 0, 0, 0
30.147, 0, 0, 0, 0
30.16, 0, 0, 0, 0
30.172, 0, 0, 0, 0
30.184, 0, 0, 0, 0
30.197, 0, 0, 0, 0
30.21, 0, 0, 0, 0
30.222, 0, 0, 0, 0
30.235, 0, 0, 0, 0
30.247, 0, 0, 0, 0
30.26, 0, 0, 0, 0
30.272, 0, 0, 0, 0
30.285, 0, 0, 0, 0
30.297, 0, 0, 0, 0
30.31, 0, 0, 0, 0
30.322, 0, 0, 0, 0
30.334, 0, 0, 0, 0
30.346, 0, 0, 0, 0
30.359, 0, 0, 0, 0
30.371, 0, 0, 0, 0
30.386, 0, 0, 0, 0
30.399, 0, 0, 0, 0
30.412, 0, 0, 0, 0
30.425, 0, 0, 0, 0
30.437, 0, 0, 0, 0
30.449, 0, 0, 0, 0
30.462, 0, 0, 0, 0
30.474, 0, 0, 0, 0
30.487, 0, 0, 0, 0
30.499, 0, 0, 0, 0
30.512, 0, 0, 0, 0
30.524, 0, 0, 0, 0
30.537, 0, 0, 0, 0
30.549, 0, 0, 0, 0
30.562, 0, 0, 0, 0
30.574, 0, 0, 0, 0
30.587, 0, 0, 0, 0
30.599, 0, 0, 0, 0
30.611, 0, 0, 0, 0
30.624, 0, 0, 0, 0
30.636, 0, 0, 0, 0
30.649, 0, 0, 0, 0
30.661, 0, 0, 0, 0
30.674, 0, 0, 0, 0
30.686, 0, 0, 0, 0
30.698, 0, 0, 0, 0
30.711, 0, 0, 0, 0
30.723, 0, 0, 0, 0
30.736, 0, 0, 0, 0
30.748, 0, 0, 0, 0
30.761, 0, 0, 0, 0
30.773, 0, 0, 0, 0
30.786, 0, 0, 0, 0
30.798, 0, 0, 0, 0
30.811, 0, 0, 0, 0
30.823, 0, 0, 0, 0
30.835, 0, 0, 0, 0
30.848, 0, 0, 0, 0
30.86, 0, 0, 0, 0
30.873, 0, 0, 0, 0
30.885, 0, 0, 0, 0
30.898, 0, 0, 0, 0
30.91, 0, 0, 0, 0
30.923, 0, 0, 0, 0
30.935, 0, 0, 0, 0
30.947, 0, 0, 0, 0
30.961, 0, 0, 0, 0
30.973, 0, 0, 0, 0
30.985, 0, 0, 0, 0
30.998, 0, 0, 0, 0
31.01, 0, 0, 0, 0
31.023, 0, 0, 0, 0
31.035, 0, 0, 0, 0
31.048, 0, 0, 0, 0
31.06, 0, 0, 0, 0
31.072, 0, 0, 0, 0
31.085, 0, 0, 0, 0
31.097, 0, 0, 0, 0
31.11, 0, 0, 0, 0
31.122, 0, 0, 0, 0
31.135, 0, 0, 0, 0
31.147, 0, 0, 0, 0
31.16, 0, 0, 0, 0
31.172, 0, 0, 0, 0
31.184, 0, 0, 0, 0
31.197, 0, 0, 0, 0
31.21, 0, 0, 0, 0
31.223, 0, 0, 0, 0
31.235, 0, 0, 0, 0
31.248, 0, 0, 0, 0
31.26, 0, 0, 0, 0
31.273, 0, 0, 0, 0
31.285, 0, 0, 0, 0
31.298, 0, 0, 0, 0
31.31, 0, 0, 0, 0
31.322, 0, 0, 0, 0
31.334, 0, 0, 0, 0
31.347, 0, 0, 0, 0
31.36, 0, 0, 0, 0
31.372, 0, 0, 0, 0
31.384, 0, 0, 0, 0
31.397, 0, 0, 0, 0
31.41, 0, 0, 0, 0
31.423, 0, 0, 0, 0
31.436, 0, 0, 0, 0
31.448, 0, 0, 0, 0
31.461, 0, 0, 0, 0
31.473, 0, 0, 0, 0
31.485, 0, 0, 0, 0
31.498, 0, 0, 0, 0
31.511, 0, 0, 0, 0
31.524, 0, 0, 0, 0
31.536, 0, 0, 0, 0
31.548, 0, 0, 0, 0
31.561, 0, 0, 0, 0
31.574, 0, 0, 0, 0
31.586, 0, 0, 0, 0
31.598, 0, 0, 0, 0
31.611, 0, 0, 0, 0
31.623, 0, 0, 0, 0
31.636, 0, 0, 0, 0
31.649, 0, 0, 0, 0
31.661, 0, 0, 0, 0
31.674, 0, 0, 0, 0
31.686, 0, 0, 0, 0
31.699, 0, 0, 0, 0
31.711, 0, 0, 0, 0
31.724, 0, 0, 0, 0
31.737, 0, 0, 0, 0
31.749, 0, 0, 0, 0
31.762, 0, 0, 0, 0
31.774, 0, 0, 0, 0
31.787, 0, 0, 0, 0
31.799, 0, 0, 0, 0
31.812, 0, 0, 0, 0
31.824, 0, 0, 0, 0
31.836, 0, 0, 0, 0
31.849, 0, 0, 0, 0
31.861, 0, 0, 0, 0
31.874, 0, 0, 0, 0
31.886, 0, 0, 0, 0
31.898, 0, 0, 0, 0
31.911, 0, 0, 0, 0
31.924, 0, 0, 0, 0
31.936, 0, 0, 0, 0
31.948, 0, 0, 0, 0
31.961, 0, 0, 0, 0
31.973, 0, 0, 0, 0
31.986, 0, 0, 0, 0
31.998, 0, 0, 0, 0
32.011, 0, 0, 0, 0
32.023, 0, 0, 0, 0
32.036, 0, 0, 0, 0
32.048, 0, 0, 0, 0
32.06, 0, 0, 0, 0
32.073, 0, 0, 0, 0
32.085, 0, 0, 0, 0
32.097, 0, 0, 0, 0
32.11, 0, 0, 0, 0
32.122, 0, 0, 0, 0
32.134, 0, 0, 0, 0
32.146, 0, 0, 0, 0
32.159, 0, 0, 0, 0
32.171, 0, 0, 0, 0
32.184, 0, 0, 0, 0
32.196, 0, 0, 0, 0
32.209, 0, 0, 0, 0
32.221, 0, 0, 0, 0
32.233, 0, 0, 0, 0
32.246, 0, 0, 0, 0
32.259, 0, 0, 0, 0
32.271, 0, 0, 0, 0
32.283, 0, 0, 0, 0
32.296, 0, 0, 0, 0
32.308, 0, 0, 0, 0
32.321, 0, 0, 0, 0
32.333, 0, 0, 0, 0
32.345, 0, 0, 0, 0
