0, 0, 0, 0, 0
0.013, 1, 180, 0, 4022.89
0.023, 1, 180, 0.478723, 0
0.034, 1, 180, 1.02584, 3599.42
0.044, 1, 180, 1.8465, 0
0.055, 1, 180, 2.46201, 7598.78
0.065, 1, 180, 3.35106, 481.613
0.075, 1, 180, 4.03495, 12068.7
0.085, 1, 180, 4.9924, 3799.39
0.096, 1, 180, 5.88146, 4559.27
0.106, 1, 180, 6.63374, 4559.27
0.116, 1, 180, 7.5228, 2849.54
0.126, 1, 180, 8.34347, 0
0.136, 1, 180, 9.02736, 6217.19
0.146, 1, 180, 10.0532, 0
0.157, 1, 180, 10.7371, 8548.63
0.167, 1, 180, 11.6945, 0
0.177, 1, 180, 12.1733, 0
0.188, 1, 180, 13.4043, 0
0.198, 1, 180, 14.1565, 2072.4
0.209, 1, 180, 15.0456, 0
0.219, 1, 180, 15.9347, 3256.62
0.229, 1, 180, 16.7553, 0
0.239, 1, 180, 17.5076, 3108.59
0.25, 1, 180, 18.465, 3256.62
0.26, 1, 180, 19.2857, 0
0.27, 1, 180, 19.9696, 3599.42
0.28, 1, 180, 20.9271, 2735.56
0.291, 1, 180, 21.6793, 4022.89
0.301, 1, 180, 22.5684, 1139.82
0.311, 1, 180, 23.3891, 4022.89
0.321, 1, 180, 24.2781, 0
0.331, 1, 180, 25.0988, 62.0028
0.343, 1, 180, 25.9195, 0
0.353, 1, 180, 26.7401, 5946.87
0.363, 1, 180, 27.5608, 1068.58
0.374, 1, 180, 28.3815, 10258.4
0.384, 1, 180, 29.2705, 0
0.394, 1, 180, 30.0912, 0
0.404, 1, 180, 30.9119, 2973.44
0.415, 1, 180, 31.8009, 1228.55
0.425, 1, 180, 32.5532, 10798.3
0.435, 1, 180, 33.4422, 1486.72
0.445, 1, 180, 34.2629, 1381.6
0.456, 1, 180, 35.0836, 6217.19
0.466, 1, 180, 35.9726, 8206.69
0.476, 1, 180, 36.7933, 3799.39
0.486, 1, 180, 37.6824, 8920.31
0.497, 1, 180, 38.4347, 7198.85
0.507, 1, 180, 39.3237, 9769.87
0.517, 1, 180, 40.076, 6513.24
0.527, 1, 180, 40.965, 13677.8
0.538, 1, 180, 41.7173, 3599.42
0.548, 1, 180, 42.6064, 8548.63
0.558, 1, 180, 43.4271, 12068.7
0.568, 1, 180, 44.3161, 5545.06
0.579, 1, 180, 45.1368, 6838.91
0.589, 1, 180, 45.9574, 13677.8
0.599, 1, 180, 46.7781, 6838.91
0.609, 1, 180, 47.5988, 6838.91
0.619, 1, 180, 48.4195, 8920.31
0.63, 1, 180, 49.2401, 7598.78
0.64, 1, 180, 50.1292, 13677.8
0.65, 1, 180, 50.9498, 4022.89
0.66, 1, 180, 51.8389, 10258.4
0.672, 1, 180, 52.6596, 4884.93
0.682, 1, 180, 53.5486, 5861.92
0.692, 1, 180, 54.3009, 10798.3
0.702, 1, 180, 55.19, 8824.39
0.713, 1, 180, 56.2158, 185.504
0.724, 1, 180, 56.8997, 9769.87
0.734, 1, 180, 57.8571, 5545.06
0.744, 1, 180, 58.541, 1926.45
0.755, 1, 180, 59.5669, 13026.5
0.765, 1, 180, 60.3191, 13026.5
0.775, 1, 180, 61.2766, 10258.4
0.785, 1, 180, 61.9605, 12434.4
0.796, 1, 180, 62.9179, 13677.8
0.806, 1, 180, 63.6702, 10258.4
0.816, 1, 180, 64.5593, 13677.8
0.826, 1, 180, 65.3116, 9769.87
0.836, 1, 180, 66.269, 10258.4
0.847, 1, 180, 66.9529, 12434.4
0.857, 1, 180, 67.9103, 9769.87
0.867, 1, 180, 68.5942, 12434.4
0.877, 1, 180, 69.6201, 9769.87
0.887, 1, 180, 70.5091, 2556.6
0.898, 1, 180, 71.2614, 1386.26
0.908, 1, 180, 72.1505, 2188.45
0.918, 1, 180, 72.9027, 2011.44
0.929, 1, 180, 73.7918, 2655.89
0.939, 1, 180, 74.5441, 1531.1
0.949, 1, 180, 75.5015, 1972.76
0.96, 1, 180, 76.2538, 8920.31
0.97, 1, 180, 77.2796, 1455.09
0.98, 1, 180, 77.9635, 9325.78
0.991, 1, 180, 78.921, 12434.4
1.001, 1, 180, 79.6733, 9325.78
1.011, 1, 180, 80.6307, 9325.78
1.021, 1, 180, 81.3146, 12434.4
1.031, 1, 180, 82.3404, 9325.78
1.042, 1, 180, 83.0243, 2338.09
1.052, 1, 180, 83.9818, 12434.4
1.062, 1, 180, 84.734, 12434.4
1.072, 1, 180, 85.6915, 1882.27
1.083, 1, 180, 86.3754, 11893.7
1.093, 1, 180, 87.4012, 1367.78
1.103, 1, 180, 88.2219, 1953.97
1.114, 1, 180, 88.9058, 84.0123
1.124, 1, 180, 89.8632, 13026.5
1.134, 1, 180, 90.5471, 7598.78
1.144, 1, 180, 91.5729, 13026.5
1.155, 1, 180, 92.3252, 8289.58
1.165, 1, 180, 93.1459, 7815.89
1.176, 1, 180, 94.1033, 14397.7
1.186, 1, 180, 94.8556, 2630.35
1.196, 1, 180, 95.8131, 10258.4
1.207, 1, 180, 96.5653, 13677.8
1.217, 1, 180, 97.5912, 1424.77
1.227, 1, 180, 98.617, 3799.39
1.238, 1, 180, 99.3693, 6217.19
1.248, 1, 180, 100.053, 13026.5
1.258, 1, 180, 100.942, 10942.2
1.268, 1, 180, 101.489, 11133.1
1.28, 1, 180, 102.515, 81.7966
1.29, 1, 180, 103.473, 8045.77
1.3, 1, 180, 104.498, 0
1.312, 1, 180, 105.524, 2973.44
1.322, 1, 180, 106.482, 0
1.332, 1, 180, 107.234, 2849.54
1.342, 1, 180, 107.986, 8920.31
1.353, 1, 180, 109.012, 0
1.363, 1, 180, 109.696, 4022.89
1.373, 1, 180, 110.653, 2849.54
1.383, 1, 180, 111.474, 610.617
1.394, 1, 180, 112.295, 2735.56
1.404, 1, 180, 113.184, 0
1.414, 1, 180, 113.936, 1709.73
1.424, 1, 180, 114.757, 2973.44
1.435, 1, 180, 115.646, 0
1.445, 1, 180, 116.467, 1753.57
1.455, 1, 180, 117.356, 390.795
1.466, 1, 180, 118.176, 0
1.476, 1, 180, 118.929, 1848.35
1.486, 1, 180, 119.886, 2973.44
1.497, 1, 180, 120.638, 2973.44
1.507, 1, 180, 121.596, 0
1.517, 1, 180, 122.348, 1367.78
1.528, 1, 180, 123.237, 1266.46
1.538, 1, 180, 124.058, 492.008
1.548, 1, 180, 124.947, 5946.87
1.559, 1, 180, 125.767, 0
1.569, 1, 180, 126.588, 5699.09
1.579, 1, 180, 127.409, 2011.44
1.589, 1, 180, 128.229, 0
1.599, 1, 180, 129.05, 82.9132
1.61, 1, 180, 129.939, 0
1.62, 1, 180, 130.76, 5946.87
1.631, 1, 180, 131.581, 8045.77
1.641, 1, 180, 132.401, 9325.78
1.651, 1, 180, 133.222, 6217.19
1.661, 1, 180, 134.111, 2338.09
1.672, 1, 180, 134.932, 3599.42
1.682, 1, 180, 135.889, 10798.3
1.692, 1, 180, 136.641, 7074.73
1.703, 1, 180, 137.53, 10942.2
1.713, 1, 180, 138.283, 10258.4
1.723, 1, 180, 139.172, 11398.2
1.733, 1, 180, 139.992, 10258.4
1.744, 1, 180, 140.95, 10798.3
1.754, 1, 180, 141.634, 10942.2
1.764, 1, 180, 142.66, 8206.69
1.774, 1, 180, 143.343, 10258.4
1.784, 1, 180, 144.301, 1609.15
1.795, 1, 180, 144.985, 11398.2
1.805, 1, 180, 146.011, 13677.8
1.815, 1, 180, 146.763, 8920.31
1.826, 1, 180, 147.652, 12434.4
1.836, 1, 180, 148.473, 5699.09
1.846, 1, 180, 149.362, 13026.5
1.856, 1, 180, 150.114, 1753.57
1.866, 1, 180, 151.071, 5399.14
1.877, 1, 180, 151.824, 10258.4
1.887, 1, 180, 152.644, 6034.33
1.897, 1, 180, 153.602, 5545.06
1.907, 1, 180, 154.286, 12434.4
1.918, 1, 180, 155.312, 8548.63
1.928, 1, 180, 155.995, 5065.86
1.938, 1, 180, 156.953, 8289.58
1.948, 1, 180, 157.705, 743.359
1.959, 1, 180, 158.663, 13677.8
1.969, 1, 180, 159.415, 5545.06
1.979, 1, 180, 160.372, 9325.78
1.989, 1, 180, 161.056, 11893.7
2, 1, 180, 162.014, 7327.4
2.01, 1, 180, 162.766, 11398.2
2.021, 1, 180, 163.723, 7598.78
2.031, 1, 180, 164.407, 8548.63
2.041, 1, 180, 165.433, 9769.87
2.051, 1, 180, 166.117, 6217.19
2.061, 1, 180, 167.074, 12434.4
2.072, 1, 180, 167.827, 11893.7
2.082, 1, 180, 168.784, 7891.05
2.092, 1, 180, 169.536, 10258.4
2.102, 1, 180, 170.22, 9769.87
2.112, 1, 180, 171.383, 11398.2
2.123, 1, 180, 172.135, 1799.71
2.133, 1, 180, 172.819, 6672.1
2.144, 1, 180, 173.845, 2115.13
2.154, 1, 180, 174.529, 892.031
2.167, 1, 180, 175.555, 13026.5
2.177, 1, 180, 176.581, 13026.5
2.187, 1, 180, 177.264, 7815.89
2.197, 0.962447, 180, 178.29, 13677.8
2.207, 0.620502, 180, 178.974, 8548.63
2.218, 0.263853, 180, 179.658, 3599.42
2.228, 0.134939, 180, 179.863, 3419.45
2.238, 0.0347492, 180, 180, 0
2.248, 0.0347492, 180, 180, 1953.97
2.259, 0.00149696, 180, 180.068, 0
2.269, 0.00354863, 180, 180.068, 0
2.279, 0.00594225, 180, 180.068, 0
2.289, 0.00799392, 180, 180.068, 0
2.299, 0.0100456, 180, 180.068, 0
2.31, 0.0124392, 180, 180.068, 0
2.32, 0.0144909, 180, 180.068, 0
2.33, 0.0168845, 180, 180.068, 0
2.341, 0.0189362, 180, 180.068, 0
2.352, 0.0213298, 180, 180.068, 0
2.363, 0.0237234, 180, 180.068, 0
2.373, 0.0257751, 180, 180.068, 0
2.384, 0.0281687, 180, 180.068, 0
2.394, 0.0302204, 180, 180.068, 0
2.404, 0.0329559, 180, 180.068, 0
2.414, 0.0346657, 180, 180.068, 0
2.425, 0.0374012, 180, 180.068, 0
2.435, 0.0391109, 180, 180.068, 0
2.445, 0.0418465, 180, 180.068, 0
2.455, 0.0435562, 180, 180.068, 0
2.466, 0.0462918, 180, 180.068, 0
2.476, 0.0476596, 180, 180.068, 0
2.487, 0.0503951, 180, 180.068, 0
2.497, 0.0527888, 180, 180.068, 0
2.507, 0.0548404, 180, 180.068, 0
2.517, 0.0565502, 180, 180.068, 0
2.528, 0.0592857, 180, 180.068, 0
2.538, 0.0613374, 180, 180.068, 0
2.548, 0.063731, 180, 180.068, 0
2.558, 0.0657827, 180, 180.068, 0
2.568, 0.0681763, 180, 180.068, 0
2.579, 0.070228, 180, 180.068, 0
2.589, 0.0726216, 180, 180.068, 0
2.599, 0.0746733, 180, 180.068, 0
2.61, 0.0770669, 180, 180.068, 0
2.62, 0.0791185, 180, 180.068, 0
2.63, 0.0815122, 180, 180.068, 0
2.64, 0.0835638, 180, 180.068, 0
2.651, 0.0859574, 180, 180.068, 0
2.661, 0.0880091, 180, 180.068, 0
2.671, 0.0897188, 180, 180.068, 0
2.681, 0.0921125, 180, 180.068, 0
2.692, 0.0941641, 180, 180.068, 0
2.702, 0.0965578, 180, 180.068, 0
2.712, 0.0986094, 180, 180.068, 0
2.722, 0.101003, 180, 180.068, 0
2.733, 0.103055, 180, 180.068, 0
2.743, 0.105448, 180, 180.068, 0
2.754, 0.1075, 180, 180.068, 0
2.764, 0.109894, 180, 180.068, 0
2.774, 0.111945, 180, 180.068, 0
2.786, 0.114339, 180, 180.068, 0
2.796, 0.116733, 180, 180.068, 0
2.806, 0.118784, 180, 180.068, 0
2.816, 0.121178, 180, 180.068, 0
2.827, 0.123229, 180, 180.068, 0
2.837, 0.125623, 180, 180.068, 0
2.847, 0.127675, 180, 180.068, 0
2.857, 0.130068, 180, 180.068, 0
2.867, 0.13212, 180, 180.068, 0
2.878, 0.134514, 180, 180.068, 0
2.888, 0.136565, 180, 180.068, 0
2.898, 0.138617, 180, 180.068, 0
2.908, 0.141011, 180, 180.068, 0
2.919, 0.143062, 180, 180.068, 0
2.929, 0.145456, 180, 180.068, 0
2.939, 0.0298784, 180, 180.068, 0
2.949, 0.0674924, 180, 180.205, 0
2.96, 0.108868, 180, 180.205, 0
2.97, 0.115023, 180, 180.205, 0
2.98, 0.121178, 180, 180.205, 0
2.991, 0.128359, 180, 180.205, 0
3.001, 0.134514, 180, 180.205, 0
3.011, 0.141695, 180, 180.205, 0
3.021, 0.14785, 180, 180.205, 0
3.032, 0.15503, 180, 180.205, 0
3.042, 0.161185, 180, 180.205, 0
3.052, 0.168366, 180, 180.205, 0
3.062, 0.174521, 180, 180.205, 0
3.073, 0.181702, 180, 180.205, 0
3.083, 0.187857, 180, 180.205, 0
3.093, 0.195038, 180, 180.205, 0
3.103, 0.201193, 180, 180.205, 0
3.114, 0.208374, 180, 180.205, 0
3.124, 0.214529, 180, 180.205, 0
3.134, 0.22171, 180, 180.205, 0
3.144, 0.227865, 180, 180.205, 0
3.155, 0.23402, 180, 180.205, 0
3.166, 0.241201, 180, 180.205, 0
3.176, 0.247356, 180, 180.205, 0
3.186, 0.253511, 180, 180.205, 0
3.196, 0.259666, 180, 180.205, 0
3.207, 0.266847, 180, 180.205, 0
3.217, 0.273002, 180, 180.205, 0
3.227, 0.280182, 180, 180.205, 0
3.238, 0.286337, 180, 180.205, 0
3.248, 0.292492, 180, 180.205, 0
3.258, 0.297622, 180, 180.205, 0
3.269, 0.303777, 180, 180.205, 0
3.279, 0.309932, 180, 180.205, 0
3.289, 0.317112, 180, 180.205, 0
3.299, 0.323267, 180, 180.205, 0
3.31, 0.330448, 180, 180.205, 0
3.32, 0.336603, 180, 180.205, 0
3.33, 0.34481, 180, 180.205, 0
3.34, 0.349939, 180, 180.205, 0
3.351, 0.356094, 180, 180.205, 0
3.361, 0.364301, 180, 180.205, 0
3.371, 0.36943, 180, 180.205, 0
3.382, 0.377637, 180, 180.205, 0
3.392, 0.382766, 180, 180.205, 0
3.402, 0.388921, 180, 180.205, 0
3.412, 0.395076, 180, 180.205, 0
3.423, 0.402257, 180, 180.205, 0
3.433, 0.408412, 180, 180.205, 0
3.443, 0.415593, 180, 180.205, 0
3.453, 0.421748, 180, 180.205, 0
3.464, 0.427903, 180, 180.205, 0
3.474, 0.434058, 180, 180.205, 0
3.484, 0.441239, 180, 180.205, 0
3.494, 0.447394, 180, 180.205, 0
3.505, 0.4556, 180, 180.137, 0
3.515, 0.424825, 180, 180.137, -2011.44
3.526, 0.39405, 180, 180.068, 0
3.537, 0.36054, 180, 180, 0
3.547, 0.36054, 180, 180, 0
3.557, 0.36054, 180, 180, 0
3.567, 0.36054, 180, 180, 0
3.578, 0.36054, 180, 180, 0
3.588, 0.36054, 180, 180, 0
3.598, 0.36054, 180, 180, 0
3.608, 0.36054, 180, 180, 0
3.619, 0.36054, 180, 180, 0
3.629, 0.36054, 180, 180, 0
3.639, 0.36054, 180, 180, 0
3.651, 0.36054, 180, 180, 0
3.662, 0.36054, 180, 180, 0
3.672, 0.36054, 180, 180, 0
3.682, 0.36054, 180, 180, 0
3.692, 0.36054, 180, 180, 0
3.703, 0.36054, 180, 180, 0
3.713, 0.36054, 180, 180, 0
3.723, 0.36054, 180, 180, 0
3.734, 0.36054, 180, 180, 0
3.744, 0.36054, 180, 180, 0
3.754, 0.36054, 180, 180, 0
3.764, 0.36054, 180, 180, 0
3.775, 0.36054, 180, 180, 0
3.785, 0.36054, 180, 180, 0
3.795, 0.36054, 180, 180, 0
3.805, 0.36054, 180, 180, 0
3.816, 0.36054, 180, 180, 0
3.826, 0.36054, 180, 180, 0
3.836, 0.36054, 180, 180, 0
3.846, 0.36054, 180, 180, 0
3.856, 0.36054, 180, 180, 0
3.867, 0.36054, 180, 180, 0
3.877, 0.36054, 180, 180, 0
3.887, 0.36054, 180, 180, 0
3.897, 0.36054, 180, 180, 0
3.908, 0.36054, 180, 180, 0
3.918, 0.36054, 180, 180, 0
3.928, 0.36054, 180, 180, 0
3.939, 0.36054, 180, 180, 0
3.949, 0.36054, 180, 180, 0
3.959, 0.36054, 180, 180, 0
3.969, 0.36054, 180, 180, 0
3.98, 0.36054, 180, 180, 0
3.991, 0.36054, 180, 180, 0
4.001, 0.36054, 180, 180, 0
4.012, 0.36054, 180, 180, 0
4.022, 0.36054, 180, 180, 0
4.032, 0.36054, 180, 180, 0
4.043, 0.36054, 180, 180, 0
4.053, 0.36054, 180, 180, 0
4.064, 0.36054, 180, 180, 0
4.074, 0.36054, 180, 180, 0
4.084, 0.36054, 180, 180, 0
4.094, 0.36054, 180, 180, 0
4.104, 0.36054, 180, 180, 0
4.115, 0.36054, 180, 180, 0
4.125, 0.36054, 180, 180, 0
4.135, 0.36054, 180, 180, 0
4.146, 0.36054, 180, 180, 0
4.156, 0.36054, 180, 180, 0
4.167, 0.36054, 180, 180, 0
4.177, 0.36054, 180, 180, 0
4.187, 0.36054, 180, 180, 0
4.197, 0.36054, 180, 180, 0
4.207, 0.36054, 180, 180, 0
4.218, 0.36054, 180, 180, 0
4.228, 0.36054, 180, 180, 0
4.238, 0.36054, 180, 180, 0
4.249, 0.36054, 180, 180, 0
4.259, 0.36054, 180, 180, 0
4.269, 0.36054, 180, 180, 0
4.28, 0.36054, 180, 180, 0
4.29, 0.36054, 180, 180, 0
4.3, 0.36054, 180, 180, 0
4.31, 0.36054, 180, 180, 0
4.32, 0.36054, 180, 180, 0
4.331, 0.36054, 180, 180, 0
4.341, 0.36054, 180, 180, 0
4.351, 0.36054, 180, 180, 0
4.361, 0.36054, 180, 180, 0
4.372, 0.36054, 180, 180, 0
4.382, 0.36054, 180, 180, 0
4.392, 0.36054, 180, 180, 0
4.402, 0.36054, 180, 180, 0
4.412, 0.36054, 180, 180, 0
4.423, 0.36054, 180, 180, 0
4.433, 0.36054, 180, 180, 0
4.443, 0.36054, 180, 180, 0
4.453, 0.36054, 180, 180, 0
4.464, 0.36054, 180, 180, 0
4.474, 0.326003, 180, 179.932, -2.24915e+07
4.484, 1, 180, 0, 0
4.494, 1, 180, 0, 0
4.505, 1, 180, 0, 0
4.515, 1, 180, 0, 0
4.525, 1, 180, 0, 0
4.536, 1, 180, 0, 0
4.546, 1, 180, 0, 0
4.556, 1, 180, 0, 0
4.567, 1, 180, 0, 0
4.577, 1, 180, 0, 0
4.587, 1, 180, 0, 0
4.597, 1, 180, 0, 0
4.607, 1, 180, 0, 0
4.618, 1, 180, 0, 0
4.628, 1, 180, 0, 0
4.638, 1, 180, 0, 0
4.648, 1, 180, 0, 0
4.659, 1, 180, 0, 0
4.669, 1, 180, 0, 0
4.679, 1, 180, 0, 0
4.689, 1, 180, 0, 0
4.7, 1, 180, 0, 0
4.71, 1, 180, 0, 0
4.72, 1, 180, 0, 0
4.73, 1, 180, 0, 0
4.741, 1, 180, 0, 0
4.751, 1, 180, 0, 0
4.761, 1, 180, 0, 0
4.771, 1, 180, 0, 0
4.782, 1, 180, 0, 0
4.792, 1, 180, 0, 0
4.802, 1, 180, 0, 0
4.813, 1, 180, 0, 0
4.823, 1, 180, 0, 0
4.833, 1, 180, 0, 0
4.843, 1, 180, 0, 0
4.854, 1, 180, 0, 0
4.864, 1, 180, 0, 0
4.874, 1, 180, 0, 0
4.884, 1, 180, 0, 0
4.894, 1, 180, 0, 0
4.905, 1, 180, 0, 0
4.915, 1, 180, 0, 0
4.925, 1, 180, 0, 0
4.935, 1, 180, 0, 0
4.946, 1, 180, 0, 0
4.957, 1, 180, 0, 0
4.967, 1, 180, 0, 0
4.977, 1, 180, 0, 0
4.987, 1, 180, 0, 0
4.998, 1, 180, 0, 0
5.008, 1, 180, 0, 0
5.018, 1, 180, 0, 0
5.029, 1, 180, 0, 0
5.039, 1, 180, 0, 0
5.049, 1, 180, 0, 0
5.06, 1, 180, 0, 0
5.07, 1, 180, 0, 0
5.08, 1, 180, 0, 0
5.09, 1, 180, 0, 0
5.101, 1, 180, 0, 0
5.111, 1, 180, 0, 0
5.121, 1, 180, 0, 0
5.132, 1, 180, 0, 0
5.142, 1, 180, 0, 0
5.152, 1, 180, 0, 0
5.163, 1, 180, 0, 0
5.173, 1, 180, 0, 0
5.183, 1, 180, 0, 0
5.193, 1, 180, 0, 0
5.204, 1, 180, 0, 0
5.214, 1, 180, 0, 0
5.224, 1, 180, 0, 0
5.235, 1, 180, 0, 0
5.245, 1, 180, 0, 0
5.255, 1, 180, 0, 0
5.266, 1, 180, 0, 0
5.276, 1, 180, 0, 0
5.286, 1, 180, 0, 0
5.296, 1, 180, 0, 0
5.307, 1, 180, 0, 0
5.317, 1, 180, 0, 0
5.327, 1, 180, 0, 0
5.338, 1, 180, 0, 0
5.348, 1, 180, 0, 0
5.358, 1, 180, 0, 0
5.369, 1, 180, 0, 0
5.379, 1, 180, 0, 0
5.389, 1, 180, 0, 0
5.4, 1, 180, 0, 0
5.41, 1, 180, 0, 0
5.42, 1, 180, 0, 0
5.43, 1, 180, 0, 0
5.441, 1, 180, 0, 0
5.451, 1, 180, 0, 0
5.461, 1, 180, 0, 0
5.472, 1, 180, 0, 0
5.482, 1, 180, 0, 0
5.492, 1, 180, 0, 0
5.502, 1, 180, 0, 0
5.513, 1, 180, 0, 0
5.523, 1, 180, 0, 0
5.533, 1, 180, 0, 0
5.543, 1, 180, 0, 0
5.554, 1, 180, 0, 0
5.564, 1, 180, 0, 0
5.574, 1, 180, 0, 0
5.584, 1, 180, 0, 0
5.595, 1, 180, 0, 0
5.605, 1, 180, 0, 0
5.615, 1, 180, 0, 0
5.625, 1, 180, 0, 0
5.636, 1, 180, 0, 0
5.646, 1, 180, 0, 0
5.656, 1, 180, 0, 0
5.666, 1, 180, 0, 0
5.677, 1, 180, 0, 0
5.687, 1, 180, 0, 0
5.697, 1, 180, 0, 0
5.708, 1, 180, 0, 0
5.718, 1, 180, 0, 0
5.728, 1, 180, 0, 0
5.738, 1, 180, 0, 0
5.749, 1, 180, 0, 0
5.759, 1, 180, 0, 0
5.769, 1, 180, 0, 0
5.78, 1, 180, 0, 0
5.79, 1, 180, 0, 0
5.8, 1, 180, 0, 0
5.81, 1, 180, 0, 0
5.821, 1, 180, 0, 0
5.831, 1, 180, 0, 0
5.841, 1, 180, 290.106, 3907.95
5.851, 1, 180, 290.722, 5399.14
5.862, 1, 180, 290.995, -1899.7
5.872, 1, 180, 290.653, -5699.09
5.882, 1, 180, 290.038, -5471.12
5.892, 1, 180, 289.422, -12434.4
5.902, 1, 180, 288.533, -11398.2
5.913, 1, 180, 287.85, -14397.7
5.923, 1, 180, 286.892, -5946.87
5.933, 1, 180, 286.208, -5545.06
5.943, 1, 180, 285.251, -7891.05
5.954, 1, 180, 284.498, -8548.63
5.964, 1, 180, 283.609, -9769.87
5.974, 1, 180, 282.857, -13677.8
5.984, 1, 180, 282.105, -1768.68
5.995, 1, 180, 281.147, -9769.87
6.005, 1, 180, 280.395, -2532.93
6.015, 1, 180, 279.506, -8045.77
6.025, 1, 180, 278.754, -12434.4
6.036, 1, 180, 277.728, -3907.95
6.046, 1, 180, 277.044, -15197.6
6.056, 1, 180, 276.087, -9325.78
6.066, 1, 180, 275.403, -12434.4
6.076, 1, 180, 274.377, -5699.09
6.087, 1, 180, 273.625, -6217.19
6.097, 1, 180, 272.667, -6217.19
6.107, 1, 180, 271.915, -9325.78
6.117, 1, 180, 271.231, -5582.78
6.128, 1, 180, 270.205, -1414.95
6.138, 1, 180, 269.521, -7598.78
6.148, 1, 180, 268.427, -3799.39
6.158, 1, 180, 267.47, 0
6.169, 1, 180, 266.649, -538.497
6.18, 1, 180, 265.76, -3799.39
6.19, 1, 180, 264.939, -3108.59
6.2, 1, 180, 264.119, -1503.06
6.211, 1, 180, 263.298, -7598.78
6.221, 1, 180, 262.477, -2735.56
6.231, 1, 180, 261.588, -6217.19
6.241, 1, 180, 260.767, 0
6.252, 1, 180, 259.947, -3799.39
6.262, 1, 180, 259.058, -1103.05
6.272, 1, 180, 258.237, -4274.32
6.282, 1, 180, 257.416, -1953.97
6.293, 1, 180, 256.527, -7198.85
6.303, 1, 180, 255.707, 0
6.313, 1, 180, 254.886, -5699.09
6.323, 1, 180, 254.065, -2735.56
6.334, 1, 180, 253.245, -9769.87
6.344, 1, 180, 252.424, -7598.78
6.355, 1, 180, 251.603, -2532.93
6.365, 1, 180, 250.578, -402.289
6.375, 1, 180, 249.894, -1865.16
6.386, 1, 180, 248.936, -10258.4
6.396, 1, 180, 248.252, -82.9415
6.406, 1, 180, 247.226, -2031.36
6.417, 1, 180, 246.474, -6838.91
6.427, 1, 180, 245.585, -10258.4
6.437, 1, 180, 244.764, -8206.69
6.447, 1, 180, 243.875, -4662.89
6.458, 1, 180, 243.123, -8289.58
6.468, 1, 180, 242.097, -3599.42
6.478, 1, 180, 241.413, -10258.4
6.488, 1, 180, 240.661, -14397.7
6.498, 1, 180, 239.704, -4187.09
6.509, 1, 180, 238.951, -9325.78
6.519, 1, 180, 237.994, -10798.3
6.529, 1, 180, 237.31, -10798.3
6.54, 1, 180, 236.353, -11893.7
6.55, 1, 180, 235.6, -13677.8
6.56, 1, 180, 234.643, -8920.31
6.57, 1, 180, 233.891, -1179.12
6.581, 1, 180, 232.933, -8920.31
6.591, 1, 180, 232.181, -8548.63
6.601, 1, 180, 231.223, -5699.09
6.611, 1, 180, 230.54, -8289.58
6.622, 1, 180, 0, 7.40146e+06
6.632, 1, 180, 228.898, -5260.7
6.642, 1, 180, 228.146, -2011.44
6.652, 1, 180, 227.462, -9325.78
6.662, 1, 180, 226.641, -2973.44
6.673, 1, 180, 226.231, -1094.22
6.683, 1, 180, 225, -9325.78
6.693, 1, 180, 224.111, -6217.19
6.704, 1, 180, 223.29, -1724.09
6.714, 1, 180, 222.333, -12434.4
6.724, 1, 180, 221.581, -8548.63
6.735, 1, 180, 220.76, -6838.91
6.745, 1, 180, 219.871, -13026.5
6.755, 1, 180, 219.119, -12434.4
6.765, 1, 180, 218.161, -6217.19
6.775, 1, 180, 217.409, -5861.92
6.786, 1, 180, 216.588, -10798.3
6.796, 1, 180, 215.699, -15197.6
6.806, 1, 180, 214.947, -12434.4
6.816, 1, 180, 213.921, -9769.87
6.826, 1, 180, 213.237, -13026.5
6.837, 1, 180, 212.416, -10521.4
6.847, 1, 180, 211.391, -5260.7
6.857, 1, 180, 210.707, -8548.63
6.867, 1, 180, 209.749, -13677.8
6.878, 1, 180, 208.997, -8045.77
6.888, 1, 180, 208.176, -6838.91
6.898, 1, 180, 207.287, -8045.77
6.908, 1, 180, 206.33, -8548.63
6.919, 1, 180, 205.646, -8289.58
6.929, 1, 180, 204.688, -9769.87
6.939, 1, 180, 204.005, -13677.8
6.949, 1, 180, 202.979, -5699.09
6.959, 1, 180, 202.295, -6217.19
6.97, 1, 180, 201.269, -9769.87
6.98, 1, 180, 200.585, -10258.4
6.99, 1, 180, 199.628, -12434.4
7, 1, 180, 198.875, -5861.92
7.011, 1, 180, 198.191, -9325.78
7.021, 1, 180, 197.097, -12068.7
7.031, 1, 180, 196.413, -1668.03
7.042, 1, 180, 195.388, -3945.52
7.052, 1, 180, 194.772, -1424.77
7.063, 1, 180, 193.883, -9769.87
7.073, 1, 180, 193.062, -3108.59
7.083, 1, 180, 192.242, -8824.39
7.093, 1, 180, 191.421, -10798.3
7.104, 1, 180, 190.532, -5699.09
7.114, 1, 180, 189.711, -6217.19
7.124, 1, 180, 188.822, -9769.87
7.134, 1, 180, 188.07, -10258.4
7.144, 1, 180, 187.181, -13677.8
7.155, 1, 180, 186.36, -5946.87
7.165, 1, 180, 185.471, -6618.3
7.175, 1, 180, 184.787, -5946.87
7.185, 1, 180, 183.83, -17097.3
7.196, 1, 180, 182.941, -10258.4
7.206, 1, 180, 182.12, -5699.09
7.216, 0.654696, 180, 181.299, -13677.8
7.226, 0.255988, 180, 180.479, -5699.09
7.237, 0.119126, 180, 179.726, -5260.7
7.247, 0.305486, 180, 179.384, -2973.44
7.257, 0.434742, 180, 179.111, 0
7.268, 0.495608, 180, 179.111, 0
7.278, 0.526725, 180, 179.111, 0
7.288, 0.553397, 180, 179.111, 0
7.298, 0.548951, 180, 179.179, 0
7.309, 0.573571, 180, 179.179, 0
7.319, 0.566391, 180, 179.316, 0
7.329, 0.556132, 180, 179.384, 0
7.339, 0.540403, 180, 179.453, 0
7.35, 0.525699, 180, 179.521, -9.30815
7.36, 0.470988, 180, 179.59, 0
7.37, 0.483298, 180, 179.658, 0
7.38, 0.461413, 180, 179.726, 0
7.391, 0.438503, 180, 179.726, 0
7.401, 0.445342, 180, 179.795, 0
7.411, 0.419696, 180, 179.795, 0
7.421, 0.389605, 180, 179.863, 0
7.431, 0.395076, 180, 179.863, 0
7.442, 0.398495, 180, 179.932, 0
7.452, 0.366695, 180, 179.932, 0
7.462, 0.369088, 180, 179.932, 0
7.473, 0.37114, 180, 179.932, 0
7.483, 0.373533, 180, 179.932, 0
7.493, 0.375585, 180, 179.932, 0
7.503, 0.377637, 180, 453.488, -2.06131e+07
7.513, 1, 180, 0, 0
7.524, 1, 180, 0, 0
7.534, 1, 180, 0, 0
7.544, 1, 180, 0, 0
7.555, 1, 180, 0, 0
7.565, 1, 180, 0, 0
7.575, 1, 180, 0, 0
7.585, 1, 180, 0, 0
7.596, 1, 180, 0, 0
7.606, 1, 180, 0, 0
7.616, 1, 180, 0, 0
7.626, 1, 180, 0, 1.08739e+07
7.637, 1, 180, 187.591, 1899.7
7.647, 1, 180, 188.412, 0
7.657, 1, 180, 189.027, 0
7.667, 1, 180, 188.959, 0
7.678, 1, 180, 188.48, 0
7.688, 1, 180, 187.865, 0
7.698, 1, 180, 187.044, -1121.13
7.709, 1, 180, 186.223, 0
7.719, 1, 180, 185.403, -5065.86
7.729, 1, 180, 184.582, 0
7.74, 1, 180, 183.761, -4716.49
7.75, 1, 180, 182.941, 0
7.76, 1, 180, 182.12, -15197.6
7.771, 0.620502, 180, 181.231, -2072.4
7.781, 0.226239, 180, 180.41, -6217.19
7.791, 0.150585, 180, 179.658, -2735.56
7.801, 0.411831, 180, 179.179, -2973.44
7.812, 0.552112, 180, 178.906, 0
7.822, 0.586307, 180, 178.837, 0
7.832, 0.586307, 180, 178.837, 0
7.843, 0.552112, 180, 178.906, 0
7.853, 0.517918, 180, 178.974, 0
7.864, 0.502872, 180, 179.043, 0
7.874, 0.500479, 180, 179.111, 0
7.884, 0.492272, 180, 179.179, 0
7.895, 0.486459, 180, 179.248, 0
7.905, 0.474491, 180, 179.316, 0
7.915, 0.495008, 180, 179.316, 834.013
7.926, 0.48304, 180, 179.384, 0
7.937, 0.469704, 180, 179.453, 0
7.947, 0.486117, 180, 179.453, 0
7.957, 0.434825, 180, 179.59, 0
7.967, 0.447135, 180, 179.59, 0
7.977, 0.426277, 180, 179.658, 0
7.988, 0.436535, 180, 179.658, 5.08272
7.998, 0.412599, 180, 179.726, 0
8.008, 0.420805, 180, 179.726, 0
8.019, 0.429012, 180, 179.726, 0
8.029, 0.403708, 180, 179.795, 0
8.039, 0.409863, 180, 179.795, 0
8.049, 0.417044, 180, 179.795, 0
8.059, 0.387979, 180, 179.863, 0
8.07, 0.392766, 180, 179.863, 0
8.08, 0.396869, 180, 179.863, 0
8.09, 0.366436, 180, 179.932, 0
8.1, 0.368488, 180, 179.932, 0
8.111, 0.370881, 180, 179.932, 0
8.121, 0.372933, 180, 179.932, 0
8.131, 0.374985, 180, 179.932, 0
8.142, 0.377378, 180, 179.932, 0
8.152, 0.37943, 180, 179.932, 0
8.162, 0.381824, 180, 179.932, 0
8.172, 0.383875, 180, 179.932, 0
8.183, 0.386269, 180, 179.932, 0
8.193, 0.388321, 180, 179.932, 0
8.203, 0.390714, 180, 179.932, 0
8.213, 0.392766, 180, 179.932, 0
8.225, 0.394476, 180, 179.932, 0
8.235, 0.395502, 180, 179.932, 0
8.245, 0.397553, 180, 179.932, 0
8.256, 0.399605, 180, 179.932, 0
8.266, 0.401998, 180, 179.932, 0
8.276, 0.40405, 180, 179.932, 0
8.287, 0.406102, 180, 179.932, 0
8.297, 0.408495, 180, 179.932, 0
8.308, 0.410547, 180, 179.932, 0
8.318, 0.412941, 180, 179.932, 0
8.328, 0.414992, 180, 179.932, 0
8.338, 0.417044, 180, 179.932, 0
8.349, 0.419438, 180, 179.932, 0
8.359, 0.421489, 180, 179.932, 0
8.37, 0.423883, 180, 179.932, 0
8.381, 0.425935, 180, 179.932, 0
8.391, 0.428328, 180, 179.932, 0
8.401, 0.43038, 180, 179.932, 0
8.411, 0.432432, 180, 179.932, 0
8.421, 0.434825, 180, 179.932, 0
8.432, 0.436877, 180, 179.932, 0
8.442, 0.439271, 180, 179.932, 0
8.452, 0.441322, 180, 179.932, 0
8.462, 0.443716, 180, 179.932, 0
8.473, 0.445767, 180, 179.932, 0
8.483, 0.448161, 180, 179.932, 0
8.494, 0.415334, 180, 180, 0
8.504, 0.415334, 180, 180, 0
8.515, 0.380798, 180, 180.068, 0
8.525, 0.378404, 180, 180.068, 0
8.535, 0.34079, 180, 180.137, 0
8.545, 0.336003, 180, 180.137, 0
8.556, 0.3319, 180, 180.137, 0
8.566, 0.327112, 180, 180.137, 0
8.576, 0.323009, 180, 180.137, 0
8.586, 0.318222, 180, 180.137, 0
8.597, 0.314119, 180, 180.137, 0
8.607, 0.309331, 180, 180.137, 0
8.617, 0.305228, 180, 180.137, 0
8.627, 0.300441, 180, 180.137, 0
8.638, 0.296337, 180, 180.137, 0
8.653, 0.290182, 180, 180.137, 0
8.663, 0.286079, 180, 180.137, 0
8.674, 0.281292, 180, 180.137, 0
8.684, 0.277188, 180, 180.137, 0
8.694, 0.272401, 180, 180.137, 0
8.704, 0.268298, 180, 180.137, 0
8.714, 0.263511, 180, 180.137, 0
8.725, 0.259407, 180, 180.137, 0
8.735, 0.25462, 180, 180.137, 0
8.746, 0.250517, 180, 180.137, 0
8.756, 0.246413, 180, 180.137, 0
8.766, 0.241626, 180, 180.137, 0
8.776, 0.237523, 180, 180.137, 0
8.787, 0.232736, 180, 180.137, 0
8.797, 0.228632, 180, 180.137, 0
8.807, 0.223845, 180, 180.137, 0
8.817, 0.219742, 180, 180.137, 0
8.828, 0.214954, 180, 180.137, 0
8.838, 0.210851, 180, 180.137, 0
8.848, 0.206748, 180, 180.137, 0
8.858, 0.20196, 180, 180.137, 0
8.868, 0.197857, 180, 180.137, 0
8.879, 0.193754, 180, 180.137, 0
8.889, 0.188967, 180, 180.137, 0
8.899, 0.184863, 180, 180.137, 0
8.909, 0.180076, 180, 180.137, 0
8.919, 0.175973, 180, 180.137, 0
8.93, 0.171869, 180, 180.137, 0
8.94, 0.167082, 180, 180.137, 0
8.95, 0.162979, 180, 180.137, 0
8.96, 0.0661246, 180, 180.137, 0
8.971, 0.070228, 180, 180.137, 0
8.981, 0.109894, 180, 180.205, 0
8.991, 0.150585, 180, 180.274, 0
9.001, 0.16016, 180, 180.274, 0
9.012, 0.168366, 180, 180.274, 0
9.022, 0.177941, 180, 180.274, 0
9.032, 0.186147, 180, 180.274, 0
9.042, 0.195722, 180, 180.274, 0
9.053, 0.203929, 180, 180.274, 0
9.063, 0.213503, 180, 180.274, 0
9.073, 0.22171, 180, 180.274, 0
9.084, 0.231284, 180, 180.274, 0
9.094, 0.239491, 180, 180.274, 0
9.105, 0.249065, 180, 180.274, 0
9.115, 0.257272, 180, 180.274, 0.510923
9.125, 0.266847, 180, 180.274, 0
9.135, 0.275053, 180, 180.274, 0
9.146, 0.28326, 180, 180.274, 0
9.156, 0.292834, 180, 180.274, 0
9.166, 0.301041, 180, 180.274, 0
9.176, 0.310616, 180, 180.274, 0
9.187, 0.318822, 180, 180.274, 0
9.197, 0.328397, 180, 180.274, 0
9.207, 0.337971, 180, 180.274, 0
9.218, 0.346178, 180, 180.274, 0
9.228, 0.355752, 180, 180.274, 0
9.238, 0.363959, 180, 180.274, 0
9.248, 0.373533, 180, 180.274, 0
9.258, 0.38174, 180, 180.274, 0
9.269, 0.389947, 180, 180.274, 0
9.279, 0.399521, 180, 180.274, 0
9.289, 0.407728, 180, 180.274, 0
9.3, 0.417302, 180, 180.274, 0
9.311, 0.426877, 180, 180.274, 0
9.321, 0.435084, 180, 180.274, 0
9.331, 0.444658, 180, 180.274, 0
9.341, 0.452865, 180, 180.205, 0
9.352, 0.425851, 180, 180.205, 0
9.362, 0.432006, 180, 180.205, 0
9.372, 0.439187, 180, 180.205, 0
9.382, 0.445342, 180, 180.205, 0
9.393, 0.452523, 180, 180.205, 0
9.403, 0.458678, 180, 180.205, 0
9.414, 0.465859, 180, 180.205, 0
9.424, 0.436793, 180, 180.137, 0
9.435, 0.40636, 180, 180.068, 0
9.445, 0.408412, 180, 180, 0
9.455, 0.374217, 180, 180, 0
9.466, 0.374217, 180, 180, 0
9.476, 0.339681, 180, 179.932, 0
9.487, 0.336945, 180, 179.932, 0
9.497, 0.335236, 180, 179.932, 0
9.507, 0.3325, 180, 179.932, 0
9.517, 0.33079, 180, 179.932, 0
9.527, 0.328055, 180, 179.932, 0
9.538, 0.326345, 180, 179.932, 0
9.548, 0.323951, 180, 179.932, 0
9.558, 0.3219, 180, 179.932, 0
9.569, 0.319506, 180, 179.932, 0
9.579, 0.318138, 180, 179.932, 0
9.589, 0.315403, 180, 179.932, 0
9.599, 0.314035, 180, 179.932, 0
9.61, 0.311641, 180, 179.932, 0
9.62, 0.30959, 180, 179.932, 0
9.63, 0.306854, 180, 179.932, 0
9.641, 0.305144, 180, 179.932, 0
9.651, 0.302409, 180, 179.932, 0
9.661, 0.300699, 180, 179.932, 0
9.671, 0.298647, 180, 179.932, 0
9.681, 0.295912, 180, 179.932, 0
9.692, 0.294202, 180, 179.932, 0
9.702, 0.291467, 180, 179.932, 0
9.712, 0.289073, 180, 179.932, 0
9.722, 0.287021, 180, 179.932, 0
9.733, 0.284628, 180, 179.932, 0
9.743, 0.282576, 180, 179.932, 0
9.753, 0.280866, 180, 179.932, 0
9.764, 0.278131, 180, 179.932, 0
9.774, 0.275737, 180, 179.932, 0
9.784, 0.273685, 180, 179.932, 0
9.794, 0.271292, 180, 179.932, 0
9.805, 0.269924, 180, 179.932, 0
9.815, 0.267188, 180, 179.932, 0
9.825, 0.265137, 180, 179.932, 0
9.835, 0.262743, 180, 179.863, 0
9.846, 0.223761, 180, 179.863, 0
9.856, 0.219658, 180, 179.863, 0
9.866, 0.214871, 180, 179.863, 0
9.876, 0.210767, 180, 179.863, 0
9.887, 0.206664, 180, 179.863, 0
9.897, 0.203245, 180, 179.863, 0
9.907, 0.198457, 180, 179.863, 0
9.917, 0.194354, 180, 179.863, 0
9.928, 0.189567, 180, 179.863, 0
9.938, 0.185464, 180, 179.863, 0
9.949, 0.180676, 180, 179.863, 0
9.959, 0.176573, 180, 179.863, 0
9.969, 0.17247, 180, 179.863, 0
9.98, 0.168366, 180, 179.863, 0
9.99, 0.163579, 180, 179.863, 0
10, 0.159476, 180, 179.863, 0
10.011, 0.155372, 180, 179.863, 0
10.021, 0.150585, 180, 179.863, 0
10.031, 0.146482, 180, 179.863, 0
10.042, 0.142378, 180, 179.863, 0
10.052, 0.137591, 180, 179.863, 0
10.062, 0.133488, 180, 179.863, 0
10.072, 0.128701, 180, 179.863, 0
10.083, 0.124597, 180, 179.863, 0
10.093, 0.11981, 180, 179.863, 0
10.103, 0.115707, 180, 179.863, 0
10.114, 0.110919, 180, 179.863, 0
10.124, 0.106816, 180, 179.863, 0
10.134, 0.102029, 180, 179.863, 0
10.144, 0.0979255, 180, 179.863, 0
10.155, 0.0938222, 180, 179.863, 0
10.165, 0.089035, 180, 179.863, 0
10.175, 0.0842477, 180, 179.863, 0
10.185, 0.0801444, 180, 179.863, 0
10.196, 0.0753571, 180, 179.863, 0
10.206, 0.0712538, 180, 179.863, 0
10.216, 0.0664666, 180, 179.863, 0
10.226, 0.0623632, 180, 179.863, 0
10.236, 0.0582599, 180, 179.863, 0
10.247, 0.0534726, 180, 179.863, 0
10.257, 0.0493693, 180, 179.863, 0
10.267, 0.0445821, 180, 179.863, 0
10.277, 0.0404787, 180, 179.863, 0
10.288, 0.0356915, 180, 179.863, 0
10.298, 0.0309043, 180, 179.863, 0
10.308, 0.0268009, 180, 179.863, 0
10.318, 0.0226976, 180, 179.863, 0
10.329, 0.0179103, 180, 179.863, 0
10.339, 0.013807, 180, 179.863, 0
10.349, 0.00901976, 180, 179.863, 0
10.36, 0.00491641, 180, 179.863, 0
10.37, 0.00081307, 180, 179.863, 0
10.38, 0.00397416, 180, 179.863, 0
10.39, 0.00807751, 180, 179.863, 0
10.4, 0.0128647, 180, 179.863, 0
10.411, 0.0169681, 180, 179.863, 0
10.421, 0.0217553, 180, 179.863, 0
10.431, 0.0258587, 180, 179.863, 0
10.441, 0.0306459, 180, 179.863, 0
10.451, 0.0347492, 180, 179.863, 0
10.462, 0.0395365, 180, 179.863, 0
10.472, 0.0436398, 180, 179.863, 0
10.482, 0.0484271, 180, 179.863, 0
10.492, 0.0525304, 180, 179.863, 0
10.503, 0.0573176, 180, 179.863, 0
10.513, 0.061421, 180, 179.863, 0
10.523, 0.0662082, 180, 179.863, 0
10.534, 0.0703116, 180, 179.863, 0
10.544, 0.0750988, 180, 179.863, 0
10.554, 0.0792021, 180, 179.863, 0
10.564, 0.0839894, 180, 179.863, 0
10.575, 0.0880927, 180, 179.863, 0
10.585, 0.0928799, 180, 179.863, 0
10.595, 0.0969833, 180, 179.863, 0
10.606, 0.101771, 180, 179.863, 0
10.616, 0.105874, 180, 179.863, 0
10.626, 0.110661, 180, 179.863, 0
10.637, 0.114764, 180, 179.863, 0
10.647, 0.119552, 180, 179.863, 0
10.657, 0.123655, 180, 179.863, 0
10.668, 0.127074, 180, 179.863, 0
10.678, 0.130494, 180, 179.863, 0
10.688, 0.135281, 180, 179.863, 0
10.698, 0.139384, 180, 179.863, 0
10.709, 0.144172, 180, 179.863, 0
10.719, 0.148275, 180, 179.863, 0
10.729, 0.153062, 180, 179.863, 0
10.739, 0.157166, 180, 179.863, 0
10.749, 0.161953, 180, 179.863, 0
10.76, 0.166056, 180, 179.863, 0
10.77, 0.17016, 180, 179.863, 0
10.78, 0.174947, 180, 179.863, 0
10.79, 0.17905, 180, 179.863, 0
10.8, 0.183837, 180, 179.863, 0
10.811, 0.187941, 180, 179.863, 0
10.821, 0.192728, 180, 179.863, 0
10.831, 0.196831, 180, 179.863, 0
10.841, 0.201619, 180, 179.863, 0
10.852, 0.205722, 180, 179.863, 0
10.862, 0.210509, 180, 179.863, 0
10.872, 0.214612, 180, 179.863, 0
10.882, 0.2194, 180, 179.863, 0
10.893, 0.223503, 180, 179.863, 0
10.903, 0.22829, 180, 179.863, 0
10.913, 0.232394, 180, 179.863, 0
10.923, 0.237181, 180, 179.863, 0
10.934, 0.241284, 180, 179.863, 0
10.944, 0.246071, 180, 179.863, 0
10.954, 0.250175, 180, 179.863, 0
10.965, 0.254278, 180, 179.863, 0
10.975, 0.259065, 180, 179.863, 0
10.985, 0.263169, 180, 179.863, 0
10.995, 0.267956, 180, 179.863, 0
11.005, 0.272059, 180, 179.863, 0
11.016, 0.276163, 180, 179.863, 0
11.026, 0.28095, 180, 179.863, 0
11.036, 0.285053, 180, 179.863, 0
11.046, 0.28984, 180, 179.863, 0
11.056, 0.293944, 180, 179.863, 0
11.067, 0.298731, 180, 179.863, 0
11.077, 0.302834, 180, 179.863, 0
11.087, 0.307622, 180, 179.863, 0
11.098, 0.311725, 180, 179.863, 0
11.108, 0.316512, 180, 179.863, 0
11.118, 0.320616, 180, 179.863, 0
11.128, 0.325403, 180, 179.863, 0
11.139, 0.329506, 180, 179.863, 0
11.149, 0.334293, 180, 179.863, 0
11.159, 0.338397, 180, 179.863, 0
11.169, 0.3425, 180, 179.863, 0
11.18, 0.347287, 180, 179.863, 0
11.19, 0.351391, 180, 179.863, 0
11.2, 0.355494, 180, 179.863, 0
11.21, 0.360281, 180, 179.863, 0
11.221, 0.364384, 180, 179.863, 0
11.231, 0.369172, 180, 179.863, 0
11.241, 0.373275, 180, 179.863, 0
11.252, 0.377378, 180, 179.863, 0
11.262, 0.382166, 180, 179.863, 0
11.272, 0.386269, 180, 179.863, 0
11.282, 0.391056, 180, 179.863, 0
11.293, 0.39516, 180, 179.863, 0
11.303, 0.363701, 180, 179.932, 0
11.313, 0.366094, 180, 179.932, 0
11.324, 0.368146, 180, 179.932, 0
11.334, 0.37054, 180, 179.932, 0
11.345, 0.373275, 180, 179.932, 0
11.355, 0.374985, 180, 179.932, 0
11.365, 0.37772, 180, 179.932, 0
11.375, 0.37943, 180, 179.932, 0
11.386, 0.381482, 180, 179.932, 0
11.396, 0.383875, 180, 179.932, 0
11.406, 0.385927, 180, 179.932, 0
11.416, 0.388663, 180, 179.932, 0
11.427, 0.390372, 180, 179.932, 0
11.437, 0.393108, 180, 179.932, 0
11.447, 0.394818, 180, 179.932, 0
11.457, 0.396869, 180, 179.932, 0
11.468, 0.399263, 180, 179.932, 0
11.478, 0.401315, 180, 179.932, 0
11.488, 0.40405, 180, 179.932, 0
11.498, 0.40576, 180, 179.932, 0
11.509, 0.408495, 180, 179.932, 0
11.519, 0.410205, 180, 179.932, 0
11.529, 0.412941, 180, 179.932, 0
11.539, 0.414992, 180, 179.932, 0
11.55, 0.416702, 180, 179.932, 0
11.56, 0.419438, 180, 179.932, 0
11.57, 0.421489, 180, 179.932, 0
11.581, 0.423199, 180, 179.932, 0
11.591, 0.425935, 180, 179.932, 0
11.601, 0.427644, 180, 179.932, 0
11.611, 0.429696, 180, 179.932, 0
11.622, 0.431748, 180, 179.932, 0
11.632, 0.434483, 180, 179.932, 0
11.642, 0.436193, 180, 179.932, 0
11.652, 0.438245, 180, 179.932, 0
11.662, 0.44098, 180, 179.932, 0
11.673, 0.44269, 180, 179.932, 0
11.683, 0.445426, 180, 179.932, 0
11.693, 0.447135, 180, 179.932, 0
11.705, 0.449871, 180, 180, 0
11.715, 0.415676, 180, 180, 0
11.725, 0.415676, 180, 180, 2973.44
11.735, 0.379772, 180, 180.068, 0
11.745, 0.341816, 180, 180.137, 0
11.756, 0.337713, 180, 180.137, 0
11.766, 0.332926, 180, 180.137, 0
11.776, 0.328822, 180, 180.137, 0
11.787, 0.324035, 180, 180.137, 0
11.798, 0.319248, 180, 180.137, 0
11.808, 0.315144, 180, 180.137, 0
11.818, 0.310357, 180, 180.137, 0
11.828, 0.306254, 180, 180.137, 0
11.839, 0.301467, 180, 180.137, 0
11.849, 0.297363, 180, 180.137, 0
11.859, 0.292576, 180, 180.137, 0
11.869, 0.288473, 180, 180.137, 0
11.88, 0.283685, 180, 180.137, 0
11.89, 0.279582, 180, 180.137, 0
11.9, 0.275479, 180, 180.137, 0
11.91, 0.270691, 180, 180.137, 0
11.92, 0.266588, 180, 180.137, 0
11.931, 0.262485, 180, 180.137, 0
11.941, 0.257698, 180, 180.137, 0
11.951, 0.253594, 180, 180.137, 0
11.961, 0.248807, 180, 180.137, 0
11.972, 0.244704, 180, 180.137, 0
11.982, 0.239916, 180, 180.137, 0
11.992, 0.235813, 180, 180.137, 0
12.002, 0.231026, 180, 180.137, 0
12.012, 0.226922, 180, 180.137, 0
12.023, 0.222135, 180, 180.137, 0
12.033, 0.218032, 180, 180.137, 0
12.043, 0.213245, 180, 180.137, 0
12.053, 0.209141, 180, 180.137, 0
12.064, 0.205038, 180, 180.137, 0
12.074, 0.200935, 180, 180.137, 0
12.084, 0.196147, 180, 180.137, 0
12.094, 0.192044, 180, 180.137, 0
12.105, 0.187257, 180, 180.137, 0
12.115, 0.183153, 180, 180.137, 0
12.125, 0.178366, 180, 180.137, 0
12.135, 0.174263, 180, 180.137, 0
12.145, 0.169476, 180, 180.137, 0
12.156, 0.165372, 180, 180.137, 0
12.166, 0.160585, 180, 180.137, 0
12.176, 0.155798, 180, 180.137, 0
12.187, 0.151695, 180, 180.137, 0
12.198, 0.146907, 180, 180.137, 0
12.208, 0.142804, 180, 180.137, 0
12.218, 0.138017, 180, 180.137, 0
12.228, 0.133229, 180, 180.137, 0
12.239, 0.129126, 180, 180.137, 0
12.249, 0.124339, 180, 180.137, 0
12.259, 0.120236, 180, 180.137, 0
12.27, 0.115448, 180, 180.137, 0
12.28, 0.111345, 180, 180.137, 0
12.29, 0.107242, 180, 180.137, 0
12.3, 0.102454, 180, 180.137, 0
12.311, 0.0983511, 180, 180.137, 0
12.321, 0.0935638, 180, 180.137, 0
12.331, 0.0894605, 180, 180.137, 0
12.341, 0.0846733, 180, 180.137, 0
12.352, 0.0805699, 180, 180.137, 0
12.362, 0.0757827, 180, 180.137, 0
12.372, 0.0716793, 180, 180.137, 0
12.382, 0.0668921, 180, 180.137, 0
12.392, 0.0627888, 180, 180.137, 0
12.403, 0.0586854, 180, 180.137, 0
12.413, 0.0538982, 180, 180.137, 0
12.423, 0.0497948, 180, 180.137, 0
12.433, 0.0450076, 180, 180.137, 0
12.444, 0.0409043, 180, 180.137, 0
12.454, 0.036117, 180, 180.137, 0
12.464, 0.0320137, 180, 180.137, 0
12.475, 0.0272264, 180, 180.137, 0
12.485, 0.0231231, 180, 180.137, 0
12.495, 0.0190198, 180, 180.137, 0
12.506, 0.0142325, 180, 180.137, 0
12.516, 0.0101292, 180, 180.137, 0
12.526, 0.00534195, 180, 180.137, 0
12.537, 0.0012386, 180, 180.137, 0
12.547, 1, 180, 0, 0
12.557, 1, 180, 0, 0
12.567, 1, 180, 0, 0
12.578, 1, 180, 0, 0
12.588, 1, 180, 0, 0
12.598, 1, 180, 0, 0
12.608, 1, 180, 0, 0
12.619, 1, 180, 0, 0
12.629, 1, 180, 0, 0
12.639, 1, 180, 0, 0
12.649, 1, 180, 0, 0
12.66, 1, 180, 0, 0
12.67, 1, 180, 0, 0
12.68, 1, 180, 0, 0
12.69, 1, 180, 0, 0
12.7, 1, 180, 0, 0
12.711, 1, 180, 0, 0
12.721, 1, 180, 0, 0
12.731, 1, 180, 0, 0
12.742, 1, 180, 0, 0
12.752, 1, 180, 0, 0
12.762, 1, 180, 0, 0
12.772, 1, 180, 0, 0
12.783, 1, 180, 0, 0
12.793, 1, 180, 0, 0
12.803, 1, 180, 0, 0
12.813, 1, 180, 0, 0
12.823, 1, 180, 0, 0
12.834, 1, 180, 0, 0
12.844, 1, 180, 0, 0
12.854, 1, 180, 0, 0
12.864, 1, 180, 0, 0
12.875, 1, 180, 0, 0
12.885, 1, 180, 0, 0
12.895, 1, 180, 0, 0
12.906, 1, 180, 0, 0
12.916, 1, 180, 0, 0
12.926, 1, 180, 0, 0
12.937, 1, 180, 0, 0
12.947, 1, 180, 0, 0
12.957, 1, 180, 0, 0
12.967, 1, 180, 0, 0
12.978, 1, 180, 0, 0
12.988, 1, 180, 0, 0
12.998, 1, 180, 0, 0
13.008, 1, 180, 0, 0
13.019, 1, 180, 0, 0
13.029, 1, 180, 0, 0
13.039, 1, 180, 0, 0
13.049, 1, 180, 0, 0
13.06, 1, 180, 0, 0
13.07, 1, 180, 0, 0
13.08, 1, 180, 0, 0
13.091, 1, 180, 0, 0
13.101, 1, 180, 0, 0
13.111, 1, 180, 0, 0
13.121, 1, 180, 0, 0
13.132, 1, 180, 0, 0
13.142, 1, 180, 0, 0
13.152, 1, 180, 0, 0
13.163, 1, 180, 0, 0
13.173, 1, 180, 0, 0
13.183, 1, 180, 0, 0
13.193, 1, 180, 0, 0
13.203, 1, 180, 0, 0
13.214, 1, 180, 0, 0
13.224, 1, 180, 0, 0
13.234, 1, 180, 0, 0
13.245, 1, 180, 0, 0
13.255, 1, 180, 0, 0
13.265, 1, 180, 0, 0
13.275, 1, 180, 0, 0
13.285, 1, 180, 0, 0
13.296, 1, 180, 0, 0
13.306, 1, 180, 0, 0
13.316, 1, 180, 0, 0
13.326, 1, 180, 0, 0
13.337, 1, 180, 0, 0
13.347, 1, 180, 0, 0
13.357, 1, 180, 0, 0
13.367, 1, 180, 0, 0
13.377, 1, 180, 0, 0
13.388, 1, 180, 0, 0
13.398, 1, 180, 0, 0
13.408, 1, 180, 0, 0
13.419, 1, 180, 0, 0
13.429, 1, 180, 0, 0
13.439, 1, 180, 0, 0
13.449, 1, 180, 0, 0
13.46, 1, 180, 0, 0
13.47, 1, 180, 0, 0
13.48, 1, 180, 0, 0
13.491, 1, 180, 0, 0
13.501, 1, 180, 0, 0
13.511, 1, 180, 0, 0
13.521, 1, 180, 0, 0
13.532, 1, 180, 0, 0
13.542, 1, 180, 0, 0
13.552, 1, 180, 0, 0
13.562, 1, 180, 0, 0
13.572, 1, 180, 0, 0
13.583, 1, 180, 0, 0
13.593, 1, 180, 0, 0
13.603, 1, 180, 0, 0
13.613, 1, 180, 0, 0
13.623, 1, 180, 0, 0
13.634, 1, 180, 0, 0
13.644, 1, 180, 0, 0
13.658, 1, 180, 0, 0
13.669, 1, 180, 0, 0
13.679, 1, 180, 0, 0
13.689, 1, 180, 0, 0
13.7, 1, 180, 0, 0
13.71, 1, 180, 0, 0
13.72, 1, 180, 0, 0
13.73, 1, 180, 0, 0
13.741, 1, 180, 0, 0
13.751, 1, 180, 0, 0
13.761, 1, 180, 0, 0
13.771, 1, 180, 0, 0
13.782, 1, 180, 0, 0
13.792, 1, 180, 0, 0
13.802, 1, 180, 0.478723, 1.39856e+07
13.813, 1, 180, 281.079, 0
13.823, 1, 180, 281.9, 0
13.833, 1, 180, 282.72, 0
13.843, 1, 180, 283.404, 0
13.854, 1, 180, 283.336, 0
13.865, 1, 180, 282.857, 0
13.875, 1, 180, 282.242, 0
13.885, 1, 180, 281.489, -2849.54
13.895, 1, 180, 280.737, 0
13.906, 1, 180, 279.916, -69.999
13.917, 1, 180, 279.096, -1953.97
13.927, 1, 180, 278.343, -7598.78
13.937, 1, 180, 277.933, -6411.47
13.948, 1, 180, 276.976, -5399.14
13.958, 1, 180, 276.292, -11893.7
13.968, 1, 180, 2.75567e+06, -8.34968e+10
13.979, 1, 180, 274.035, -7598.78
13.989, 1, 180, 273.283, -9325.78
13.999, 1, 180, 272.325, -3108.59
14.01, 1, 180, 271.573, -10798.3
14.02, 1, 180, 270.684, -6838.91
14.03, 1, 180, 269.932, -10798.3
14.04, 1, 180, 268.974, -6217.19
14.051, 1, 180, 268.29, -13677.8
14.061, 1, 180, 267.538, -12068.7
14.071, 1, 180, 266.649, -10521.4
14.082, 1, 180, 265.897, -12434.4
14.092, 1, 180, 264.871, -3156.42
14.102, 1, 180, 263.913, -404.669
14.113, 1, 180, 263.435, -2973.44
14.123, 1, 180, 262.682, -11398.2
14.133, 1, 180, 261.725, -6034.33
14.143, 1, 180, 260.973, -10942.2
14.154, 1, 180, 260.015, -8548.63
14.164, 1, 180, 259.263, -11398.2
14.174, 1, 180, 258.305, -12434.4
14.184, 1, 180, 257.553, -7598.78
14.194, 1, 180, 256.596, -8920.31
14.205, 1, 180, 255.912, -12434.4
14.215, 1, 180, 254.954, -10942.2
14.225, 1, 180, 254.271, -12434.4
14.235, 1, 180, 253.245, -7891.05
14.246, 1, 180, 252.561, -6034.33
14.256, 1, 180, 251.603, -8045.77
14.266, 1, 180, 250.919, -13677.8
14.276, 1, 180, 250.167, -11398.2
14.286, 1, 180, 249.21, -2120.59
14.297, 1, 180, 248.252, -3747.35
14.307, 1, 180, 247.432, -1972.76
14.318, 1, 180, 246.474, -6217.19
14.328, 1, 180, 245.79, -7598.78
14.338, 1, 180, 244.833, -10942.2
14.348, 1, 180, 244.149, -9769.87
14.359, 1, 180, 243.123, -4187.09
14.369, 1, 180, 242.439, -12434.4
14.379, 1, 180, 241.482, -83.5776
14.389, 1, 180, 240.729, -12434.4
14.4, 1, 180, 239.84, -7393.41
14.41, 1, 180, 238.815, -1486.72
14.42, 1, 180, 238.131, -8548.63
14.43, 1, 180, 237.173, -3108.59
14.441, 1, 180, 236.489, -10798.3
14.451, 1, 180, 235.532, -5699.09
14.461, 1, 180, 234.78, -10258.4
14.474, 1, 180, 233.754, -6217.19
14.484, 1, 180, 232.933, 0
14.495, 1, 180, 232.044, -7198.85
14.505, 1, 180, 231.223, 0
14.515, 1, 180, 230.403, -7598.78
14.525, 1, 180, 229.514, 0
14.535, 1, 180, 228.693, -5471.12
14.546, 1, 180, 227.804, 0
14.556, 1, 180, 226.983, -5260.7
14.566, 1, 180, 226.163, 0
14.576, 1, 180, 225.41, -3419.45
14.587, 1, 180, 224.521, -1799.71
14.597, 1, 180, 223.701, 0
14.607, 1, 180, 222.88, -5946.87
14.617, 1, 180, 222.059, -2206.1
14.627, 1, 180, 221.17, -6513.24
14.638, 1, 180, 220.35, 0
14.648, 1, 180, 219.529, -2532.93
14.658, 1, 180, 218.64, 0
14.668, 1, 180, 217.819, -7198.85
14.679, 1, 180, 216.998, -3256.62
14.689, 1, 180, 216.178, -1953.97
14.699, 1, 180, 215.357, -5065.86
14.709, 1, 180, 214.468, -11398.2
14.719, 1, 180, 213.647, -3256.62
14.73, 1, 180, 212.827, -4460.16
14.74, 1, 180, 212.006, -2849.54
14.75, 1, 180, 211.254, -3907.95
14.76, 1, 180, 210.296, 0
14.771, 1, 180, 209.476, -3552.68
14.781, 1, 180, 208.655, -3599.42
14.791, 1, 180, 207.834, -12434.4
14.802, 1, 180, 207.014, -5699.09
14.812, 1, 180, 206.193, -12434.4
14.822, 1, 180, 205.372, -5699.09
14.832, 1, 180, 204.483, -10798.3
14.842, 1, 180, 203.663, -7198.85
14.852, 1, 180, 202.842, -82.2948
14.863, 1, 180, 202.021, -9769.87
14.873, 1, 180, 201.064, -1882.27
14.883, 1, 180, 200.38, -6034.33
14.893, 1, 180, 199.491, -3108.59
14.904, 1, 180, 198.67, -2011.44
14.914, 1, 180, 197.85, -6217.19
14.924, 1, 180, 196.96, -8920.31
14.934, 1, 180, 196.14, -4884.93
14.945, 1, 180, 195.251, -8206.69
14.955, 1, 180, 194.498, -5946.87
14.965, 1, 180, 193.609, -9769.87
14.975, 1, 180, 192.789, -6513.24
14.986, 1, 180, 191.968, -7815.89
14.996, 1, 180, 191.147, -5946.87
15.006, 1, 180, 190.258, -8920.31
15.016, 1, 180, 189.438, -8548.63
15.026, 1, 180, 188.549, -8920.31
15.037, 1, 180, 187.728, -3907.95
15.047, 1, 180, 186.839, -9769.87
15.057, 1, 180, 186.087, -3696.71
15.068, 1, 180, 185.198, -7598.78
15.078, 1, 180, 184.24, -2182.63
15.088, 1, 180, 183.488, -1405.25
15.098, 1, 180, 182.736, -5699.09
15.109, 0.928252, 180, 181.847, -7598.78
15.119, 0.552112, 180, 181.026, -5471.12
15.129, 0.119894, 180, 180.068, -3599.42
15.139, 0.302409, 180, 179.111, -8045.77
15.151, 0.723085, 180, 178.29, -10258.4
15.161, 0.996641, 180, 177.812, -2072.4
15.171, 1, 180, 177.538, 0
15.181, 1, 180, 177.47, 0
15.191, 1, 180, 177.538, 3419.45
15.202, 1, 180, 177.743, 2973.44
15.212, 0.962447, 180, 178.222, 7598.78
15.222, 0.723085, 180, 178.769, 9325.78
15.232, 0.393108, 180, 179.384, 0
15.242, 1, 180, 0, 0
15.253, 1, 180, 0, 0
15.263, 1, 180, 0, 0
15.273, 1, 180, 0, 0
15.284, 1, 180, 0, 0
15.294, 1, 180, 0, 0
15.304, 1, 180, 0, 0
15.315, 1, 180, 0, 0
15.325, 1, 180, 0, 0
15.335, 1, 180, 0, 0
15.345, 1, 180, 0, 0
15.356, 1, 180, 0, 0
15.366, 1, 180, 0, 0
15.376, 1, 180, 0, 0
15.386, 1, 180, 0, 0
15.396, 1, 180, 0, 0
15.407, 1, 180, 0, 0
15.417, 1, 180, 0, 0
15.427, 1, 180, 0, 0
15.438, 1, 180, 0, 0
15.448, 1, 180, 0, 0
15.458, 1, 180, 0, 0
15.468, 1, 180, 0, 0
15.479, 1, 180, 0, 0
15.489, 1, 180, 0, 0
15.499, 1, 180, 0, 0
15.509, 1, 180, 0, 0
15.52, 1, 180, 0, 0
15.53, 1, 180, 0, 0
15.54, 1, 180, 0, 0
15.55, 1, 180, 0, 0
15.56, 1, 180, 0, 0
15.571, 1, 180, 0, 0
15.581, 1, 180, 0, 0
15.591, 1, 180, 0, 0
15.601, 1, 180, 0, 0
15.612, 1, 180, 0, 0
15.622, 1, 180, 0, 0
15.632, 1, 180, 0, 0
15.642, 1, 180, 0, 0
15.653, 1, 180, 0, 0
15.663, 1, 180, 0, 0
15.673, 1, 180, 0, 0
15.683, 1, 180, 0, 0
15.694, 1, 180, 0, 0
15.704, 1, 180, 0, 0
15.714, 1, 180, 0, 0
15.725, 1, 180, 0, 0
15.735, 1, 180, 0, 0
15.745, 1, 180, 0, 0
15.756, 1, 180, 0, 0
15.766, 1, 180, 0, 0
15.776, 1, 180, 0, 0
15.787, 1, 180, 0, 0
15.797, 1, 180, 0, 0
15.807, 1, 180, 0, 0
15.818, 1, 180, 0, 0
15.828, 1, 180, 0, 0
15.838, 1, 180, 0, 0
15.848, 1, 180, 0, 0
15.858, 1, 180, 0, 0
15.869, 1, 180, 0, 0
15.879, 1, 180, 0, 0
15.889, 1, 180, 0, 0
15.9, 1, 180, 0, 0
15.91, 1, 180, 0, 0
15.92, 1, 180, 0, 0
15.93, 1, 180, 0, 0
15.941, 1, 180, 0, 0
15.951, 1, 180, 0, 0
15.961, 1, 180, 0, 0
15.971, 1, 180, 0, 0
15.982, 1, 180, 0, 0
15.992, 1, 180, 0, 0
16.002, 1, 180, 0, 0
16.012, 1, 180, 0, 0
16.023, 1, 180, 0, 0
16.033, 1, 180, 0, 0
16.044, 1, 180, 0, 0
16.054, 1, 180, 0, 0
16.064, 1, 180, 0, 0
16.074, 1, 180, 0, 0
16.085, 1, 180, 0, 0
16.095, 1, 180, 0, 0
16.105, 1, 180, 0, 0
16.115, 1, 180, 0, 0
16.126, 1, 180, 0, 0
16.136, 1, 180, 0, 0
16.147, 1, 180, 0, 0
16.157, 1, 180, 0, 0
16.168, 1, 180, 0, 0
16.178, 1, 180, 0, 0
16.188, 1, 180, 0, 0
16.198, 1, 180, 0, 0
16.208, 1, 180, 0, 0
16.219, 1, 180, 0, 0
16.229, 1, 180, 0, 0
16.239, 1, 180, 0, 0
16.249, 1, 180, 0, 0
16.26, 1, 180, 0, 0
16.27, 1, 180, 0, 0
16.28, 1, 180, 0, 0
16.29, 1, 180, 0, 0
16.301, 1, 180, 0, 0
16.311, 1, 180, 0, 0
16.321, 1, 180, 0, 0
16.331, 1, 180, 0, 0
16.343, 1, 180, 0, 0
16.353, 1, 180, 0, 0
16.363, 1, 180, 0, 0
16.374, 1, 180, 0, 0
16.384, 1, 180, 0, 0
16.394, 1, 180, 0, 0
16.405, 1, 180, 0, 0
16.415, 1, 180, 0, 0
16.425, 1, 180, 0, 0
16.436, 1, 180, 0, 0
16.446, 1, 180, 0, 0
16.456, 1, 180, 0, 0
16.466, 1, 180, 0, 0
16.477, 1, 180, 0, 0
16.487, 1, 180, 0, 0
16.497, 1, 180, 0, 0
16.507, 1, 180, 0, 0
16.518, 1, 180, 0, 0
16.528, 1, 180, 0, 0
16.538, 1, 180, 0, 0
16.548, 1, 180, 0, 0
16.559, 1, 180, 0, 0
16.569, 1, 180, 0, 0
16.579, 1, 180, 0, 0
16.589, 1, 180, 0, 0
16.599, 1, 180, 0, 0
16.61, 1, 180, 0, 0
16.62, 1, 180, 0, 0
16.63, 1, 180, 0, 0
16.641, 1, 180, 0, 0
16.651, 1, 180, 0, 0
16.661, 1, 180, 0, 0
16.671, 1, 180, 0, 0
16.681, 1, 180, 0, 0
16.692, 1, 180, 0, 0
16.702, 1, 180, 0, 0
16.712, 1, 180, 0, 0
16.722, 1, 180, 0, 0
16.732, 1, 180, 0, 0
16.743, 1, 180, 0, 0
16.753, 1, 180, 0, 0
16.764, 1, 180, 0, 0
16.774, 1, 180, 0, 0
16.784, 1, 180, 0, 0
16.795, 1, 180, 0, 0
16.805, 1, 180, 0, 0
16.815, 1, 180, 0, 0
16.825, 1, 180, 0, 0
16.836, 1, 180, 0, 0
16.846, 1, 180, 0, 0
16.856, 1, 180, 0, 0
16.866, 1, 180, 0, 0
16.877, 1, 180, 0, 0
16.887, 1, 180, 0, 0
16.897, 1, 180, 0, 0
16.907, 1, 180, 0, 0
16.918, 1, 180, 0, 0
16.928, 1, 180, 0, 0
16.938, 1, 180, 0, 0
16.948, 1, 180, 0, 0
16.959, 1, 180, 0, 0
16.969, 1, 180, 0, 0
16.979, 1, 180, 0, 0
16.99, 1, 180, 0, 0
17, 1, 180, 0, 0
17.01, 1, 180, 0, 0
17.02, 1, 180, 0, 0
17.031, 1, 180, 0, 0
17.041, 1, 180, 0, 0
17.051, 1, 180, 0, 0
17.061, 1, 180, 0, 0
17.071, 1, 180, 0, 0
17.082, 1, 180, 0, 0
17.092, 1, 180, 0, 0
17.102, 1, 180, 0, 0
17.112, 1, 180, 0, 0
17.123, 1, 180, 0, 0
17.133, 1, 180, 0, 0
17.143, 1, 180, 0, 0
17.154, 1, 180, 0, 0
17.164, 1, 180, 0, 0
17.174, 1, 180, 0, 0
17.184, 1, 180, 0, 0
17.194, 1, 180, 0, 0
17.205, 1, 180, 0, 0
17.215, 1, 180, 0, 0
17.225, 1, 180, 0, 0
17.236, 1, 180, 0, 0
17.246, 1, 180, 0, 0
17.256, 1, 180, 0, 0
17.266, 1, 180, 0, 0
17.276, 1, 180, 0, 0
17.287, 1, 180, 0, 0
17.297, 1, 180, 0, 0
17.307, 1, 180, 0, 0
17.317, 1, 180, 0, 0
17.328, 1, 180, 0, 0
17.338, 1, 180, 0, 0
17.348, 1, 180, 0, 0
17.358, 1, 180, 0, 0
17.369, 1, 180, 0, 0
17.379, 1, 180, 0, 0
17.389, 1, 180, 0, 0
17.399, 1, 180, 0, 0
17.409, 1, 180, 0, 0
17.42, 1, 180, 0, 0
17.43, 1, 180, 0, 0
17.44, 1, 180, 0, 0
17.451, 1, 180, 0, 0
17.461, 1, 180, 0, 0
17.471, 1, 180, 0, 0
17.481, 1, 180, 0, 0
17.492, 1, 180, 0, 0
17.502, 1, 180, 0, 0
17.512, 1, 180, 0, 0
17.523, 1, 180, 0, 0
17.533, 1, 180, 0, 0
17.543, 1, 180, 0, 0
17.554, 1, 180, 0, 0
17.564, 1, 180, 0, 0
17.575, 1, 180, 0, 0
17.585, 1, 180, 0, 0
17.595, 1, 180, 0, 0
17.605, 1, 180, 0, 0
17.616, 1, 180, 0, 0
17.626, 1, 180, 0, 0
17.636, 1, 180, 0, 0
17.646, 1, 180, 0, 0
17.656, 1, 180, 0, 0
17.667, 1, 180, 0, 0
17.677, 1, 180, 0, 0
17.687, 1, 180, 0, 0
17.697, 1, 180, 0, 0
17.708, 1, 180, 0, 0
17.718, 1, 180, 0, 0
17.728, 1, 180, 0, 0
17.738, 1, 180, 0, 0
17.749, 1, 180, 0, 0
17.759, 1, 180, 0, 0
17.769, 1, 180, 0, 0
17.779, 1, 180, 0, 0
17.79, 1, 180, 0, 0
17.8, 1, 180, 0, 0
17.81, 1, 180, 0, 0
17.82, 1, 180, 0, 0
17.831, 1, 180, 0, 0
17.841, 1, 180, 0, 0
17.851, 1, 180, 0, 0
17.862, 1, 180, 0, 0
17.872, 1, 180, 0, 0
17.882, 1, 180, 0, 0
17.893, 1, 180, 0, 0
17.903, 1, 180, 0, 0
17.913, 1, 180, 0, 0
17.924, 1, 180, 0, 0
17.934, 1, 180, 0, 0
17.944, 1, 180, 0, 0
17.955, 1, 180, 0, 0
17.965, 1, 180, 0, 0
17.975, 1, 180, 0, 0
17.985, 1, 180, 0, 0
17.995, 1, 180, 0, 0
18.005, 1, 180, 0, 0
18.016, 1, 180, 0, 0
18.026, 1, 180, 0, 0
18.036, 1, 180, 0, 0
18.046, 1, 180, 0, 0
18.057, 1, 180, 0, 0
18.067, 1, 180, 0, 0
18.078, 1, 180, 0, 0
18.088, 1, 180, 0, 0
18.098, 1, 180, 0, 0
18.108, 1, 180, 0, 0
18.118, 1, 180, 0, 0
18.129, 1, 180, 0, 0
18.139, 1, 180, 0, 0
18.149, 1, 180, 0, 0
18.16, 1, 180, 0, 0
18.17, 1, 180, 0, 0
18.18, 1, 180, 0, 0
18.19, 1, 180, 0, 0
18.2, 1, 180, 0, 0
18.211, 1, 180, 0, 0
18.221, 1, 180, 0, 0
18.231, 1, 180, 0, 0
18.241, 1, 180, 0, 0
18.252, 1, 180, 0, 0
18.262, 1, 180, 0, 0
18.272, 1, 180, 0, 0
18.282, 1, 180, 0, 0
18.292, 1, 180, 0, 0
18.303, 1, 180, 0, 0
18.313, 1, 180, 0, 0
18.323, 1, 180, 0, 0
18.333, 1, 180, 0, 0
18.344, 1, 180, 0, 0
18.354, 1, 180, 0, 0
18.364, 1, 180, 0, 0
18.374, 1, 180, 0, 0
18.384, 1, 180, 0, 0
18.395, 1, 180, 0, 0
18.405, 1, 180, 0, 0
18.416, 1, 180, 0, 0
18.426, 1, 180, 0, 0
18.436, 1, 180, 0, 0
18.446, 1, 180, 0, 0
18.457, 1, 180, 0, 0
18.467, 1, 180, 0, 0
18.477, 1, 180, 0, 0
18.487, 1, 180, 0, 0
18.498, 1, 180, 0, 0
18.508, 1, 180, 0, 0
18.518, 1, 180, 0, 0
18.528, 1, 180, 0, 0
18.539, 1, 180, 0, 0
18.549, 1, 180, 0, 0
18.559, 1, 180, 0, 0
18.569, 1, 180, 0, 0
18.58, 1, 180, 0, 0
18.59, 1, 180, 0, 0
18.6, 1, 180, 0, 0
18.611, 1, 180, 0, 0
18.621, 1, 180, 0, 0
18.631, 1, 180, 0, 0
18.642, 1, 180, 0, 0
18.652, 1, 180, 0, 0
18.666, 1, 180, 0, 0
18.677, 1, 180, 0, -43520.3
18.687, 1, 180, 0, 0
18.697, 1, 180, 0, 0
18.708, 1, 180, 0, 0
18.718, 1, 180, 0, 0
18.728, 1, 180, 0, 0
18.738, 1, 180, 0, 0
18.748, 1, 180, 0, 0
18.759, 1, 180, 0, 0
18.769, 1, 180, 0, 0
18.779, 1, 180, 0, 0
18.789, 1, 180, 0, 0
