0, 1.81468e-312, 4.94066e-324, 0, 0
0.011, 1, 180, 0.0683891, -4559.27
0.023, 1, 180, 0.341945, 0
0.033, 1, 180, 1.09422, 0
0.043, 1, 180, 1.98328, 0
0.054, 1, 180, 2.59878, 0
0.064, 1, 180, 4.17173, 1424.77
0.074, 1, 180, 5.94985, 0
0.084, 1, 180, 7.79635, 0
0.095, 1, 180, 9.77964, 0
0.105, 1, 180, 10.7371, 0
0.115, 1, 180, 12.8571, 1199.81
0.126, 1, 180, 15.114, 0
0.136, 1, 180, 17.3024, 1068.58
0.146, 1, 180, 18.6702, 0
0.157, 1, 180, 20.8587, 0
0.167, 1, 180, 22.9787, 876.783
0.178, 1, 180, 25.304, 1159.14
0.188, 1, 180, 27.5608, 0
0.198, 1, 180, 28.655, 98.5433
0.21, 1, 180, 30.9802, 844.309
0.22, 1, 180, 33.3739, 0
0.231, 1, 180, 35.8359, 0
0.241, 1, 180, 38.0927, 0
0.251, 1, 180, 38.0927, 414654
0.262, 1, 180, 40.5547, 0
0.272, 1, 180, 43.0167, 301.273
0.284, 1, 180, 45.6155, 0
0.295, 1, 180, 48.1459, 297.344
0.306, 1, 180, 49.7188, 0
0.317, 1, 180, 52.4544, 275.762
0.328, 1, 180, 54.3693, -1.23722e+06
0.34, 1, 180, -4.3769, 0
0.351, 1, 180, -1.98328, 2711.46
0.362, 1, 180, -6.70213, 967.77
0.373, 1, 180, -4.10334, 1809.23
0.383, 1, 180, -2.25684, 0
0.394, 1, 180, -0.820669, -9049.81
0.406, 1, 180, -4.71884, 4293.48
0.417, 1, 180, 0, 7.23183e+06
0.429, 1, 180, -1.16261, 5611.41
0.44, 1, 180, -5.33435, 6411.47
0.45, 1, 180, -3.00912, 2836.41
0.461, 1, 180, -0.547112, -30076.9
0.473, 1, 180, -4.65046, 12275
0.483, 1, 180, -2.5304, 4935.29
0.495, 1, 180, -0.0683891, -28813.7
0.506, 1, 180, -4.17173, 3149.5
0.517, 1, 180, -1.98328, 7598.78
0.528, 1, 180, -6.29179, 4902.44
0.539, 1, 180, -3.69301, 4230.25
0.55, 1, 180, -1.231, -18359.5
0.561, 1, 180, -5.33435, 3049.19
0.572, 1, 180, -3.55623, 8045.77
0.582, 1, 180, -1.16261, -65975.3
0.593, 1, 180, -5.53951, 12501.2
0.603, 1, 180, -3.1459, 31422
0.614, 1, 180, -0.820669, -91553.1
0.624, 1, 180, -5.33435, 31422
0.634, 1, 180, -3.00912, 30395.1
0.645, 1, 180, -1.64134, 23447.7
0.655, 1, 180, -6.36018, 34194.5
0.665, 1, 180, -4.03495, 35230.7
0.676, 1, 180, -1.70973, 33158.3
0.686, 1, 180, 0, 0
0.696, 1, 180, -5.19757, 5699.09
0.707, 1, 180, -2.94073, 0
0.717, 1, 180, -0.889058, 3507.13
0.727, 1, 180, -5.67629, 12822.9
0.737, 1, 180, -3.55623, 14506.8
0.748, 1, 180, -1.50456, 18651.6
0.758, 1, 180, -6.56535, 5260.7
0.768, 1, 180, -4.3769, 2072.4
0.779, 1, 180, -2.25684, 3696.71
0.789, 1, 180, -0.205167, -193099
0.8, 1, 180, -4.92401, 7198.85
0.81, 1, 180, -2.80395, 14080.1
0.82, 1, 180, -0.820669, 22125.9
0.83, 1, 180, -5.81307, 4716.49
0.841, 1, 180, -3.62462, 0
0.851, 1, 180, -1.57295, 3336.05
0.861, 1, 180, -6.36018, 8548.63
0.871, 1, 180, -4.3769, 13297.9
0.882, 1, 180, -2.32523, 6217.19
0.892, 1, 180, -0.478723, 5699.09
0.902, 1, 180, -5.12918, 0
0.912, 1, 180, -3.00912, 2072.4
0.923, 1, 180, -1.02584, 6838.91
0.933, 1, 180, -5.81307, 11090.1
0.943, 1, 180, -3.7614, 14960.1
0.953, 1, 180, -2.18845, 12068.7
0.964, 1, 180, 0, -177442
0.974, 1, 180, -4.51368, 5260.7
0.984, 1, 180, -2.5304, 8289.58
0.994, 1, 180, -0.478723, 11090.1
1.005, 1, 180, -5.33435, 10727.7
1.015, 1, 180, -3.28267, 17585.8
1.025, 1, 180, -1.57295, 38364.6
1.036, 1, 180, 198.67, 0
1.046, 1, 180, 200.79, 712.386
1.057, 1, 180, 202.842, 1590.44
1.069, 1, 180, 204.005, 331.986
1.08, 1, 180, 204.62, 0
1.09, 1, 180, 204.757, 0
1.101, 1, 180, 204.62, 0
1.112, 1, 180, 204.141, 0
1.122, 1, 180, 203.457, 0
1.132, 1, 180, 202.705, 0
1.143, 1, 180, 201.337, 0
1.154, 1, 180, 199.833, 0
1.164, 1, 180, 198.67, 0
1.175, 1, 180, 196.619, 0
1.186, 1, 180, 194.43, 0
1.196, 1, 180, 192.447, -651.324
1.207, 1, 180, 190.805, 0
1.218, 1, 180, 188.48, 0
1.228, 1, 180, 186.087, 0
1.24, 1, 180, 184.582, 0
1.251, 1, 180, 181.778, 0
1.262, 0.239362, 180, 179.316, -52.8918
1.275, 0.444529, 180, 7.40673e+07, -3.04803e+11
1.286, 1, 180, 176.17, -9983.8
1.296, 1, 180, 173.708, -2066.7
1.307, 1, 180, 172.546, -2230.08
1.317, 1, 180, 172.204, 0
1.328, 1, 180, 172.272, 616.118
1.338, 1, 180, 172.614, 4022.89
1.348, 1, 180, 173.229, 198.038
1.36, 1, 180, 174.119, 2605.3
1.37, 1, 180, 175.35, 1590.44
1.381, 1, 180, 176.854, 4170.06
1.391, 1, 180, 177.743, 17097.3
1.402, 0.547112, 180, 179.59, 13677.8
1.412, 0.37614, 180, 181.778, 17097.3
1.423, 1, 180, 183.83, 11893.7
1.433, 1, 180, 184.787, 9325.78
1.443, 1, 180, 185.813, 8289.58
1.453, 1, 180, 186.223, 0
1.464, 1, 180, 186.223, -2791.39
1.474, 1, 180, 185.881, -2910.17
1.484, 1, 180, 185.608, -1.02283e+08
1.495, 1, 180, -6.42857, 120003
1.505, 1, 180, -0.75228, -10991.1
1.516, 1, 180, -1.98328, -2825.99
1.526, 1, 180, -2.73556, -3039.51
1.537, 1, 180, -3.00912, 0
1.547, 1, 180, -2.94073, 2206.1
1.557, 1, 180, -2.73556, 4636.55
1.568, 1, 180, -2.12006, 8548.63
1.579, 1, 180, -1.16261, 5545.06
1.59, 1, 180, -6.77052, 7742.16
1.601, 1, 180, -5.19757, 4610.5
1.611, 1, 180, -65965.6, -1.55585e+07
1.621, 1, 180, 188.07, 10258.4
1.632, 1, 180, 189.848, 7669.8
1.642, 1, 180, 191.763, 5260.7
1.653, 1, 180, 193.678, 6925.47
1.663, 1, 180, 194.704, 2120.59
1.674, 1, 180, 195.182, 1709.73
1.684, 1, 180, 195.251, 0
1.694, 1, 180, -2.94073, -4716.49
1.705, 1, 180, -3.35106, -5260.7
1.715, 1, 180, -4.03495, -4559.27
1.725, 1, 180, -4.65046, -3871.08
1.736, 1, 180, -4.92401, 115.914
1.747, 1, 180, -4.85562, 1536.83
1.757, 1, 180, -4.44529, 4884.93
1.768, 1, 180, -3.82979, 1953.97
1.778, 1, 180, -2.94073, 2999.52
1.789, 1, 180, -1.64134, 13433.6
1.799, 1, 180, -0.410334, 5103.66
1.809, 1, 180, -5.6079, 8165.86
1.82, 1, 180, -3.82979, 14149.5
1.83, 1, 180, -1.91489, 7598.78
1.841, 1, 180, -6.63374, 15085.8
1.851, 1, 180, -4.92401, 7494.69
1.862, 1, 180, -2.94073, 21042.8
1.872, 1, 180, -0.889058, -74606.2
1.882, 1, 180, -5.67629, 9498.48
1.893, 1, 180, -3.62462, 8850.35
1.903, 1, 180, -1.57295, 22796.4
1.913, 1, 180, -6.29179, 20516.7
1.924, 1, 180, -3.89818, 14589.7
1.934, 1, 180, 223.769, 0
1.945, 1, 180, 225.342, 0
1.955, 1, 180, 227.394, 1848.35
1.965, 1, 180, 229.514, 1367.78
1.976, 1, 180, 231.771, 0
1.986, 1, 180, 232.796, 0
1.996, 1, 180, 233.343, 0
2.007, 1, 180, 233.549, 0
2.018, 1, 180, 233.48, 0
2.028, 1, 180, 233.07, 0
2.038, 1, 180, 232.249, 0
2.049, 1, 180, 231.565, -834.013
2.059, 1, 180, 230.403, 0
2.069, 1, 180, 228.967, 0
2.08, 1, 180, 227.325, 0
2.09, 1, 180, 225.342, -560.566
2.1, 1, 180, 223.29, 0
2.111, 1, 180, 221.307, 0
2.121, 1, 180, 219.939, 0
2.131, 1, 180, 217.888, 0
2.142, 1, 180, 215.904, -876.783
2.152, 1, 180, 213.784, -911.854
2.163, 1, 180, 211.527, -542.77
2.173, 1, 180, 209.818, 0
2.184, 1, 180, 207.698, 0
2.194, 1, 180, 205.578, -621.719
2.205, 1, 180, 203.252, 0
2.216, 1, 180, 201.269, -211.077
2.227, 1, 180, 199.012, 0
2.237, 1, 180, 196.824, -242.514
2.248, 1, 180, 194.293, -204.758
2.259, 1, 180, 192.242, -584.522
2.27, 1, 180, 189.916, -255.183
2.281, 1, 180, 187.591, -149.648
2.292, 1, 180, 185.198, 0
2.303, 1, 180, 182.872, -224.226
2.314, 1, 180, 180.616, 0
2.325, 0.410334, 180, 178.085, -185.336
2.337, 1, 180, 176.17, -789.105
2.348, 1, 180, 173.298, -281.436
2.359, 1, 180, 171.657, -952.052
2.37, 1, 180, 170.289, 0
2.382, 1, 180, 169.878, 0
2.392, 1, 180, 169.878, 0
2.404, 1, 180, 170.22, 0
2.415, 1, 180, 170.904, 0
2.426, 1, 180, 171.862, 0
2.437, 1, 180, 173.093, 0
2.447, 1, 180, 174.529, 645.18
2.458, 1, 180, 176.102, 0
2.469, 1, 180, 178.085, 0
2.48, 0.820669, 180, 180, 0
2.491, 0.478723, 180, 181.983, 289.784
2.502, 1, 180, 184.172, 0
2.513, 1, 180, 186.223, 1005.72
2.524, 1, 180, 187.933, 0
2.534, 1, 180, 188.617, 0
2.544, 1, 180, 188.822, 0
2.555, 1, 180, 188.754, 0
2.566, 1, 180, 188.343, 0
2.576, 1, 180, 187.66, 0
2.587, 1, 180, 186.771, -645.18
2.597, 1, 180, 185.54, 0
2.608, 1, 180, 184.103, 0
2.619, 1, 180, 182.394, 0
2.631, 0.649696, 180, 180.752, -283.772
2.641, 0.410334, 180, 178.769, 0
2.652, 1, 180, 176.649, -291.017
2.663, 1, 180, 174.597, 0
2.674, 1, 180, 173.503, -999.84
2.685, 1, 180, 172.546, -239.962
2.696, 1, 180, 172.272, 0
2.707, 1, 180, 172.272, 639.15
2.718, 1, 180, 172.614, 1199.81
2.729, 1, 180, 172.956, 1036.2
2.74, 1, 180, 173.982, 4062.72
2.751, 1, 180, 175.35, 880.546
2.762, 1, 180, 176.17, 4412.2
2.772, 1, 180, 178.085, 5416.96
2.783, 0.683891, 180, 179.179, 5210.59
2.794, 0.239362, 180, 181.436, 5471.12
2.805, 1, 180, 182.394, 0
2.816, 1, 180, 184.445, 7030.65
2.826, 1, 180, 186.36, 347.153
2.838, 1, 180, 187.865, 1334.42
2.849, 1, 180, 188.48, 899.856
2.86, 1, 180, 188.685, 0
2.871, 1, 180, 188.549, -1395.7
2.882, 1, 180, 187.933, -1761.09
2.893, 1, 180, 187.386, -1848.35
2.904, 1, 180, 186.292, -3799.39
2.915, 1, 180, 185.198, -39893.6
2.926, 1, 180, 183.693, 0
2.937, 1, 180, 181.71, -283.772
2.948, 0.273556, 180, 180.205, -350.713
2.959, 0.923252, 180, 178.153, -345.399
2.97, 1, 180, 175.623, -1260.63
2.981, 1, 180, 173.913, -1290.36
2.992, 1, 180, 171.52, -690.799
3.003, 1, 180, 170.22, 0
3.014, 1, 180, 169.947, 0
3.024, 1, 180, 169.878, 0
3.035, 1, 180, 170.084, 0
3.046, 1, 180, 170.426, 651.324
3.056, 1, 180, 171.383, 0
3.067, 1, 180, 172.204, 0
3.077, 1, 180, 173.435, 0
3.088, 1, 180, 175.213, 0
3.098, 1, 180, 177.333, 0
3.108, 0.718085, 180, 179.521, 1799.71
3.119, 0.307751, 180, 181.573, 1848.35
3.129, 1, 180, 183.625, 0
3.139, 1, 180, 185.676, 0
3.15, 1, 180, 187.318, 0
3.16, 1, 180, 187.865, -6.02707e+12
3.171, 1, 180, -2.94073, 1899.7
3.181, 1, 180, -2.66717, 0
3.191, 1, 180, -2.66717, -3907.95
3.202, 1, 180, -3.00912, -6034.33
3.212, 1, 180, -3.48784, -1899.7
3.223, 1, 180, -3.62462, 0
3.236, 1, 180, -3.55623, 2051.67
3.246, 1, 180, -3.1459, 3319.86
3.257, 1, 180, -2.46201, 13677.8
3.267, 1, 180, -1.43617, 9325.78
3.278, 1, 180, -0.205167, -99780.8
3.288, 1, 180, -5.47112, 26148.8
3.298, 1, 180, -3.62462, 15068.8
3.308, 1, 180, 0, 5.60986e+06
3.319, 1, 180, 197.781, 1799.71
3.329, 1, 180, 199.696, 2011.44
3.339, 1, 180, 201.679, 0
3.35, 1, 180, 203.663, 0
3.36, 1, 180, 205.646, 0
3.37, 1, 180, 206.74, 0
3.38, 1, 180, 207.219, 0
3.391, 1, 180, 207.356, 0
3.401, 1, 180, 207.219, 0
3.411, 1, 180, 206.809, 0
3.422, 1, 180, 206.261, 0
3.432, 1, 180, 205.304, -2137.16
3.442, 1, 180, 204.005, 0
3.452, 1, 180, 202.5, -1953.97
3.463, 1, 180, 201.132, 0
3.473, 1, 180, 199.422, 0
3.483, 1, 180, 197.508, 0
3.494, 1, 180, 195.593, 0
3.504, 1, 180, 193.678, -2072.4
3.514, 1, 180, 191.695, 0
3.524, 1, 180, 189.711, -2072.4
3.534, 1, 180, 187.66, 0
3.545, 1, 180, 185.676, 0
3.555, 1, 180, 183.214, 0
3.565, 0.820669, 180, 181.094, 0
3.575, -0, 180, 179.658, -2011.44
3.586, 1, 180, 177.606, -1848.35
3.596, 1, 180, 175.623, 0
3.606, 1, 180, 173.571, 0
3.616, 1, 180, 171.725, -2072.4
3.627, 1, 180, 170.631, 0
3.637, 1, 180, 170.152, 0
3.647, 1, 180, 170.084, 0
3.657, 1, 180, 170.289, 0
3.668, 1, 180, 170.631, 0
3.678, 1, 180, 171.246, 0
3.688, 1, 180, 172.204, 0
3.698, 1, 180, 173.366, 0
3.709, 1, 180, 174.802, 0
3.719, 1, 180, 176.581, 0
3.729, 1, 180, 178.153, 786.081
3.74, 0.239362, 180, 180, 474.924
3.75, 0.820669, 180, 181.915, 435.599
3.761, 1, 180, 183.898, 0
3.772, 1, 180, 185.95, 0
3.783, 1, 180, 187.728, 0
3.794, 1, 180, 188.822, 0
3.805, 1, 180, 189.301, 0
3.816, 1, 180, 189.438, 0
3.828, 1, 180, 189.164, 0
3.839, 1, 180, 188.754, -151.976
3.851, 1, 180, 187.865, -179.971
3.862, 1, 180, 186.771, -147.39
3.874, 1, 180, 185.471, 0
3.885, 1, 180, 183.761, -156.139
3.897, 1, 180, 181.915, -106.194
3.909, 0.581307, 180, 180, 0
3.921, 0.581307, 180, 177.812, -333.605
3.931, 1, 180, 175.623, -1536.83
3.942, 1, 180, 173.298, -3799.39
3.952, 1, 180, 170.767, 0
3.962, 1, 180, 169.4, 0
3.973, 1, 180, 168.784, 0
3.983, 1, 180, 168.647, 0
3.994, 1, 180, 168.716, 0
4.004, 1, 180, 169.058, 0
4.014, 1, 180, 169.673, 0
4.025, 1, 180, 170.631, 0
4.035, 1, 180, 171.793, 0
4.045, 1, 180, 173.298, 0
4.056, 1, 180, 175.008, 0
4.066, 1, 180, 176.922, 0
4.076, 1, 180, -1.36778e+08, 7494.69
4.087, 1, 180, -4.51368, 3842.08
4.097, 1, 180, -2.46201, 5861.92
4.108, 1, 180, -0.341945, 899.856
4.118, 1, 180, -5.06079, 0
4.128, 1, 180, -3.07751, 1899.7
4.139, 1, 180, -1.02584, 1709.73
4.149, 1, 180, -5.81307, 2910.17
4.159, 1, 180, -3.7614, 3561.93
4.17, 1, 180, -1.70973, 6411.47
4.18, 1, 180, -6.49696, 5882.93
4.191, 1, 180, -4.44529, 8656.84
4.201, 1, 180, -2.73556, 9241.76
4.211, 1, 180, -0.547112, 5699.09
4.222, 1, 180, -5.19757, 1953.97
4.232, 1, 180, -3.07751, 0
4.243, 1, 180, -0.957447, 804.577
4.253, 1, 180, -5.74468, 3507.13
4.263, 1, 180, -3.69301, 5004.08
4.273, 1, 180, -1.64134, 10685.8
4.284, 1, 180, -0.205167, -155585
4.294, 1, 180, -4.85562, 13297.9
4.304, 1, 180, -2.59878, 6838.91
4.315, 1, 180, -0.478723, 3907.95
4.325, 1, 180, -5.12918, 1753.57
4.335, 1, 180, -3.07751, 7393.41
4.345, 1, 180, -1.02584, 11133.1
4.356, 1, 180, -6.29179, 15957.4
4.366, 1, 180, -4.10334, 10685.8
4.376, 1, 180, -1.91489, 8548.63
4.387, 1, 180, -6.56535, 2137.16
4.397, 1, 180, -4.3769, 2206.1
4.407, 1, 180, -2.32523, 6411.47
4.418, 1, 180, -0.273556, -240628
4.428, 1, 180, -5.67629, 16579.2
4.438, 1, 180, -3.48784, 12822.9
4.449, 1, 180, -1.29939, 8289.58
4.459, 1, 180, -5.94985, 4144.79
4.469, 1, 180, -3.7614, 0
4.48, 1, 180, -1.70973, 4412.2
4.49, 1, 180, -6.49696, 10685.8
4.5, 1, 180, -5.06079, 17097.3
4.51, 1, 180, -3.89818, 27725.3
4.521, 1, 180, -1.70973, 34194.5
4.531, 1, 180, -6.36018, 34194.5
4.541, 1, 180, -4.17173, 36474.2
4.552, 1, 180, -1.02584, 3799.39
4.562, 1, 180, -5.81307, 7198.85
4.572, 1, 180, -3.7614, 10685.8
4.582, 1, 180, -1.77812, 14960.1
4.593, 1, 180, -0.205167, -147911
4.603, 1, 180, -4.92401, 9498.48
4.613, 1, 180, -2.73556, 6618.3
4.623, 1, 180, -0.615502, 2072.4
4.634, 1, 180, -5.33435, 0
4.644, 1, 180, -3.28267, 1899.7
4.654, 1, 180, -1.29939, 8548.63
4.664, 1, 180, -6.08663, 9241.76
4.674, 1, 180, -4.03495, 15442.7
4.685, 1, 180, -2.46201, 15442.7
4.695, 1, 180, -0.273556, 7198.85
4.705, 1, 180, -4.9924, 4884.93
4.716, 1, 180, -2.80395, 2206.1
4.726, 1, 180, -0.683891, 0
4.736, 1, 180, -5.47112, 5861.92
4.746, 1, 180, -3.41945, 10685.8
4.757, 1, 180, -1.98328, 18651.6
4.767, 1, 180, -6.56535, 12068.7
4.777, 1, 180, -4.3769, 8548.63
4.787, 1, 180, -2.18845, 2072.4
4.798, 1, 180, 0, 0
4.808, 1, 180, -4.85562, 6411.47
4.818, 1, 180, -2.73556, 8289.58
4.828, 1, 180, -1.29939, 15197.6
4.839, 1, 180, -5.94985, 10798.3
4.85, 1, 180, -3.69301, 7327.4
4.86, 1, 180, -1.43617, 0
4.87, 1, 180, -6.2234, 2137.16
4.88, 1, 180, -4.17173, 8289.58
4.891, 1, 180, -2.05167, 10362
4.901, 1, 180, -0.547112, 16579.2
4.911, 1, 180, -5.19757, 11723.8
4.922, 1, 180, -3.00912, 7393.41
4.932, 1, 180, -0.820669, 2072.4
4.942, 1, 180, -5.47112, 0
4.953, 1, 180, -3.48784, 5861.92
4.963, 1, 180, -1.36778, 7014.26
4.973, 1, 180, 0, -138298
4.984, 1, 180, -4.58207, 12434.4
4.994, 1, 180, -2.39362, 8548.63
5.004, 1, 180, -0.136778, 2206.1
5.014, 1, 180, -5.88146, 33091.5
5.025, 1, 180, -3.62462, 24137.3
5.035, 1, 180, -1.43617, 22796.4
5.045, 1, 180, -6.08663, 15197.6
5.055, 1, 180, -3.48784, 14960.1
5.066, 1, 180, -1.91489, 14080.1
5.076, 1, 180, -6.56535, 9241.76
5.086, 1, 180, -4.3769, 5861.92
5.097, 1, 180, -2.18845, 1753.57
5.107, 1, 180, -0.0683891, 2011.44
5.117, 1, 180, -4.85562, 5545.06
5.128, 1, 180, -2.80395, 11030.5
5.138, 1, 180, -0.820669, 14506.8
5.148, 1, 180, -5.53951, 14397.7
5.158, 1, 180, -3.89818, 10057.2
5.169, 1, 180, -1.77812, 8548.63
5.179, 1, 180, -6.42857, 4022.89
5.189, 1, 180, -4.30851, 2206.1
5.2, 1, 180, -2.18845, 2206.1
5.21, 1, 180, -0.136778, 3799.39
5.22, 1, 180, -4.92401, 8045.77
5.231, 1, 180, -2.80395, 9498.48
5.241, 1, 180, -0.820669, 16091.5
5.251, 1, 180, -88.0851, -2.14286e+06
5.261, 1, 180, 411.907, 32183.1
5.272, 1, 180, 414.096, 32057.4
5.282, 1, 180, 416.284, 28495.4
5.292, 1, 180, 418.404, 28057
5.303, 1, 180, 420.524, 26148.8
5.313, 1, 180, 422.097, 11398.2
5.323, 1, 180, 422.918, 4144.79
5.333, 1, 180, 423.191, 0
5.344, 1, 180, 423.191, 0
5.354, 1, 180, 423.055, -4022.89
5.364, 1, 180, 422.644, -10362
5.374, 1, 180, 421.824, -10798.3
5.385, 1, 180, 420.798, -18651.6
5.395, 1, 180, 419.498, -18997
5.405, 1, 180, 417.926, -22125.9
5.416, 1, 180, 416.079, -20724
5.426, 1, 180, 414.164, -16635.2
5.436, 1, 180, 413.138, -26595.7
5.446, 1, 180, 411.155, -30171.6
5.457, 1, 180, 409.035, -29920.2
5.467, 1, 180, 406.983, -29309.6
5.477, 1, 180, 404.795, -28495.4
5.487, 1, 180, 402.606, -25401.7
5.498, 1, 180, 400.486, -24868.7
5.508, 1, 180, 398.366, -20114.4
5.518, 1, 180, 396.109, -6147.33
5.528, 1, 180, 395.084, -33158.3
5.539, 1, 180, 392.827, -32057.4
5.549, 1, 180, 390.638, -36637
5.56, 1, 180, 388.518, -33158.3
5.57, 1, 180, 386.33, -32057.4
5.58, 1, 180, 384.141, -26148.8
5.59, 1, 180, 382.021, -16464
5.601, 1, 180, 379.833, -21493.7
5.611, 1, 180, 377.644, -15387.5
5.621, 1, 180, 375.524, -14506.8
5.631, 1, 180, 374.43, -33158.3
5.642, 1, 180, 372.242, -31085.9
5.652, 1, 180, 370.053, -27725.3
5.662, 1, 180, 367.933, -33158.3
5.672, 1, 180, 365.745, -29309.6
5.683, 1, 180, 363.556, -24696
5.693, 1, 180, 361.368, -22125.9
5.703, 1, 180, 359.179, -16197.4
5.713, 1, 180, 356.991, -14506.8
5.724, 1, 180, 355.897, -29309.6
5.734, 1, 180, 353.777, -34194.5
5.744, 1, 180, 351.588, -29309.6
5.754, 1, 180, 349.4, -31085.9
5.765, 1, 180, 347.211, -27355.6
5.775, 1, 180, 345.023, -24137.3
5.785, 1, 180, 342.903, -19796.8
5.796, 1, 180, 340.714, -18103
5.806, 1, 180, 338.594, -15631.8
5.816, 1, 180, 337.5, -31263.6
5.827, 1, 180, 335.312, -31263.6
5.837, 1, 180, 333.123, -33158.3
5.847, 1, 180, 330.935, -32057.4
5.857, 1, 180, 328.815, -34194.5
5.868, 1, 180, 326.558, -26941.1
5.878, 1, 180, 324.369, -18348.3
5.888, 1, 180, 323.275, -32183.1
5.899, 1, 180, 321.018, -32183.1
5.909, 1, 180, 318.761, -32183.1
5.92, 1, 180, 316.505, -33158.3
5.93, 1, 180, 314.316, -31085.9
5.94, 1, 180, 312.059, -21596.5
5.95, 1, 180, 309.871, -1177.09
5.961, 1, 180, 308.708, -30395.1
5.972, 1, 180, 306.451, -31263.6
5.982, 1, 180, 304.195, -32183.1
5.992, 1, 180, 302.006, -32183.1
6.003, 1, 180, 299.749, -30171.6
6.013, 1, 180, 297.492, -24868.7
6.023, 1, 180, 295.304, -18997
6.043, 1, 180, 292.5, -14080.1
6.053, 1, 180, 290.448, -17585.8
6.063, 1, 180, 288.397, -20331.9
6.074, 1, 180, 286.345, -26148.8
6.084, 1, 180, 283.336, -8548.63
6.094, 1, 180, 281.079, -20114.4
6.105, 1, 180, 278.959, -20114.4
6.115, 1, 180, 277.865, -29573.6
6.125, 1, 180, 275.676, -32183.1
6.135, 1, 180, 273.419, -30395.1
6.146, 1, 180, 271.163, -26688.4
6.156, 1, 180, 268.974, -34194.5
6.166, 1, 180, 266.512, -18651.6
6.176, 1, 180, 265.418, -35230.7
6.187, 1, 180, 263.161, -35297.6
6.197, 1, 180, 260.973, -22796.4
6.207, 1, 180, 258.784, -32183.1
6.217, 1, 180, 256.527, -25020.4
6.228, 1, 180, 254.407, -14730
6.238, 1, 180, 252.219, -16413.4
6.248, 1, 180, 250.099, -11591.4
6.259, 1, 180, 248.047, -834.013
6.269, 1, 180, 246.953, -10322.9
6.28, 1, 180, 244.764, -7987.04
6.29, 1, 180, 242.508, -6411.47
6.301, 1, 180, 241.14, -14339.6
6.312, 1, 180, 238.883, -11293.6
6.322, 1, 180, 236.421, -7405.18
6.333, 1, 180, 234.643, -5152.6
6.344, 1, 180, 232.386, -9947.5
6.354, 1, 180, 229.924, -13409.6
6.365, 1, 180, 227.872, -4412.2
6.376, 1, 180, 225.547, -10156.8
6.386, 1, 180, 223.153, -12865.3
6.397, 1, 180, 220.828, -2509.69
6.407, 1, 180, 218.571, -7303.69
6.418, 1, 180, 216.109, -9325.78
6.429, 1, 180, 213.784, -3834.9
6.439, 1, 180, 211.459, -8716.25
6.45, 1, 180, 209.202, -1121.13
6.46, 1, 180, 206.877, -5975.74
6.471, 1, 180, 204.552, -8548.63
6.481, 1, 180, 202.158, -1058.65
6.492, 1, 180, 199.901, -3900.52
6.503, 1, 180, 197.576, -278.004
6.514, 1, 180, 195.251, -15197.6
6.525, 1, 180, 192.926, -27977.3
6.535, 1, 180, 189.985, -23182.7
6.545, 1, 180, 187.112, -11690.4
6.556, 1, 180, 185.471, -22796.4
6.567, 1, 180, 182.872, -14353.3
6.577, 0.547112, 180, 180.479, -36206
6.588, 0.581307, 180, 178.017, -30937.9
6.598, 1, 180, 175.418, -18751.8
6.608, 1, 180, 174.187, -7993.53
6.619, 1, 180, 171.725, -10612.1
6.63, 1, 180, 169.468, -4383.91
6.64, 1, 180, 168.784, 0
6.651, 1, 180, 167.895, -663.971
6.661, 1, 180, 167.622, -823.965
6.672, 1, 180, 167.553, 1.13236e+11
6.682, 1, 180, 167.758, 1290.36
6.693, 1, 180, 168.305, 2471.89
6.704, 1, 180, 169.263, 4221.55
6.715, 1, 180, 169.605, 0
6.725, 1, 180, 170.836, 2704.65
6.736, 1, 180, 172.272, 2077.64
6.747, 1, 180, 173.777, 727.543
6.759, 1, 180, 175.691, 1256.49
6.77, 1, 180, 177.606, 4469.87
6.78, 0.854863, 180, 179.453, 633.232
6.791, 0.410334, 180, 181.573, 3234.62
6.802, 1, 180, 183.761, 7294.83
6.813, 1, 180, 185.95, 1753.57
6.823, 1, 180, 188.275, 6965.55
6.834, 1, 180, 189.027, 0
6.844, 1, 180, -6.2234, 6469.24
6.855, 1, 180, -3.82979, 3225.9
6.866, 1, 180, -3.07751, 4144.79
6.876, 1, 180, -2.39362, 1199.81
6.888, 1, 180, -2.18845, -530.148
6.898, 1, 180, -2.32523, -1367.78
6.909, 1, 180, -2.87234, -1340.96
6.92, 1, 180, 0, 400766
6.931, 1, 180, 194.704, 0
6.942, 1, 180, 194.772, 0
6.952, 1, 180, 195.319, 0
6.963, 1, 180, 196.208, 0
6.974, 1, 180, 196.755, 0
6.985, 1, 180, 198.26, 0
6.995, 1, 180, 200.312, 3363.4
7.006, 1, 180, 201.406, 361.847
7.016, 1, 180, 202.363, 911.854
7.027, 1, 180, 202.568, 0
7.037, 1, 180, 202.363, 0
7.048, 1, 180, 201.884, 0
7.058, 1, 180, 201.201, 0
7.069, 1, 180, 200.038, 0
7.08, 1, 180, 198.739, 0
7.09, 1, 180, 197.234, 0
7.101, 1, 180, 195.593, 0
7.112, 1, 180, 193.746, 0
7.122, 1, 180, 191.763, -2279.64
7.132, 1, 180, 189.711, -1668.03
7.142, 1, 180, 187.66, 0
7.153, 1, 180, 185.54, -1367.78
7.163, 1, 180, 183.419, -1103.05
7.173, 0.75228, 180, 181.299, 0
7.184, 0.205167, 180, 179.248, -534.29
7.195, 0.957447, 180, 177.196, 0
7.206, 1, 180, 175.144, -331.986
7.217, 1, 180, 173.093, -569.909
7.227, 1, 180, 170.973, 0
7.238, 1, 180, 169.058, 0
7.248, 1, 180, 167.074, -657.587
7.259, 1, 180, 166.391, 0
7.27, 1, 180, 165.707, 0
7.28, 1, 180, 165.502, 0
7.291, 1, 180, 165.707, 0
7.302, 1, 180, 165.98, 0
7.313, 1, 180, 166.801, 565.199
7.324, 1, 180, 167.416, 0
7.335, 1, 180, 168.784, 0
7.346, 1, 180, 169.605, 0
7.357, 1, 180, 171.383, 670.481
7.367, 1, 180, 172.546, 0
7.378, 1, 180, 174.802, 677.119
7.388, 1, 180, 177.538, 0
7.399, 0.683891, 180, 178.769, 799.872
7.41, 0.410334, 180, 181.71, 677.119
7.421, 1, 180, 184.514, 325.662
7.432, 1, 180, 185.95, 1290.36
7.442, 1, 180, 188.754, 677.119
7.453, 1, 180, 190.122, 0
7.465, 1, 180, 192.857, 0
7.476, 1, 180, 195.319, 0
7.487, 1, 180, 195.319, 9.17973e+11
7.498, 1, 180, -1.70973, 1395.7
7.508, 1, 180, -1.43617, -298.642
7.52, 1, 180, -1.57295, -683.891
7.53, 1, 180, -1.98328, -4620.88
7.541, 1, 180, -2.80395, -5861.92
7.551, 1, 180, -4.10334, -7755.46
7.562, 1, 180, -5.67629, -1542.61
7.573, 1, 180, -6.08663, -1823.71
7.583, 1, 180, -6.49696, 0
7.594, 1, 180, -6.42857, 1410.08
7.604, 1, 180, -6.29179, 1545.52
7.615, 1, 180, -5.74468, 5319.15
7.636, 1, 180, -4.17173, 0
7.646, 1, 180, -2.94073, 1199.81
7.657, 1, 180, -1.43617, 1674.83
7.669, 1, 180, 0, -34550.7
7.68, 1, 180, -4.78723, 579.568
7.691, 1, 180, -3.48784, 3345.12
7.702, 1, 180, -1.16261, 4799.23
7.713, 1, 180, -4396.39, 9.52859e+06
7.725, 1, 180, 207.834, 0
7.736, 1, 180, 209.954, 556.009
7.747, 1, 180, 212.211, 375.764
7.758, 1, 180, 214.468, 446.987
7.769, 1, 180, 216.998, 0
7.78, 1, 180, 219.05, 409.515
7.791, 1, 180, 221.375, 1315.17
7.802, 1, 180, 223.769, 0
7.813, 1, 180, 225.137, 0
7.825, 1, 180, 225.752, 0
7.836, 1, 180, 225.889, 0
7.847, 1, 180, 225.752, 0
7.859, 1, 180, 225.205, 0
7.87, 1, 180, 224.658, 0
7.882, 1, 180, 223.632, 0
7.893, 1, 180, 222.196, -174.908
7.905, 1, 180, 221.102, 0
7.916, 1, 180, 219.324, -321.075
7.928, 1, 180, 216.998, 0
7.939, 1, 180, 215.699, -313.711
7.95, 1, 180, 213.305, -327.22
7.962, 1, 180, 213.237, -1.27578e+06
7.973, 1, 180, -2.46201, 0
7.985, 1, 180, -4.92401, -411.982
7.998, 1, 180, -0.410334, -3959.37
8.009, 1, 180, -2.66717, -291.017
8.021, 1, 180, -5.12918, -1976.56
8.031, 1, 180, -0.615502, -6411.47
8.042, 1, 180, -3.1459, -7971.73
8.053, 1, 180, -5.88146, -1443.91
8.064, 1, 180, 0, -2104.28
8.075, 1, 180, -0.683891, -597.284
8.087, 1, 180, -0.820669, 651.324
8.097, 1, 180, -0.615502, 352.521
8.109, 1, 180, -0.205167, 677.119
8.12, 1, 180, -6.36018, 9498.48
8.13, 1, 180, -5.47112, -1.03058e+13
8.141, 1, 180, 193.267, 4049.35
8.152, 1, 180, 194.909, 1914.89
8.163, 1, 180, 195.866, 3078.61
8.174, 1, 180, 197.85, 5667.6
8.186, 1, 180, 200.175, 2676.09
8.197, 1, 180, 201.474, 5150.64
8.208, 1, 180, 203.799, 2234.94
8.22, 1, 180, 206.056, 1607.44
8.232, 1, 180, 207.082, 1294.8
8.244, 1, 180, 208.381, 567.544
8.256, 1, 180, 208.723, 128.31
8.268, 1, 180, 208.792, -715313
8.279, 1, 180, -3.28267, -663.971
8.291, 1, 180, -4.10334, -326.699
8.303, 1, 180, -4.65046, -1424.77
8.314, 1, 180, -6.01824, -1154.25
8.326, 1, 180, -0.889058, 0
8.338, 1, 180, -1.8465, -159.415
8.35, 1, 180, -3.96657, 0
8.361, 1, 180, -6.29179, 0
8.373, 1, 180, -0.0683891, -134.624
8.385, 1, 180, -0.820669, 0
8.396, 1, 180, -0.820669, 0
8.408, 1, 180, -0.273556, 0
8.42, 1, 180, -6.70213, 0
8.431, 1, 180, -5.53951, 0
8.442, 1, 180, -298.997, 2.49894e+06
8.453, 1, 180, 200.927, 3565.31
8.465, 1, 180, 202.637, 4162.81
8.476, 1, 180, 204.278, 1340.96
8.487, 1, 180, 206.056, 6391.5
8.498, 1, 180, 207.971, 764.124
8.509, 1, 180, 210.296, 526.07
8.52, 1, 180, 211.869, 5039.19
8.531, 1, 180, 214.536, 492.008
8.542, 1, 180, -1.8465, 942413
8.553, 1, 180, 217.956, 184.337
8.564, 1, 180, 218.64, 422.155
8.575, 1, 180, 218.845, 0
8.586, 1, 180, 218.708, -1121.13
8.597, 1, 180, 218.366, -432.842
8.608, 1, 180, 217.546, -621.719
8.619, 1, 180, 216.657, -1189.37
8.63, 1, 180, 215.494, -296.057
8.641, 1, 180, 213.921, -2097.82
8.652, 1, 180, 212.553, -1886.59
8.662, 1, 180, 210.433, -287.349
8.674, 1, 180, 208.792, -1321.53
8.684, 1, 180, 206.535, -358.058
8.696, 1, 180, -9.20032e+07, 1.66071e+11
8.709, 1, 180, 202.5, -854.863
8.72, 1, 180, 200.106, -2344.77
8.731, 1, 180, 198.397, -2308.49
8.743, 1, 180, 195.593, -358.058
8.754, 1, 180, 193.404, -5194.11
8.765, 1, 180, 191.216, -1424.77
8.776, 1, 180, 189.027, -240.243
8.789, 1, 180, 186.497, 0
8.8, 1, 180, 185.198, -3716.8
8.811, 1, 180, 183.283, -2342.09
8.822, 1, 180, 182.257, -5311.77
8.833, 0.547112, 180, 179.795, -2608.06
8.845, 0.410334, 180, 178.632, -11190.9
8.855, 1, 180, 177.264, -6064.05
8.866, 1, 180, 174.46, -6598.94
8.877, 1, 180, 172.614, -8716.25
8.888, 1, 180, 169.263, -5028.61
8.9, 1, 180, 167.827, -7216.94
8.911, 1, 180, 164.681, -4647.8
8.922, 1, 180, 161.672, -301.273
8.934, 1, 180, 160.372, -1540.29
8.945, 1, 180, 159.21, -202.935
8.956, 1, 180, 158.936, -83.0973
8.969, 1, 180, 158.868, 0
8.981, 1, 180, 159.073, 427.432
8.991, 1, 180, 159.757, 0
9.003, 1, 180, 160.578, 1448.92
9.014, 1, 180, 161.603, 1536.83
9.024, 1, 180, 163.108, 4559.27
9.035, 1, 180, 164.202, 1112.02
9.046, 1, 180, 166.527, 318.089
9.057, 1, 180, 168.579, 4103.34
9.068, 1, 180, 170.494, 1010.68
9.079, 1, 180, 172.477, 2930.96
9.09, 1, 180, 174.392, 613.355
9.101, 1, 180, 176.649, 2987.87
9.112, 1, 180, 178.701, 3865.47
9.124, 0.170973, 180, 180.821, 648.238
9.135, 1, 180, 183.078, 2260.8
9.146, 1, 180, 185.471, 9511.06
9.157, 1, 180, 187.728, 3012.73
9.168, 1, 180, 189.985, 5643.76
9.18, 1, 180, 192.515, 6052.13
9.191, 1, 180, 194.635, 3368.92
9.202, 1, 180, 196.96, 5375.56
9.213, 1, 180, 199.081, 1620.59
9.226, 1, 180, 200.175, 325.662
9.237, 1, 180, 200.585, 275.207
9.249, 1, 180, 0, 413860
9.261, 1, 180, 200.517, 0
9.271, 1, 180, 199.97, 0
9.282, 1, 180, 199.149, -1953.97
9.293, 1, 180, 198.055, -2195.98
9.304, 1, 180, 196.687, 0
9.315, 1, 180, 195.046, -1818.86
9.326, 1, 180, 193.609, -1506.37
9.337, 1, 180, 191.216, 0
9.348, 1, 180, 189.164, -1179.12
9.359, 1, 180, 187.865, -2664.51
9.37, 1, 180, 185.608, -1746.1
9.381, 1, 180, 184.445, -5190.24
9.392, 1, 180, 183.283, 0
9.403, 0.957447, 180, 180.889, -1742.4
9.414, 0.273556, 180, 179.179, -1882.27
9.425, 0.649696, 180, -2.01724e+07, 5.39373e+10
9.436, 1, 180, 174.939, -2242.26
9.448, 1, 180, -6.19967e+07, 0
9.458, 1, 180, 171.862, -5446.92
9.47, 1, 180, -2.01724e+07, 8.47586e+10
9.481, 1, 180, 167.074, -10332.2
9.492, 1, 180, 164.681, -2655.89
9.503, 1, 180, 162.356, -6217.19
9.514, 1, 180, 160.03, -8141.55
9.525, 1, 180, 157.5, -36637
9.535, 1, 180, 155.995, -899.856
9.546, 1, 180, 155.79, -1005.72
9.556, 1, 180, 155.722, 572.293
9.568, 1, 180, 155.927, 1771.74
9.578, 1, 180, 156.748, 1528.25
9.589, 1, 180, 157.363, 14654.8
9.6, 1, 180, 158.936, 2464.47
9.61, 1, 180, 159.825, 6716.78
9.621, 1, 180, 161.603, 2560.02
9.632, 1, 180, 163.381, 1179.12
9.643, 1, 180, -5.12918, 252.358
9.655, 1, 180, -3.69301, 1266.46
9.666, 1, 180, -1.09422, 396.842
9.677, 1, 180, -5.88146, 2377.53
9.689, 1, 180, -3.82979, 689.406
9.701, 1, 180, -1.64134, 2004.07
9.712, 1, 180, -6.01824, 2442.47
9.724, 1, 180, -4.17173, 1679.2
9.735, 1, 180, -1.91489, 2503.95
9.746, 1, 180, -6.29179, 2288.61
9.758, 1, 180, -4.03495, 463.131
9.77, 1, 180, -1.64134, 1189.37
9.781, 1, 180, -6.42857, 441.22
9.792, 1, 180, -3.62462, 182.858
9.803, 1, 180, -1.98328, -854715
9.815, 1, 180, -5.74468, 477.133
9.826, 1, 180, -3.00912, 446.016
9.838, 1, 180, -0.547112, -13054.7
9.851, 1, 180, -5.12918, 157.216
9.862, 1, 180, -2.46201, 675.781
9.874, 1, 180, -6.77052, 2785.07
9.886, 1, 180, -4.24012, 299.952
9.897, 1, 180, -1.8465, 2532.93
9.908, 1, 180, -6.2234, 248.687
9.919, 1, 180, -4.24012, 1506.37
9.93, 1, 180, -2.87234, 1109.01
9.941, 1, 180, -1.8465, 4082.93
9.953, 1, 180, -6.29179, 6217.19
9.965, 1, 180, -5.06079, 3961.56
9.976, 1, 180, -3.21429, 4379.59
9.988, 1, 180, -0.820669, -12077.2
10, 1, 180, -5.47112, 1753.57
