0.001, 0, 0, 0, 0
0.015, 1, 360, 0.0683891, 0
0.03, 1, 360, 0.683891, 62.3703
0.045, 1, 360, 1.57295, 52.5665
0.058, 1, 360, 2.59878, 96.1871
0.073, 1, 360, 3.62462, 49.4856
0.088, 1, 360, 3.89818, 95.783
0.116, 1, 360, 6.97568, 0
0.13, 1, 360, 8.48024, 86.9168
0.152, 1, 360, 10.3267, 59.1601
0.17, 1, 360, 11.7629, -33.94
0.193, 1, 360, 13.1991, 59.4687
0.208, 1, 360, 14.2249, 33.3443
0.222, 1, 360, 15.3875, 94.6561
0.235, 1, 360, 16.4818, 184.337
0.248, 1, 360, 17.8495, 87.6408
0.267, 1, 360, 19.3541, 82.4561
0.289, 1, 360, 21.0638, 87.3609
0.311, 1, 360, 22.5, 78.3891
0.326, 1, 360, 24.0729, 52.9327
0.344, 1, 360, 25.5091, 90.5216
0.366, 1, 360, 27.2872, 67.2459
0.387, 1, 360, 28.5866, 0
0.4, 1, 360, 29.6809, 0
0.415, 1, 360, 30.9119, 31.0295
0.429, 1, 360, 31.8693, 82.0505
0.443, 1, 360, 33.0319, 119.981
0.456, 1, 360, 34.0578, 184.669
0.47, 1, 360, 35.152, 61.0617
0.484, 1, 360, 36.2462, 124.231
0.498, 1, 360, 37.3404, 66.0977
0.514, 1, 360, 38.7082, 83.9542
0.532, 1, 360, 40.2128, 100.005
0.553, 1, 360, 42.0593, 74.6605
0.573, 1, 360, 43.4954, 298.642
0.589, 1, 360, 44.5897, 73.3002
0.606, 1, 360, 46.7097, 82.1244
0.634, 1, 360, 48.2827, 68.2117
0.654, 1, 360, 50.1292, 115.816
0.674, 1, 360, 51.4286, 59.5723
0.687, 1, 360, 53.1383, 82.8815
0.721, 1, 360, 55.3951, 88.1113
0.742, 1, 360, 56.8997, 94.7654
0.761, 1, 360, 58.4043, 74.7912
0.779, 1, 360, 60.2508, -54798.9
0.802, 1, 360, 61.6869, 122.781
0.815, 1, 360, 62.9863, 89.7102
0.836, 1, 360, 64.7644, 72.446
0.856, 1, 360, 66.2006, 62.5319
0.875, 1, 360, 67.7052, 71.6716
0.895, 1, 360, 69.4833, 62.9444
0.916, 1, 360, 70.9878, 70.7046
0.943, 1, 360, 75.5015, 62.3135
0.988, 1, 360, 80.152, 80.278
1.061, 1, 360, 85.2128, 82.3568
1.111, 1, 360, 86.5122, 40904.4
1.125, 1, 360, 87.6748, 79.8938
1.139, 1, 360, 88.769, 118.423
1.152, 1, 360, 89.7948, 34.9816
1.166, 1, 360, 90.9574, 62.5987
1.18, 1, 360, 91.9833, 369.671
1.194, 1, 360, 93.1459, 871.198
1.205, 1, 360, 94.1033, 88.8554
1.222, 1, 360, 95.6079, 65.822
1.242, 1, 360, 97.386, 120.936
1.265, 1, 360, 99.0957, 81.2029
1.286, 1, 360, 100.874, 78.7288
1.306, 1, 360, 102.378, 70.4606
1.328, 1, 360, 104.293, 164.003
1.351, 1, 360, 105.729, 86.1975
1.368, 1, 360, 107.166, 94.2647
1.384, 1, 360, 108.67, 73.4051
1.402, 1, 360, 110.243, 371.391
1.421, 1, 360, 111.474, 50.5462
1.437, 1, 360, 112.705, 66.5522
1.456, 1, 360, 114.141, 84.4657
1.471, 1, 360, 115.714, 89.1256
1.49, 1, 360, 117.356, 60.2016
1.508, 1, 360, 118.313, 90.7418
1.523, 1, 360, 119.476, 21.5263
1.538, 1, 360, 120.707, 93.7479
1.561, 1, 360, 122.964, 52.3653
1.58, 1, 360, 124.126, 95.0508
1.596, 1, 360, 125.699, 61.5563
1.612, 1, 360, 126.793, 53.4916
1.629, 1, 360, 129.119, 60.7903
1.656, 1, 360, 130.623, 66.4778
1.679, 1, 360, 132.401, 73.8942
1.7, 1, 360, 133.769, -786.081
1.713, 1, 360, 134.863, 0
1.726, 1, 360, 136.368, 70.4316
1.751, 1, 360, 138.214, 247.227
1.77, 1, 360, 139.377, 92.71
1.785, 1, 360, 140.54, 60.5481
1.8, 1, 360, 141.702, 78.9256
1.818, 1, 360, 143.138, 77.9629
1.836, 1, 360, 145.053, 85.9807
1.859, 1, 360, 146.763, 0
1.882, 1, 360, 148.609, 92.8989
1.904, 1, 360, 150.388, 60.7093
1.923, 1, 360, 151.55, 47.6247
1.937, 1, 360, 152.713, 146.13
1.951, 1, 360, 153.739, 41.6752
1.965, 1, 360, 154.901, 94.3731
1.98, 1, 360, 156.064, 84.7448
1.994, 1, 360, 157.158, 0
2.008, 1, 360, 158.321, 0
2.023, 1, 360, 159.415, 306.953
2.037, 1, 360, 160.509, 59.6763
2.049, 1, 360, 161.467, 61.501
2.062, 1, 360, 162.356, 180.764
2.074, 1, 360, 163.313, 118.218
2.087, 1, 360, 164.271, 184.172
2.099, 1, 360, 165.228, 478.245
2.111, 1, 360, 166.117, 154.726
2.124, 1, 360, 167.074, 92.9199
2.136, 1, 360, 168.374, 73.0028
2.154, 1, 360, 170.152, 77.1015
2.175, 1, 360, 171.588, 69.8917
2.192, 1, 360, 173.024, 184.503
2.218, 1, 360, 175.144, 86.2409
2.236, 1, 360, 176.717, 0
2.259, 1, 360, 178.153, 48.0936
2.275, 1, 360, 179.521, 59.8329
2.289, 1, 360, 180.616, 236.64
2.304, 1, 360, 181.71, 0
2.318, 1, 360, 182.804, 506.586
2.332, 1, 360, 183.967, 0
2.346, 1, 360, 185.061, 175.207
2.36, 1, 360, 185.266, 92.0445
2.381, 1, 360, 188.002, 94.2431
2.397, 1, 360, 189.233, 91.3885
2.414, 1, 360, 190.532, 48.7449
2.429, 1, 360, 191.968, 73.4261
2.45, 1, 360, 193.815, 119.457
2.473, 1, 360, 195.456, 0
2.488, 1, 360, 195.456, 543.278
2.502, 1, 360, 197.576, 50.1386
2.515, 1, 360, 198.67, 123.224
2.529, 1, 360, 199.764, 62.2001
2.543, 1, 360, 200.653, 375.764
2.556, 1, 360, 201.884, 0
2.57, 1, 360, 203.047, 61.6673
2.585, 1, 360, 204.21, 102.226
2.599, 1, 360, 205.236, 123.113
2.612, 1, 360, 206.33, 92.5845
2.627, 1, 360, 207.424, -1.48258e+07
2.639, 1, 360, 208.587, 91.1854
2.656, 1, 360, 210.365, 44.7865
2.676, 1, 360, 211.801, 109.88
2.698, 1, 360, 213.511, 67.7287
2.72, 1, 360, 215.22, 66.0285
2.741, 1, 360, 216.657, -34.3319
2.759, 1, 360, 218.093, 0
2.774, 1, 360, 219.255, 22796.4
2.787, 1, 360, 220.281, 0
2.802, 1, 360, 221.444, 87.009
2.816, 1, 360, 222.538, 60.8444
2.831, 1, 360, 223.769, 121.043
2.845, 1, 360, 224.863, 62.5987
2.859, 1, 360, 225.889, 44.1505
2.873, 1, 360, 227.12, 62.5987
2.889, 1, 360, 228.556, 61.6118
2.906, 1, 360, 229.719, 116.11
2.931, 1, 360, 232.318, 76.1571
2.955, 1, 360, 233.754, 60.98
2.971, 1, 360, 0, 69.6781
2.992, 1, 360, 236.695, 59.2113
3.009, 1, 360, 237.994, 1118.08
3.023, 1, 360, 239.157, 90.9832
3.038, 1, 360, 240.251, 91.064
3.052, 1, 360, 241.413, 119.353
3.066, 1, 360, 242.508, 91.47
3.081, 1, 360, 243.67, 135.962
3.093, 1, 360, 244.628, 58.9053
3.106, 1, 360, 246.064, 88.971
3.144, 1, 360, 249.757, 212.388
3.171, 1, 360, 250.988, 118.937
3.185, 1, 360, 252.082, 61.6118
3.2, 1, 360, 253.176, 45.2608
3.213, 1, 360, 254.271, 184.835
3.227, 1, 360, 255.365, 92.3345
3.241, 1, 360, 256.391, 0
3.254, 1, 360, 257.416, 63.4113
3.267, 1, 360, 258.647, 345.399
3.285, 1, 360, 259.058, 151516
3.299, 1, 360, 261.041, 180.446
3.312, 1, 360, 262.135, -234888
3.326, 1, 360, 263.229, 0
3.341, 1, 360, 264.324, 0
3.354, 1, 360, 265.486, 102.226
3.369, 1, 360, 266.581, 119.771
3.383, 1, 360, 267.606, 51.5366
3.397, 1, 360, 268.769, 401.614
3.411, 1, 360, 269.795, 60.1487
3.423, 1, 360, 270.821, 57.9078
3.436, 1, 360, 271.71, 324.119
3.448, 1, 360, 272.804, 61.723
3.461, 1, 360, 273.693, 116.805
3.473, 1, 360, 274.65, 389.681
3.487, 1, 360, 275.54, 125.255
3.499, 1, 360, 276.565, 0
3.512, 1, 360, 277.454, 1858.4
3.523, 1, 360, 278.685, 0
3.538, 1, 360, 279.848, 118.628
3.551, 1, 360, 280.942, 449.928
3.566, 1, 360, 282.105, 62.0028
3.58, 1, 360, 282.173, 0
3.593, 1, 360, 284.293, 37.6592
3.61, 1, 360, 286.277, 0
3.638, 1, 360, 288.191, 68.7788
3.668, 1, 360, 290.859, 111.565
3.69, 1, 360, 292.295, 60.9257
3.708, 1, 360, 293.594, 71.5666
3.73, 1, 360, 295.509, 69.7848
3.749, 1, 360, 297.014, 76.3441
3.775, 1, 360, 299.202, 68.8573
3.798, 1, 360, 301.527, 84.1564
3.834, 1, 360, 304.536, 388.458
3.876, 1, 360, 305.904, 465.654
3.891, 1, 360, 308.093, 85.4329
3.904, 1, 360, 309.187, 106.691
3.918, 1, 360, 310.281, 93.6836
3.933, 1, 360, 311.581, 158.675
3.947, 1, 360, 312.606, 282.599
3.961, 1, 360, 313.701, 390.795
3.975, 1, 360, 314.863, 0
3.99, 1, 360, 316.026, 165.993
4.004, 1, 360, 317.462, 69.2898
4.027, 1, 360, 319.309, 60.9257
4.046, 1, 360, 321.018, 101.705
4.077, 1, 360, 322.865, 92.71
4.091, 1, 360, 324.027, 96.5947
4.105, 1, 360, 325.395, 79.9872
4.123, 1, 360, 326.763, 81.7074
4.143, 1, 360, 328.336, 89.671
4.162, 1, 360, 330.114, 42.7165
4.186, 1, 360, 332.234, 98.9711
4.208, 1, 360, 333.67, -36.9072
4.228, 1, 360, 334.901, 123.002
4.24, 1, 360, 335.927, 60.9257
4.254, 1, 360, 337.09, 79.7075
4.268, 1, 360, 338.252, 61.4457
4.282, 1, 360, 339.278, 62.1154
4.295, 1, 360, 340.167, 123.335
4.307, 1, 360, 341.125, 57.7366
4.321, 1, 360, 342.971, 94.1674
4.344, 1, 360, 344.271, 0
4.358, 1, 360, 345.296, 86.4044
4.373, 1, 360, 346.869, 181.737
4.395, 1, 360, 348.784, 77.7148
4.415, 1, 360, 349.81, 32.5043
4.428, 1, 360, 350.973, 86.042
4.452, 1, 360, 353.229, 104.57
4.471, 1, 360, 354.802, 64.518
4.492, 1, 360, 356.239, 88.1681
4.511, 1, 360, 357.675, 0
4.526, 0.928252, 360, 358.837, 0
4.541, 0.289157, 360, 359.521, 58.8546
4.555, 0.127074, 360, 359.795, 0
4.569, 0.0624468, 360, 360, 0
4.582, 0.0282523, 360, 360, 0
4.596, 0.0282523, 360, 360, 0
4.61, 0.0282523, 360, 360, 0
4.626, 0.0282523, 360, 360, 0
4.64, 0.0282523, 360, 360, 0
4.653, 0.005, 360, 360, 0
4.668, 0.005, 360, 360, 0
4.682, 0.005, 360, 360, 0
4.696, 0.005, 360, 360, 0
4.713, 0.005, 360, 360, 0
4.735, 0.005, 360, 360, 0
4.749, 0.005, 360, 360, 0
4.77, 0.005, 360, 360, 0
4.79, 0.005, 360, 360, 0
4.807, 0.005, 360, 360, 0
4.822, 0.005, 360, 360, 0
4.84, 0.005, 360, 360, 0
4.855, 0.005, 360, 360, 0
4.87, 0.005, 360, 360, 0
4.884, 0.005, 360, 360, 0
4.9, 0.005, 360, 360, 0
4.913, 0.005, 360, 360, 0
4.925, 0.005, 360, 360.068, 0
4.937, 0.0661246, 360, 360.137, 0
4.951, 0.0688602, 360, 360.137, 0
4.966, 0.0736474, 360, 360.137, 0
4.979, 0.0777508, 360, 360.137, 0
4.994, 0.0818541, 360, 360.137, 0
5.008, 0.0859574, 360, 360.137, 0
5.021, 0.0893769, 360, 360.137, 0
5.034, 0.0927964, 360, 360.137, 0
5.049, 0.0975836, 360, 360.137, 0
5.063, 0.101003, 360, 360.137, 0
5.077, 0.105106, 360, 360.137, 0
5.091, 0.10921, 360, 360.137, 0.680038
5.104, 0.110578, 360, 360.137, 0
5.123, 0.112629, 360, 360.137, 0
5.144, 0.118784, 360, 360.137, 0
5.167, 0.12152, 360, 360.137, 0
5.183, 0.123571, 360, 360.137, 0
5.206, 0.129043, 360, 360.137, 0
5.224, 0.131094, 360, 360.137, 0
5.245, 0.135198, 360, 360.137, 0
5.283, 0.135198, 360, 360.137, 0
5.33, 0.142036, 360, 360.137, 0
5.372, 0.145456, 360, 360.137, 0
5.413, 0.151611, 360, 360.137, 0
5.433, 0.15503, 360, 360.137, 0
5.466, 0.160502, 360, 360.137, 0
5.487, 0.163237, 360, 360.137, 0
5.506, 0.168708, 360, 360.137, 0
5.527, 0.17076, 360, 360.137, 0
5.549, 0.178283, 360, 360.137, 0
5.564, 0.18307, 360, 360.137, 0
5.578, 0.186489, 360, 360.137, 0
5.594, 0.190593, 360, 360.137, 0
5.609, 0.19538, 360, 360.137, 0
5.623, 0.199483, 360, 360.137, 0
5.638, 0.203587, 360, 360.137, 0
5.652, 0.208374, 360, 360.137, 0
5.665, 0.211109, 360, 360.137, 0
5.68, 0.215897, 360, 360.137, 0
5.694, 0.22, 360, 360.137, 0
5.713, 0.223419, 360, 360.137, 0
5.734, 0.226155, 360, 360.137, 0
5.756, 0.231626, 360, 360.137, 0
5.776, 0.235046, 360, 360.137, 0
5.796, 0.237781, 360, 360.137, 0
5.812, 0.239833, 360, 360.137, 0
5.83, 0.245304, 360, 360.137, 0
5.858, 0.248723, 360, 360.137, 0
5.878, 0.252827, 360, 360.137, 0
5.894, 0.254878, 360, 360.137, 0
5.913, 0.26035, 360, 360.137, -163179
5.932, 0.0740729, 360, 360.068, 0
5.945, 0.0740729, 360, 359.932, -13.1492
5.968, 0.0644149, 360, 359.863, 0
5.986, 0.0657827, 360, 359.863, 0
6.003, 0.0685182, 360, 359.863, 0
6.025, 0.0733055, 360, 359.863, 0
6.041, 0.0753571, 360, 359.863, 0
6.06, 0.0808283, 360, 359.863, 0
6.082, 0.0835638, 360, 359.863, 0
6.104, 0.089035, 360, 359.863, 0
6.131, 0.0945061, 360, 359.863, 0
6.15, 0.0979255, 360, 359.863, 0
6.169, 0.101345, 360, 359.863, 0
6.252, 0.1075, 360, 359.863, 0
6.298, 0.112287, 360, 359.863, 0
6.32, 0.117074, 360, 359.863, 0
6.347, 0.122546, 360, 359.863, 0
6.37, 0.127333, 360, 359.863, 0
6.385, 0.131436, 360, 359.863, 0
6.4, 0.13554, 360, 359.863, 0
6.414, 0.138275, 360, 359.863, 0
6.433, 0.140327, 360, 359.863, 0
6.448, 0.140327, 360, 359.863, 0
6.465, 0.14443, 360, 359.863, 0
6.487, 0.150585, 360, 359.863, 0
6.51, 0.154005, 360, 359.863, 0
6.525, 0.157424, 360, 359.863, 0
6.543, 0.160843, 360, 359.863, 0
6.562, 0.163579, 360, 0, 162174
6.577, 1, 360, 359.59, -59.2113
6.595, 0.24291, 360, 359.248, 0
6.613, 0.401231, 360, 359.248, 0
6.634, 0.412515, 360, 359.248, 0
6.654, 0.442606, 360, 359.248, 0
6.671, 0.457652, 360, 359.248, 0
6.689, 0.476459, 360, 359.248, 0
6.711, 0.491505, 360, 359.248, 0
6.728, 0.483298, 360, 359.316, 0
6.744, 0.315828, 360, 359.521, 0
6.76, 0.161269, 360, 359.726, 0
6.777, 0.164005, 360, 359.795, 62.7999
6.792, 0.140068, 360, 359.795, 0
6.805, 0.144172, 360, 359.795, 0
6.821, 0.152378, 360, 359.795, 0
6.837, 0.158533, 360, 359.795, 0
6.851, 0.164688, 360, 359.795, 0
6.865, 0.171869, 360, 359.795, 0
6.88, 0.178024, 360, 359.795, 0
6.895, 0.184179, 360, 359.795, 0
6.911, 0.187257, 360, 359.795, 0
6.933, 0.198541, 360, 359.795, 0
6.948, 0.204696, 360, 359.795, 0
6.962, 0.210851, 360, 359.795, 0
6.978, 0.212903, 360, 359.795, 0
6.997, 0.223161, 360, 359.795, 0
7.011, 0.229316, 360, 359.795, 0
7.025, 0.235471, 360, 359.795, 0
7.039, 0.242652, 360, 359.795, 0
7.054, 0.248807, 360, 359.795, 0
7.069, 0.254962, 360, 359.795, 0
7.083, 0.254962, 360, 359.795, 0
7.105, 0.264195, 360, 359.795, 0
7.123, 0.268298, 360, 359.795, 0
7.14, 0.274453, 360, 359.795, 0
7.169, 0.276505, 360, 359.795, 0
7.192, 0.28266, 360, 359.795, 0
7.239, 0.288815, 360, 359.795, 0
7.299, 0.29497, 360, 359.795, 0
7.347, 0.301125, 360, 359.795, 0
7.364, 0.304202, 360, 359.795, 0
7.387, 0.313435, 360, 359.795, 0
7.405, 0.321641, 360, 359.795, 0
7.421, 0.328822, 360, 359.795, 0
7.435, 0.334977, 360, 359.795, 0
7.45, 0.341132, 360, 359.795, 0
7.464, 0.345236, 360, 359.795, 0
7.483, 0.347287, 360, 359.795, 0
7.504, 0.35652, 360, 359.795, 0
7.519, 0.360623, 360, 359.795, 0
7.54, 0.364726, 360, 359.795, 0
7.556, 0.367804, 360, 359.795, 0
7.581, 0.376011, 360, 359.795, 0
7.596, 0.379088, 360, 359.795, 0
7.62, 0.387295, 360, 359.795, 0
7.637, 0.39345, 360, 359.795, 0
7.664, 0.400631, 360, 359.795, 0
7.682, 0.403708, 360, 359.795, 0
7.704, 0.410889, 360, 359.795, 0
7.725, 0.41807, 360, 359.795, 0
7.746, 0.423199, 360, 359.795, 0
7.77, 0.43038, 360, 359.795, 0
7.789, 0.435509, 360, 359.863, 0
7.81, 0.40405, 360, 359.863, 20.1678
7.828, 0.373959, 360, 360, 0
7.845, 0.374643, 360, 360, 0
7.858, 0.340448, 360, 360, 0
7.873, 0.340448, 360, 360, 0
7.886, 0.340448, 360, 360, 0
7.9, 0.340448, 360, 360, 0
7.92, 0.340448, 360, 360, 0
7.942, 0.340448, 360, 360, 0
7.965, 0.340448, 360, 360, 0
7.988, 0.340448, 360, 360, 0
8.099, 0.340448, 360, 360, 0
8.178, 0.340448, 360, 360, 0
8.229, 0.340448, 360, 360, 0
8.257, 0.340448, 360, 360, 0
8.286, 0.340448, 360, 360, 0
8.31, 0.340448, 360, 360, 0
8.332, 0.340448, 360, 360, 0
8.352, 0.340448, 360, 360, 0
8.376, 0.340448, 360, 360, 0
8.391, 0.340448, 360, 360, 0
8.413, 0.340448, 360, 360, 0
8.429, 0.340448, 360, 360, 0
8.443, 0.340448, 360, 360, 0
8.456, 0.340448, 360, 360, 0
8.47, 0.340448, 360, 360, 0
8.485, 0.340448, 360, 360, 0
8.499, 0.340448, 360, 360, 0
8.514, 0.340448, 360, 360, 0
8.527, 0.340448, 360, 360, 0
8.542, 0.340448, 360, 360, 0
8.556, 0.340448, 360, 360, 0
8.57, 0.340448, 360, 360, nan
8.592, 0.340448, 360, 360, 0
8.606, 0.340448, 360, 360, 0
8.624, 0.005, 360, 360, 0
8.656, 0.005, 360, 360, 0
8.676, 0.005, 360, 360, 0
8.689, 0.005, 360, 360, 0
8.713, 0.005, 360, 360, 0
8.734, 0.005, 360, 360, 0
8.757, 0.005, 360, 0, 2692.48
8.769, 0.005, 360, 0.341945, -44.4373
8.783, 0.110661, 360, 359.795, 0
8.798, 0.117842, 360, 359.795, 0
8.812, 0.123997, 360, 359.795, 0
8.825, 0.129126, 360, 359.795, 0
8.84, 0.135281, 360, 359.795, 0
8.853, 0.141436, 360, 359.795, 0
8.867, 0.147591, 360, 359.795, 0
8.88, 0.15272, 360, 359.795, 0
8.895, 0.159901, 360, 359.795, 0
8.908, 0.166056, 360, 359.795, 0
8.922, 0.171185, 360, 359.795, 0
8.937, 0.17734, 360, 359.795, 153614
8.95, 1, 360, 359.795, -31.2421
8.972, 0.207006, 360, 359.384, 0
8.999, 0.326003, 360, 359.384, 0
9.02, 1, 360, 359.384, 0
9.034, 0.258381, 360, 359.59, -0.884997
9.049, 0.16674, 360, 359.726, 0
9.062, 0.16674, 360, 359.795, 0
9.089, 0.172211, 360, 359.795, 0
9.111, 0.144172, 360, 359.795, 0
9.14, 0.146223, 360, 359.795, 0
9.202, 0.15443, 360, 359.795, 0
9.244, 0.158533, 360, 359.795, 0
9.286, 0.163663, 360, 359.795, 0
9.348, 0.173921, 360, 359.795, 0
9.383, 0.180076, 360, 359.795, 0
9.404, 0.111687, 360, 359.795, 0
9.428, 0.118868, 360, 359.795, 0
9.445, 0.125023, 360, 359.795, 0
9.46, 0.112713, 360, 359.795, 0
9.474, 0.119894, 360, 17.8495, 153133
9.489, 0.111687, 360, 359.795, 0
9.503, 0.117842, 360, 359.795, 0
9.517, 0.123997, 360, 359.795, 0
9.531, 0.1281, 360, 359.795, 0
9.551, 0.134255, 360, 359.795, 0
9.57, 0.139384, 360, 359.795, 0
9.584, 0.146565, 360, 359.795, 0
9.599, 0.15272, 360, 359.795, 0
9.632, 0.156824, 360, 359.795, 0
9.666, 0.16503, 360, 359.795, 0
9.688, 0.172211, 360, 359.795, 0
9.709, 0.176315, 360, 359.795, 0
9.725, 0.181444, 360, 359.795, 0
9.742, 0.184521, 360, 359.795, 0
9.757, 0.188625, 360, 359.795, 0
9.773, 0.192728, 360, 359.795, 0
9.788, 0.199909, 360, 359.795, 0
9.81, 0.206064, 360, 359.795, 0
9.83, 0.212219, 360, 359.795, 0
9.85, 0.217348, 360, 359.795, 0
9.87, 0.221451, 360, 359.795, 0
9.896, 0.224529, 360, 359.795, 0
9.996, 0.238891, 360, 359.795, 0
10.017, 0.24402, 360, 359.795, 0
10.037, 0.248123, 360, 359.795, 0
10.06, 0.255304, 360, 359.795, 0
10.077, 0.258381, 360, 359.795, 0
10.096, 0.267614, 360, 359.795, 0
10.123, 0.275821, 360, 359.795, 0
10.14, 0.281976, 360, 359.795, 0
10.155, 0.288131, 360, 359.795, 0
10.173, 0.291208, 360, 359.795, 0
10.19, 0.294286, 360, 359.795, 0
10.21, 0.302492, 360, 359.795, 0
10.23, 0.306596, 360, 359.795, 0
10.25, 0.314802, 360, 359.795, 0
10.295, 0.319932, 360, 359.795, 0
10.323, 0.326087, 360, 359.795, 0
10.344, 0.334293, 360, 359.795, 0
10.363, 0.335319, 360, 359.795, 0
10.386, 0.345578, 360, 359.795, 0
10.405, 0.350707, 360, 359.795, 0
10.426, 0.35481, 360, 359.795, 0
10.454, 0.361991, 360, 359.795, 0
10.473, 0.368146, 360, 359.795, 0
10.487, 0.373275, 360, 359.795, 0
10.51, 0.380456, 360, 359.795, 0
10.528, 0.385585, 360, 359.795, 0
10.55, 0.389688, 360, 359.795, 0
10.584, 0.395843, 360, 359.795, 0
10.619, 0.401998, 360, 359.795, 0
10.673, 0.410205, 360, 359.795, 0
10.715, 0.413283, 360, 359.795, 0
10.743, 0.413283, 360, 359.795, 0
10.762, 0.425593, 360, 359.795, 0
10.784, 0.398237, 360, 359.863, 0
10.801, 0.398237, 360, 359.863, 0
10.824, 0.369856, 360, 360, 0
10.846, 0.336345, 360, 360, 0
10.864, 0.336345, 360, 360, 0
10.891, 0.336345, 360, 360, 0
10.914, 0.336345, 360, 360, 0
10.929, 0.336345, 360, 360, 0
10.947, 0.336345, 360, 360, 0
10.964, 0.336345, 360, 360, 0
10.986, 0.336345, 360, 360, 0
11.009, 0.336345, 360, 360, 0
11.053, 0.336345, 360, 360, 0
11.09, 0.336345, 360, 360, -74797.4
11.141, 0.336345, 360, 0, 0
11.169, 0.005, 360, 360, 0
11.191, 0.005, 360, 360, 0
11.225, 0.005, 360, 360, 0
11.269, 0.005, 360, 360, 0
11.283, 0.005, 360, 360, 0
11.3, 0.005, 360, 360, 0
11.314, 0.005, 360, 360, 0
11.327, 0.005, 360, 360, 0
11.342, 0.005, 360, 360, 0
11.355, 0.005, 360, 360, 0
11.369, 0.005, 360, 360, 0
11.385, 0.005, 360, 360, 0
11.399, 0.005, 360, 360, 0
11.412, 0.005, 360, 360, 0
11.433, 0.005, 360, 360, 0
11.447, 0.005, 360, 360, 0
11.46, 0.005, 360, 360, 0
11.474, 0.005, 360, 360, 0
11.487, 0.005, 360, 360, 0
11.502, 0.005, 360, 360, 0
11.518, 0.005, 360, 360, 0
11.535, 0.005, 360, 360, 0
11.554, 0.005, 360, 360, 0
11.574, 0.005, 360, 360, 0
11.591, 0.005, 360, 360, 0
11.612, 0.005, 360, 360, 0
11.629, 0.005, 360, 360, 0
11.649, 0.005, 360, 360, 0
11.67, 0.005, 360, 360, 0
11.686, 0.005, 360, 360, 0
11.71, 0.005, 360, 360, -153140
11.724, 0.005, 360, 360, 0
11.738, 0.005, 360, 360, 0
11.753, 0.005, 360, 360, 0
11.767, 0.005, 360, 360, 0
11.79, 0.005, 360, 360, 0
11.804, 0.005, 360, 360, 0
11.825, 0.005, 360, 360, 0
11.839, 0.005, 360, 360, 0
11.857, 0.005, 360, 360, 0
11.877, 0.005, 360, 360, 0
11.892, 0.005, 360, 360, 0
11.907, 0.005, 360, 360, 0
11.921, 0.005, 360, 360, 0
11.935, 0.005, 360, 360, 0
11.95, 0.005, 360, 360, 0
11.964, 0.005, 360, 360, 0
11.977, 0.005, 360, 360, 0
11.992, 0.005, 360, 360, 0
12.005, 0.005, 360, 360, 0
12.02, 0.005, 360, 360, 0
12.034, 0.005, 360, 360, 0
12.048, 0.005, 360, 360, 0
12.063, 0.005, 360, 360, 0
12.077, 0.005, 360, 360, 0
12.091, 0.005, 360, 360, 0
12.104, 0.005, 360, 360, 0
12.119, 0.005, 360, 360, 0
12.133, 0.005, 360, 360, 0
12.148, 0.005, 360, 360, 0
12.161, 0.005, 360, 360, 0
12.176, 0.005, 360, 360, 0
12.189, 0.005, 360, 360, 0
12.204, 0.005, 360, 360, 0
12.218, 0.005, 360, 360, 0
12.24, 0.005, 360, 360, 0
12.259, 0.005, 360, 360, 0
12.279, 0.005, 360, 3.60036e+06, -3.13316e+09
12.3, 1, 360, 360.342, 85.1139
12.316, 0.177682, 360, 360.889, 0
12.334, 0.531938, 360, 360.957, 0
12.349, 0.526125, 360, 360.889, 3.78186
12.363, 0.552796, 360, 360.889, 0
12.377, 0.54459, 360, 360.821, 0
12.39, 0.534673, 360, 360.752, 0
12.404, 0.518944, 360, 360.684, 0
12.418, 0.54288, 360, 360.616, 0
12.431, 0.520995, 360, 360.616, 0
12.446, 0.542538, 360, 360.547, 0
12.46, 0.492614, 360, 360.479, 0
12.474, 0.504582, 360, 360.479, 0
12.487, 0.484065, 360, 360.41, 0
12.502, 0.498427, 360, 360.342, 0
12.519, 0.471071, 360, 360.342, 0
12.533, 0.48304, 360, 360.342, 0
12.547, 0.493298, 360, 360.342, 0
12.561, 0.503556, 360, 360.342, 0
12.574, 0.513815, 360, 360.342, 0
12.588, 0.487827, 360, 360.274, 0
12.604, 0.497401, 360, 360.274, 0
12.617, 0.469362, 360, 360.205, 0
12.632, 0.441664, 360, 360.137, 0
12.646, 0.410889, 360, 360.068, 0
12.662, 0.412941, 360, 360.068, 0
12.677, 0.414992, 360, 360.068, 0
12.69, 0.417044, 360, 360.068, 0
12.705, 0.419438, 360, 360.068, 0
12.719, 0.0395365, 360, 360.137, 59.4687
12.732, 0.147249, 360, 360.274, 62.2851
12.745, 0.18965, 360, 360.342, 0
12.758, 0.199909, 360, 360.342, 0
12.772, 0.210167, 360, 360.342, 3.41015e+06
12.786, 0.179392, 360, 360.342, 0
12.8, 0.18965, 360, 360.342, 0
12.815, 0.199909, 360, 360.342, 0
12.828, 0.211877, 360, 360.342, 0
12.842, 0.220426, 360, 360.342, 0
12.856, 0.230684, 360, 360.342, 0
12.87, 0.240942, 360, 360.342, 0
12.883, 0.249491, 360, 360.342, 0
12.897, 0.261459, 360, 360.342, 0
12.91, 0.270008, 360, 360.342, 0
12.923, 0.276847, 360, 360.342, 0
12.938, 0.288815, 360, 360.342, 0
12.953, 0.299073, 360, 360.342, 0
12.968, 0.309331, 360, 360.342, 0
12.981, 0.321299, 360, 360.342, 0
12.996, 0.331558, 360, 360.342, 0
13.01, 0.341816, 360, 360.342, 0
13.024, 0.352074, 360, 360.342, 0
13.04, 0.362333, 360, 360.342, 0
13.053, 0.372591, 360, 360.342, 0
13.068, 0.384559, 360, 360.342, 0
13.082, 0.394818, 360, 360.342, 0
13.098, 0.405076, 360, 360.342, 0
13.11, 0.415334, 360, 360.342, 0
13.125, 0.425593, 360, 360.342, 0
13.138, 0.432432, 360, 360.342, 0
13.154, 0.439271, 360, 360.342, 0
13.174, 0.447819, 360, 360.342, 0
13.195, 0.454658, 360, 360.342, 0
13.212, 0.459787, 360, 360.342, 0
13.233, 0.471755, 360, 360.342, 0
13.251, 0.0101292, 360, 359.795, -26.9567
13.272, 0.271976, 360, 359.248, 0
13.291, 0.384901, 360, 359.248, 61.3905
13.305, 0.299073, 360, 359.453, 0
13.318, 0.279582, 360, 359.521, 0
13.332, 0.29155, 360, 359.59, 0
13.345, 0.269666, 360, 359.59, 0
13.359, 0.284027, 360, 359.59, 0
13.373, 0.290182, 360, 359.59, 0
13.394, 0.298389, 360, 359.59, 0
13.409, 0.304544, 360, 359.59, 0
13.426, 0.320957, 360, 359.59, 0
13.448, 0.329164, 360, 359.59, 0
13.476, 0.349681, 360, 359.59, 0
13.494, 0.359939, 360, 359.59, 0
13.517, 0.368146, 360, 359.59, 0
13.535, 0.382508, 360, 359.59, 0
13.557, 0.390714, 360, 359.59, 75008.3
13.58, 1, 360, 361.436, -13.7715
13.671, 0.654696, 360, 361.094, 0
13.724, 0.428328, 360, 360.752, 0
13.762, 0.424909, 360, 360.752, 0
13.783, 0.439954, 360, 360.752, 0
13.8, 0.451239, 360, 360.752, 0
13.823, 0.485091, 360, 360.752, 0
13.84, 0.496375, 360, 360.752, 0
13.856, 0.50766, 360, 360.684, 0
13.878, 0.505266, 360, 360.684, 0
13.9, 0.529202, 360, 360.684, 0
13.933, 0.546299, 360, 360.684, 0
13.95, 0.556558, 360, 360.616, 0
13.97, 0.516892, 360, 360.547, 0
13.99, 0.496033, 360, 360.479, 0
14.004, 0.480988, 360, 360.41, 0
14.018, 0.491246, 360, 360.41, -20.768
14.034, 0.467994, 360, 360.342, 0
14.048, 0.478252, 360, 360.342, 0
14.062, 0.488511, 360, 360.342, -31.6031
14.076, 0.464916, 360, 360.274, 0
14.091, 0.473123, 360, 360.205, 0
14.104, 0.410547, 360, 360.137, 0
14.118, 0.413967, 360, 360.068, 0
14.132, 0.381824, 360, 360.068, 0
14.145, 0.383875, 360, 360.068, 22.6229
14.179, 0.0298784, 360, 360.41, 0
14.218, 0.213161, 360, 360.41, 0
14.268, 0.225471, 360, 360.41, 0
14.314, 0.239833, 360, 360.41, 0
14.346, 0.252143, 360, 360.41, 0
14.365, 0.262401, 360, 360.41, 0
14.385, 0.278815, 360, 360.41, 0
14.4, 0.289073, 360, 360.41, 0
14.462, 0.301383, 360, 360.41, -5.80306
14.496, 0.313693, 360, 360.342, 0
14.573, 0.295228, 360, 360.342, 0
14.624, 0.310616, 360, 360.342, 0
14.678, 0.314035, 360, 360.342, 0
14.718, 0.331132, 360, 360.342, 0
14.767, 0.331132, 360, 360.342, 0
14.796, 0.34652, 360, 360.342, 0
14.83, 0.355068, 360, 360.342, 0
14.871, 0.361907, 360, 360.342, 0
14.921, 0.375585, 360, 360.342, 0
14.957, 0.375585, 360, 360.342, 0
14.981, 0.392682, 360, 360.342, 0
14.997, 0.397812, 360, 360.342, 0
15.013, 0.411489, 360, 360.342, 0
15.034, 0.420038, 360, 360.342, 0
15.054, 0.426877, 360, 360.342, 0
15.07, 0.432006, 360, 360.342, 0
15.086, 0.445684, 360, 0.615502, -8.09465e+07
15.105, 0.179392, 360, 360.342, 0
15.127, 0.18965, 360, 360.342, 0
15.146, 0.19307, 360, 360.342, 0
15.162, 0.206748, 360, 360.342, 68594.8
15.181, 0.181102, 360, 360.274, 0
15.194, 0.118868, 360, 360.137, 0
15.209, 0.119894, 360, 360.137, 0
15.237, 0.0932219, 360, 360.137, 0
15.255, 0.0952736, 360, 360.137, 0
15.273, 0.0993769, 360, 360.137, 0
15.294, 0.104164, 360, 360.137, 0
15.31, 0.104164, 360, 360.137, 0
15.331, 0.110319, 360, 360.137, 0
15.354, 0.113739, 360, 428.526, -30778.2
15.372, 0.0415881, 360, 360, 0
15.385, 0.0274848, 360, 359.863, 0
15.4, 0.0664666, 360, 359.863, 0
15.414, 0.0692021, 360, 359.863, 0
15.428, 0.0746733, 360, 359.863, 0
15.443, 0.0787766, 360, 359.863, 0
15.456, 0.082196, 360, 359.863, 0
15.47, 0.0862994, 360, 359.863, 0
15.485, 0.0910866, 360, 359.863, 0
15.498, 0.0931383, 360, 359.863, 0
15.519, 0.0958739, 360, 359.863, 0
15.536, 0.0979255, 360, 359.863, 0
15.555, 0.103397, 360, 359.863, 0
15.573, 0.0768085, 360, 359.863, 0
15.588, 0.0809119, 360, 359.863, 0
15.603, 0.0850152, 360, 359.863, 0
15.616, 0.0898024, 360, 359.863, 0
15.63, 0.092538, 360, 359.863, 0
15.644, 0.0973252, 360, 359.863, 0
15.658, 0.098693, 360, 359.863, 0
15.692, 0.102796, 360, 359.863, 0
15.73, 0.1069, 360, 359.863, 0
15.771, 0.111003, 360, 359.863, 0
15.788, 0.113055, 360, 359.863, 0
15.801, 0.117842, 360, 359.863, 0
15.82, 0.120578, 360, 359.863, 0
15.841, 0.126049, 360, 359.863, 0
15.86, 0.130152, 360, 359.863, 0
15.88, 0.133571, 360, 359.863, 0
15.901, 0.136307, 360, 359.863, 0
15.922, 0.139726, 360, 359.863, 0
15.942, 0.143146, 360, 359.863, 0
15.958, 0.147933, 360, 359.863, 0
15.98, 0.15272, 360, 359.863, 0
15.999, 0.15614, 360, 359.863, 0
16.02, 0.158875, 360, 359.863, 0
16.043, 0.164347, 360, 359.863, 0
16.064, 0.169818, 360, 359.863, 0
16.078, 0.173921, 360, 359.863, 0
16.091, 0.178708, 360, 359.863, 0
16.105, 0.181444, 360, 359.863, 0
16.12, 0.185547, 360, 359.863, 0
16.135, 0.191018, 360, 359.863, 0
16.148, 0.194438, 360, 359.863, 0
16.163, 0.198541, 360, 359.863, 0
16.176, 0.202644, 360, 359.863, 0
16.19, 0.206064, 360, 359.863, 0
16.203, 0.210851, 360, 359.863, 0
16.217, 0.214271, 360, 359.863, 0
16.231, 0.218374, 360, 359.863, 0
16.245, 0.222477, 360, 359.863, 0
16.258, 0.226581, 360, 359.863, 0
16.272, 0.230684, 360, 359.863, 0
16.286, 0.235471, 360, 359.863, 0
16.3, 0.238891, 360, 359.863, 0
16.318, 0.239574, 360, 359.863, 0
16.332, 0.239574, 360, 359.863, 0
16.354, 0.246413, 360, 359.863, 0
16.376, 0.250517, 360, 359.863, 0
16.393, 0.25462, 360, 359.863, 0
16.408, 0.257356, 360, 359.863, 0
16.427, 0.258723, 360, 359.863, 0
16.449, 0.264878, 360, 359.863, 0
16.473, 0.269666, 360, 359.863, 0
16.492, 0.273085, 360, 359.863, 0
16.511, 0.275821, 360, 359.863, 0
16.537, 0.281976, 360, 359.863, 0
16.555, 0.283343, 360, 359.863, 0
16.572, 0.286079, 360, 359.932, 0
16.593, 0.255988, 360, 359.932, -3.41945e+07
16.612, 0.0398784, 360, 359.932, 0
16.625, 0.0419301, 360, 359.932, 0
16.639, 0.0429559, 360, 359.932, 0
16.664, 0.0456915, 360, 359.932, 0
16.683, 0.0474012, 360, 359.932, 0
16.701, 0.0491109, 360, 359.932, 0
16.72, 0.0497948, 360, 359.932, 0
16.741, 0.0521884, 360, 359.932, 0
16.756, 0.054924, 360, 359.932, 0
16.772, 0.0576596, 360, 359.932, 0
16.786, 0.0593693, 360, 359.932, 0
16.801, 0.061421, 360, 359.932, 0
16.816, 0.0638146, 360, 359.932, 0
16.827, 0.0298784, 360, 359.932, 0
16.842, 0.0319301, 360, 359.932, 0
16.855, 0.0343237, 360, 359.932, 0
16.868, 0.0353495, 360, 359.932, 0
16.885, 0.0370593, 360, 359.932, 0
16.904, 0.038769, 360, 359.932, 0
16.923, 0.0404787, 360, 359.932, 0
16.944, 0.0428723, 360, 359.932, 0
16.96, 0.0442401, 360, 359.932, 0
16.979, 0.0459498, 360, 359.932, 0
16.998, 0.0480015, 360, 359.932, 0
17.012, 0.0507371, 360, 359.932, 0
17.026, 0.0524468, 360, 359.932, 0
17.04, 0.0544985, 360, 359.932, 0
17.054, 0.0565502, 360, 359.932, 0
17.067, 0.0582599, 360, 359.932, 0
17.082, 0.0609954, 360, 359.932, 0
17.096, 0.0620213, 360, 359.932, 0
17.117, 0.0633891, 360, 359.932, 0
17.134, 0.0644149, 360, 359.932, 0
17.158, 0.0685182, 360, 359.932, 0
17.172, 0.0709119, 360, 359.932, 0
17.186, 0.0722796, 360, 359.932, 0
17.201, 0.0746733, 360, 359.932, 0
17.213, 0.076383, 360, 359.932, 0
17.227, 0.0784347, 360, 359.932, 0
17.241, 0.0804863, 360, 359.932, 0
17.255, 0.082196, 360, 359.932, 0
17.269, 0.0849316, 360, 359.932, 0
17.284, 0.0869833, 360, 359.932, 0
17.297, 0.088693, 360, 359.932, 0
17.312, 0.0907447, 360, 359.932, 0
17.325, 0.0927964, 360, 359.932, 0
17.339, 0.094848, 360, 359.932, 0
17.352, 0.0965578, 360, 359.932, 0
17.367, 0.0989514, 360, 359.932, 0
17.381, 0.101003, 360, 359.932, 0
17.394, 0.102713, 360, 359.932, 0
17.409, 0.104764, 360, 359.932, 0
17.424, 0.107158, 360, 359.932, 0
17.437, 0.108868, 360, 359.932, 0
17.452, 0.111603, 360, 359.932, 0
17.467, 0.113655, 360, 359.932, 0
17.482, 0.115707, 360, 359.932, 0
17.495, 0.117758, 360, 359.932, 0
17.508, 0.117758, 360, 359.932, 0
17.531, 0.120836, 360, 359.932, 0
17.553, 0.123229, 360, 359.932, 0
17.572, 0.124939, 360, 359.932, 0
17.6, 0.127675, 360, 359.932, 0
17.622, 0.129726, 360, 359.932, 0
17.641, 0.130752, 360, 359.932, 0
17.664, 0.132804, 360, 359.932, 0
17.686, 0.13554, 360, 359.932, 0
17.707, 0.136565, 360, 359.932, 0
17.731, 0.139301, 360, 359.932, 0
17.747, 0.140327, 360, 359.932, 0
17.764, 0.142036, 360, 359.932, 0
17.786, 0.144088, 360, 359.932, 0
17.811, 0.146482, 360, 359.932, 0
17.826, 0.147508, 360, 359.932, 0
17.848, 0.150585, 360, 359.932, 0
17.866, 0.152295, 360, 359.932, 0
17.885, 0.154347, 360, 359.932, 0
17.906, 0.156056, 360, 359.932, 0
17.921, 0.157424, 360, 359.932, 0
17.943, 0.159134, 360, 359.932, 0
17.956, 0.161869, 360, 359.932, 0
17.97, 0.163921, 360, 359.932, 0
17.984, 0.165973, 360, 359.932, 0
17.997, 0.168024, 360, 359.932, 0
18.011, 0.169734, 360, 359.932, 0
18.025, 0.17247, 360, 359.932, 0
18.04, 0.174521, 360, 359.932, 0
18.054, 0.176231, 360, 359.932, 0
18.067, 0.178283, 360, 359.932, 0
18.09, 0.17965, 360, 359.932, 0
18.112, 0.181702, 360, 359.932, 0
18.129, 0.182728, 360, 359.932, 0
18.15, 0.185805, 360, 359.932, 0
18.169, 0.186489, 360, 359.932, 0
18.19, 0.189225, 360, 359.932, 0
18.212, 0.190935, 360, 359.932, 0
18.233, 0.19367, 360, 359.932, 0
18.256, 0.19538, 360, 359.932, 0
18.273, 0.196748, 360, 359.932, 0
18.295, 0.199483, 360, 359.932, 0
18.315, 0.200851, 360, 359.932, 0
18.334, 0.202561, 360, 359.932, 0
18.407, 0.205296, 360, 359.932, 0
18.45, 0.207006, 360, 359.932, 0
18.487, 0.207006, 360, 359.932, 0
18.528, 0.209742, 360, 359.932, 0
18.551, 0.212135, 360, 359.932, 0
18.574, 0.214871, 360, 359.932, 0
18.594, 0.217264, 360, 359.932, 0
18.609, 0.219316, 360, 359.932, 0
18.622, 0.221026, 360, 359.932, 0
18.637, 0.222736, 360, 359.932, 2.85236e+09
18.663, 0.224103, 360, 359.932, 0
18.69, 0.0319301, 360, 359.932, 0
18.71, 0.0336398, 360, 359.932, 0
18.731, 0.0350076, 360, 359.932, 0
18.758, 0.0374012, 360, 359.932, 0
18.774, 0.0384271, 360, 359.932, 0
18.799, 0.0411626, 360, 359.932, -972356
18.814, 0.0298784, 360, 359.932, 0
18.842, 0.032614, 360, 359.932, 0
18.855, 0.0332979, 360, 359.932, 0
18.878, 0.0360334, 360, 359.932, 0
18.904, 0.038769, 360, 359.932, 0
18.926, 0.0408207, 360, 359.932, 0
18.94, 0.0432143, 360, 359.932, 0
18.954, 0.045266, 360, 359.932, 0
18.969, 0.0473176, 360, 359.932, 0
18.982, 0.0493693, 360, 359.932, 0
18.996, 0.051079, 360, 428.321, -61890.6
19.007, 0.0302204, 360, 359.932, 0
19.02, 0.0319301, 360, 359.932, 0
19.035, 0.0343237, 360, 359.932, 0
19.048, 0.0356915, 360, 359.932, 0
19.063, 0.0384271, 360, 359.932, 0
19.077, 0.0404787, 360, 359.932, 0
19.09, 0.0302204, 360, 359.932, 0
19.102, 0.032272, 360, 359.932, 0
19.115, 0.0343237, 360, 359.932, 0
19.127, 0.0363754, 360, 359.932, 0
19.138, 0.0380851, 360, 359.932, 0
19.153, 0.0401368, 360, 359.932, 0
19.168, 0.0428723, 360, 359.932, 0
19.183, 0.0428723, 360, 359.932, 0
19.199, 0.0442401, 360, 359.932, 0
19.217, 0.0456079, 360, 359.932, 0
19.235, 0.0483435, 360, 359.932, 0
19.257, 0.0507371, 360, 359.932, 0
19.275, 0.0524468, 360, 359.932, 0
19.298, 0.0551824, 360, 359.932, 0
19.313, 0.0568921, 360, 359.932, 0
19.331, 0.0586018, 360, 359.932, 0
19.354, 0.0599696, 360, 359.932, 0
19.37, 0.0623632, 360, 359.932, 0
19.39, 0.0640729, 360, 359.932, 0
19.411, 0.0654407, 360, 359.932, 0
19.435, 0.0674924, 360, 359.932, 0
19.457, 0.070228, 360, 359.932, 0
19.484, 0.0729635, 360, 359.932, 0
19.506, 0.0753571, 360, 359.932, 0
19.525, 0.0770669, 360, 359.932, 0
19.544, 0.0787766, 360, 359.932, 0
19.564, 0.0808283, 360, 359.932, 0
19.583, 0.082196, 360, 359.932, 0
19.6, 0.0842477, 360, 359.932, 0
19.647, 0.0873252, 360, 359.932, 0
19.668, 0.088693, 360, 359.932, 0
19.684, 0.0904027, 360, 359.932, 0
19.701, 0.0934802, 360, 359.932, 0
19.717, 0.0958739, 360, 359.932, 0
19.73, 0.0968997, 360, 359.932, 0
19.747, 0.0979255, 360, 359.932, 0
19.769, 0.100661, 360, 359.932, 0
19.79, 0.102029, 360, 359.932, 0
19.811, 0.104081, 360, 359.932, 0
19.829, 0.106132, 360, 359.932, 0
19.85, 0.107158, 360, 359.932, 0
19.868, 0.109894, 360, 359.932, 0
19.889, 0.111261, 360, 359.932, 0
19.906, 0.113655, 360, 359.932, 0
19.927, 0.115365, 360, 359.932, 0
19.948, 0.116391, 360, 359.932, 0
19.972, 0.119468, 360, 359.932, 0
19.99, 0.121178, 360, 359.932, 0
20.018, 0.123229, 360, 359.932, 0
20.04, 0.126307, 360, 359.932, 0
20.062, 0.128701, 360, 359.932, 0
20.082, 0.13041, 360, 359.932, 0
20.099, 0.13212, 360, 359.932, 0
20.114, 0.134514, 360, 359.932, 0
20.132, 0.136565, 360, 359.932, 0
20.154, 0.138617, 360, 359.932, 0
20.189, 0.142036, 360, 359.932, 0
20.207, 0.143746, 360, 359.932, 0
20.229, 0.145114, 360, 359.932, 0
20.245, 0.147508, 360, 359.932, 0
20.263, 0.149559, 360, 359.932, 0
20.277, 0.151953, 360, 359.932, 0
20.291, 0.152637, 360, 359.932, 0
20.307, 0.153663, 360, 359.932, 0
20.332, 0.156398, 360, 359.932, 0
20.349, 0.157424, 360, 359.932, 0
20.373, 0.16016, 360, 359.932, 0
20.389, 0.161185, 360, 359.932, 15.6068
20.411, 0.00534195, 360, 360.342, 0
20.481, 0.184521, 360, 360.342, 0
20.526, 0.201619, 360, 360.342, 0
20.548, 0.208457, 360, 360.342, 0
20.581, 0.218716, 360, 360.342, 0
20.61, 0.225555, 360, 360.342, 0
20.641, 0.228974, 360, 360.342, 0
20.699, 0.242652, 360, 360.342, 0
20.726, 0.259749, 360, 360.342, 0
20.741, 0.266588, 360, 360.342, 0
20.76, 0.275137, 360, 360.342, 0
20.781, 0.281976, 360, 360.342, 0
20.799, 0.293944, 360, 360.342, 0
20.819, 0.304202, 360, 360.342, 0
20.833, 0.31617, 360, 360.342, 0
20.846, 0.324719, 360, 360.342, 0
20.859, 0.333267, 360, 360.342, 0
20.872, 0.343526, 360, 360.342, 0
20.886, 0.352074, 360, 360.342, 0
20.899, 0.362333, 360, 360.342, 0
20.913, 0.372591, 360, 360.342, 0
20.926, 0.38114, 360, 360.342, 0
20.941, 0.393108, 360, 360.342, 0
20.953, 0.399947, 360, 360.342, 0
20.968, 0.411915, 360, 360.342, 0
20.983, 0.423883, 360, 360.342, 0
20.997, 0.432432, 360, 360.342, 0
21.017, 0.44098, 360, 360.342, 0
21.043, 0.454658, 360, 360.342, 0
21.062, 0.458078, 360, 360.342, 0
21.09, 0.476884, 360, 360.342, 0
21.107, 0.483723, 360, 360.274, 0
21.126, 0.45671, 360, 360.274, 0
21.145, 0.429012, 360, 360.137, 0
21.164, 0.398237, 360, 360.137, 0
21.185, 0.369172, 360, 360.068, 0
21.213, 0.371907, 360, 360.068, 0
21.232, 0.374643, 360, 360.068, 0
21.245, 0.376353, 360, 360.068, 0
21.261, 0.378746, 360, 360.068, 0
21.276, 0.380798, 360, 360.068, 0
21.289, 0.38285, 360, 360.068, 0
21.303, 0.384559, 360, 360.068, 0
21.318, 0.386953, 360, 360.068, 0
21.33, 0.388321, 360, 360.068, 0
21.345, 0.391056, 360, 360.068, 0
21.36, 0.391056, 360, 360.068, 0
21.381, 0.39345, 360, 360.068, 0
21.412, 0.395502, 360, 360.068, 0
21.434, 0.396869, 360, 360.068, 0
21.475, 0.13383, 360, 360.068, 61.0072
21.49, 0.391315, 360, 360.821, 0
21.505, 0.48535, 360, 360.889, 0
21.519, 0.512021, 360, 360.889, 0
21.533, 0.538693, 360, 360.889, 0
21.547, 0.560919, 360, 360.821, 0
21.561, 0.551345, 360, 360.752, 0
21.576, 0.513047, 360, 360.684, 0
21.59, 0.533564, 360, 360.684, 0
21.604, 0.516125, 360, 360.616, 0
21.618, 0.503131, 360, 360.547, 0
21.632, 0.516809, 360, 360.479, 0
21.648, 0.502105, 360, 360.479, 0
21.662, 0.479536, 360, 360.41, 0
21.68, 0.45731, 360, 0, -1.46839e+09
21.696, 0.179392, 360, 360.342, 0
21.717, 0.187941, 360, 360.342, 0
21.737, 0.19478, 360, 360.342, 0
21.758, 0.208457, 360, 360.342, 0
21.777, 0.211877, 360, 360.342, 0
21.796, 0.228974, 360, 360.342, 0
21.808, 0.237523, 360, 360.342, 0
21.823, 0.251201, 360, 360.342, 0
21.837, 0.25462, 360, 360.342, 0
21.854, 0.259749, 360, 360.342, 0
21.877, 0.271717, 360, 360.342, 0
21.894, 0.283685, 360, 360.342, 0
21.906, 0.293944, 360, 360.342, 0
21.923, 0.300783, 360, 360.342, 0
21.937, 0.307622, 360, 360.342, 0
21.957, 0.31788, 360, 360.342, 0
21.981, 0.329848, 360, 360.342, 0
21.996, 0.336687, 360, 360.342, 0
22.015, 0.345236, 360, 360.342, 0
22.036, 0.352074, 360, 360.342, 0
22.05, 0.352074, 360, 360.342, 0
22.078, 0.374301, 360, 360.342, 0
22.097, 0.37772, 360, 155.175, 0
22.115, 0.172812, 360, 360.342, 0
22.129, 0.18136, 360, 360.342, 0
22.143, 0.193328, 360, 360.342, 0
22.156, 0.167682, 360, 360.342, 0
22.168, 0.212819, 360, 360.479, 0
22.181, 0.261375, 360, 360.547, 0
22.193, 0.311983, 360, 360.547, 0
22.206, 0.328397, 360, 360.547, 0
22.218, 0.34481, 360, 360.547, 0
22.231, 0.361223, 360, 360.547, 0
22.243, 0.377637, 360, 360.547, 0
22.256, 0.39405, 360, 360.547, 0
22.268, 0.415935, 360, 360.547, 0
22.28, 0.432348, 360, 360.547, 0
22.293, 0.448761, 360, 360.547, 0
22.305, 0.465175, 360, 360.547, 0
22.318, 0.481588, 360, 360.547, 0
22.329, 0.495266, 360, 360.547, 0
22.343, 0.511679, 360, 360.547, -61.5563
22.356, 0.49253, 360, 360.479, 0
22.37, 0.504498, 360, 360.479, 0
22.385, 0.523647, 360, 360.479, 0
22.399, 0.501079, 360, 360.41, 0
22.413, 0.513389, 360, 360.342, 0
22.427, 0.489453, 360, 360.342, 0
22.441, 0.499711, 360, 360.342, 0
22.456, 0.476801, 360, 360.274, 0
22.468, 0.476801, 360, 360.274, 0
22.486, 0.134514, 360, 360.479, 61.3355
22.503, 0.242568, 360, 360.547, 0
22.522, 0.298305, 360, 360.547, 0
22.544, 0.314719, 360, 360.547, 0
22.563, 0.32019, 360, 360.547, 0
22.586, 0.353017, 360, 360.547, 0
22.601, 0.36943, 360, 360.547, 0
22.618, 0.383108, 360, 360.547, 0
22.638, 0.396786, 360, 360.547, 0
22.659, 0.407728, 360, 360.547, 0
22.676, 0.415935, 360, 360.547, 0
22.697, 0.435084, 360, 360.547, 0
22.716, 0.454233, 360, 360.547, 0
22.739, 0.473381, 360, 360.547, 0
22.761, 0.489795, 360, 360.547, 0
22.795, 0.500737, 360, 360.479, -5.93449
22.841, 0.479195, 360, 360.342, 0
22.883, 0.430296, 360, 360.342, 0
22.902, 0.438845, 360, 360.342, 0
22.917, 0.440555, 360, 360.342, 0
22.935, 0.454233, 360, 360.342, 0
22.954, 0.462781, 360, 360.342, 0
22.973, 0.47133, 360, 360.274, 0
22.993, 0.442948, 360, 360.274, 0
23.019, 0.420038, 360, 360.137, 0
23.041, 0.390973, 360, 360.137, 0
23.057, 0.390973, 360, 360.137, 0
23.078, 0.39576, 360, 360.137, 0
23.102, 0.401231, 360, 360.137, 0
23.12, 0.40465, 360, 360.137, 0
23.154, 0.40807, 360, 360.137, 0
23.19, 0.411489, 360, 360.137, 0
23.223, 0.414909, 360, 360.137, 0
23.265, 0.416277, 360, 360.137, 0
23.311, 0.421064, 360, 360.137, 0
23.33, 0.427219, 360, 360.137, 0
23.352, 0.429954, 360, 360.068, 0
23.393, 0.397128, 360, 360.068, 0
23.419, 0.397128, 360, 360.068, 0
23.473, 0.399863, 360, 360.068, 0
23.509, 0.399863, 360, 360.068, 0
23.554, 0.40465, 360, 360.068, 0
23.582, 0.408754, 360, 360.068, 0
23.602, 0.410464, 360, 360.068, 0
23.622, 0.411147, 360, 360.068, 0
23.64, 0.413883, 360, 360.068, 0
23.666, 0.416619, 360, 360.068, 0
23.686, 0.418328, 360, 360.068, 0
23.707, 0.419696, 360, 360.068, 0
23.721, 0.421748, 360, 360.068, 0
23.739, 0.423457, 360, 360, 0
23.759, 0.389263, 360, 360, 0
23.783, 0.389263, 360, 360, 0
23.804, 0.389263, 360, 360, 0
23.823, 0.389263, 360, 360, 0
23.846, 0.389263, 360, 360, 0
23.868, 0.389263, 360, 360, 0
23.887, 0.389263, 360, 360, 0
23.908, 0.389263, 360, 360, 0
23.926, 0.389263, 360, 360, 0
23.949, 0.389263, 360, 360, 0
23.97, 0.389263, 360, 360, 0
24.011, 0.389263, 360, 360, 0
24.039, 0.389263, 360, 360, 0
24.058, 0.389263, 360, 360, 0
24.074, 0.389263, 360, 360, 0
24.097, 0.389263, 360, 360, 0
24.116, 0.389263, 360, 360, 0
24.139, 0.389263, 360, 360, 0
24.159, 0.389263, 360, 360, 0
24.174, 0.389263, 360, 360, 0
24.214, 0.389263, 360, 360, 0
24.249, 0.389263, 360, 360, 0
24.274, 0.389263, 360, 360, 0
24.293, 0.389263, 360, 360, 0
24.316, 0.389263, 360, 360, 0
24.333, 0.389263, 360, 360, 0
24.352, 0.389263, 360, 360, 0
24.379, 0.389263, 360, 360, 0
24.402, 0.389263, 360, 360, 0
24.418, 0.389263, 360, 360, 0
24.44, 0.389263, 360, 360, 0
24.455, 0.389263, 360, 360, 0
24.474, 0.389263, 360, 360, 0
24.496, 0.389263, 360, 360, 0
24.527, 0.389263, 360, 360, 0
24.569, 0.389263, 360, 360, 0
24.633, 0.389263, 360, 360, 0
24.65, 0.005, 360, 360, 0
24.671, 0.005, 360, 360, 0
24.69, 0.005, 360, 360, 0
24.712, 0.005, 360, 360, 0
24.73, 0.005, 360, 360, 0
24.753, 0.005, 360, 360, 0
24.767, 0.005, 360, 360, 0
24.782, 0.005, 360, 360, 0
24.796, 0.005, 360, 360, 0
24.811, 0.005, 360, 360, 0
24.824, 0.005, 360, 360, 0
24.838, 0.005, 360, 360, 0
24.851, 0.005, 360, 360, 0
24.865, 0.005, 360, 360, 0
24.879, 0.005, 360, 360, 0
24.893, 0.005, 360, 360, 0
24.908, 0.005, 360, 360, 0
24.92, 0.005, 360, 360, 0
24.935, 0.005, 360, 360, 0
24.954, 0.005, 360, 360, 0
24.976, 0.005, 360, 360, 0
24.991, 0.005, 360, 360, 0
25.015, 0.005, 360, 360, 0
25.036, 0.005, 360, 360, 0
25.055, 0.005, 360, 360, 0
25.074, 0.005, 360, 360, 0
25.098, 0.005, 360, 360, 0
25.119, 0.005, 360, 360, 0
25.167, 0.005, 360, 360, 0
25.216, 0.005, 360, 360, 0
25.236, 0.005, 360, 360, 0
25.255, 0.005, 360, 360, 0
25.274, 0.005, 360, 360, 0
25.295, 0.005, 360, 360, 0
25.311, 0.005, 360, 360, 0
25.328, 0.005, 360, 360, 0
25.342, 0.005, 360, 360, 0
25.356, 0.005, 360, 360, 0
25.37, 0.005, 360, 360, 0
25.384, 0.005, 360, 360, 0
25.399, 1, 360, 360.342, 47.154
25.418, 0.384818, 360, 360.889, 0
25.442, 0.479195, 360, 360.889, 0
25.459, 0.501421, 360, 360.889, 0
25.479, 0.528093, 360, 360.889, 0
25.498, 0.550319, 360, 360.821, 0
25.512, 0.550319, 360, 360.752, -31.5157
25.547, 0.516809, 360, 360.616, 0
25.563, 0.492872, 360, 360.616, 0
25.58, 0.448761, 360, 360.547, 0
25.593, 0.456968, 360, 360.547, 0
25.61, 0.462439, 360, 360.479, -6.04037
25.637, 0.436109, 360, 360.479, 0
25.692, 0.4556, 360, 360.479, 0
25.738, 0.467568, 360, 360.479, 1.19105
25.782, 0.310616, 360, 360.821, 29.4527
25.802, 0.552112, 360, 361.163, 0
25.83, 0.552112, 360, 361.094, -30.1938
25.844, 0.517918, 360, 360.957, 0
25.864, 0.473123, 360, 360.889, 0
25.886, 0.486459, 360, 360.821, 0
25.905, 0.486117, 360, 360.821, 0
25.925, 0.467994, 360, 360.752, 0
25.944, 0.479278, 360, 360.684, 0
25.964, 0.470046, 360, 360.684, 0
25.984, 0.497401, 360, 360.684, 0
26.009, 0.528176, 360, 360.684, 0
26.022, 0.548693, 360, 360.684, 0
26.037, 0.56579, 360, 360.616, 0
26.051, 0.556216, 360, 360.616, -56.7073
26.065, 0.53057, 360, 360.479, 0
26.088, 0.506634, 360, 360.41, 0
26.109, 0.455, 360, 360.342, 0
26.13, 0.460129, 360, 360.342, 0
26.147, 0.473807, 360, 360.342, 0
26.168, 0.478936, 360, 360.342, -15.1169
26.188, 0.487485, 360, 0.547112, 0
26.206, 0.102371, 360, 360.205, 0
26.22, 0.108526, 360, 360.205, 0
26.233, 0.114681, 360, 360.205, 0
26.247, 0.11981, 360, 360.205, 0
26.262, 0.128017, 360, 360.205, 0
26.28, 0.131094, 360, 360.205, 0
26.297, 0.134172, 360, 360.205, 0
26.321, 0.143404, 360, 360.205, 0
26.339, 0.147508, 360, 360.205, 0
26.367, 0.158792, 360, 360.205, 0
26.379, 0.0996353, 360, 360.205, 0
26.395, 0.101687, 360, 360.205, 0
26.419, 0.108868, 360, 360.205, 0
26.439, 0.112971, 360, 360.205, 0
26.46, 0.121178, 360, 360.205, 0
26.478, 0.126307, 360, 360.205, 0
26.501, 0.131436, 360, 360.205, 0
26.519, 0.140669, 360, 360.205, 0
26.532, 0.145798, 360, 360.205, 0
26.545, 0.150927, 360, 360.205, 0
26.558, 0.157082, 360, 360.205, 0
26.573, 0.164263, 360, 360.205, 0
26.587, 0.170418, 360, 360.205, 0
26.602, 0.176573, 360, 360.205, 0
26.616, 0.182728, 360, 360.205, 0
26.63, 0.188883, 360, 360.205, 0
26.644, 0.196064, 360, 360.205, 0
26.657, 0.200167, 360, 360.205, 0
26.679, 0.204271, 360, 360.205, 0
26.694, 0.2094, 360, 360.205, 0
26.753, 0.219658, 360, 360.205, 0
26.788, 0.223761, 360, 360.205, 0
26.815, 0.223761, 360, 360.205, 0
26.856, 0.232994, 360, 360.205, 0
26.902, 0.239149, 360, 360.205, 0
26.938, 0.244278, 360, 360.205, 0
26.997, 0.249407, 360, 360.205, 0
27.018, 0.256588, 360, 360.205, 0
27.038, 0.263769, 360, 360.205, 0
27.056, 0.271976, 360, 360.205, 0
27.07, 0.278131, 360, 360.205, 0
27.085, 0.284286, 360, 360.205, 0
27.098, 0.290441, 360, 360.205, 0
27.111, 0.296596, 360, 360.205, 0
27.134, 0.302751, 360, 360.205, 0
27.151, 0.274369, 360, 360.137, 0
27.173, 0.277105, 360, 360.137, 0
27.19, 0.281892, 360, 360.137, 0
27.211, 0.285312, 360, 360.137, 0
27.228, 0.288731, 360, 360.137, 0
27.246, 0.292834, 360, 360.137, 0
27.269, 0.296938, 360, 360.137, 0
27.282, 0.0640729, 360, 360.274, 0
27.296, 0.173495, 360, 360.342, 30.792
27.31, 0.218974, 360, 360.41, 0
27.327, 0.235388, 360, 360.41, 0
27.348, 0.247698, 360, 360.41, 0
27.374, 0.264111, 360, 360.41, 0
27.393, 0.274369, 360, 360.41, 0
27.415, 0.284628, 360, 360.41, -71255.5
27.437, 0.202219, 360, 360.342, 0
27.459, 0.174863, 360, 360.342, 0
27.483, 0.185122, 360, 360.342, 0
27.505, 0.198799, 360, 360.342, 0
27.524, 0.202219, 360, 360.342, 0
27.542, 0.215897, 360, 360.342, 0
27.561, 0.222736, 360, 360.342, 0
27.58, 1, 360, 360.342, 0
27.594, 0.245988, 360, 360.479, 0
27.608, 0.293176, 360, 360.547, 0
27.62, 0.306854, 360, 360.547, 0
27.634, 0.323267, 360, 360.547, 0
27.647, 0.339681, 360, 360.547, 0
27.663, 0.356094, 360, 360.547, 0
27.677, 0.372508, 360, 360.547, 0
27.69, 0.391657, 360, 360.547, 0
27.704, 0.405334, 360, 360.547, 0
27.718, 0.421748, 360, 360.547, 0
27.732, 0.438161, 360, 360.547, 0
27.747, 0.454574, 360, 360.547, 0
27.761, 0.468252, 360, 360.547, 0
27.774, 0.484666, 360, 360.547, 0
27.788, 0.503815, 360, 360.547, 0
27.801, 0.503815, 360, 360.479, 0
27.829, 0.496976, 360, 360.479, 255477
27.843, 0.278815, 360, 360.616, 0
27.857, 0.328397, 360, 360.684, 0
27.87, 0.383108, 360, 360.684, 0
27.884, 0.400205, 360, 360.684, 0
27.898, 0.420722, 360, 360.684, 0
27.912, 0.40636, 360, 360.684, 0
27.925, 0.425167, 360, 360.616, 0
27.94, 0.443632, 360, 360.616, 0
27.953, 0.465175, 360, 360.547, 0
27.968, 0.447394, 360, 360.547, 0
27.983, 0.463807, 360, 360.547, 0
27.996, 0.48022, 360, 360.547, 0
28.008, 0.48022, 360, 360.547, 0
28.024, 0.491163, 360, 360.479, 0
28.048, 0.477143, 360, 360.479, 0
28.075, 0.484324, 360, 360.479, 0
28.092, 0.501079, 360, 360.41, 0
28.11, 0.477485, 360, 360.342, -310105
28.128, 0.448761, 360, 360.342, -36.8277
28.15, 0.179392, 360, 360, -5.78979
28.187, 0.179392, 360, 359.932, 0
28.25, 0.0278267, 360, 359.932, 0
28.271, 0.0291945, 360, 359.932, 0
28.284, 0.0291945, 360, 359.932, 0
28.308, 0.032272, 360, 359.932, 0
28.326, 0.0346657, 360, 359.932, 0
28.345, 0.0363754, 360, 359.932, 0
28.365, 0.0377432, 360, 359.932, 0
28.382, 0.038769, 360, 359.932, 0
28.4, 0.0415046, 360, 359.932, 0
28.422, 0.0432143, 360, 359.932, 0
28.441, 0.0456079, 360, 359.932, 0
28.461, 0.0476596, 360, 359.932, 0
28.475, 0.0412462, 360, 359.932, 0
28.488, 0.042272, 360, 359.932, 0
28.505, 0.0432979, 360, 359.932, 0
28.53, 0.0456915, 360, 359.932, 0
28.551, 0.0480851, 360, 359.932, 0
28.573, 0.0497948, 360, 359.932, 0
28.596, 0.0521884, 360, 359.932, 0
28.613, 0.0528723, 360, 359.932, 0
28.627, 0.055266, 360, 359.932, 0
28.641, 0.0576596, 360, 359.932, 0
28.654, 0.0597112, 360, 359.932, 0
28.668, 0.061421, 360, 359.932, 0
28.682, 0.0638146, 360, 359.932, 0
28.696, 0.0655243, 360, 359.932, 0
28.71, 0.067234, 360, 359.932, 0
28.725, 0.0699696, 360, 359.932, 0
28.74, 0.0706535, 360, 359.932, 0
28.756, 0.0716793, 360, 359.932, 0
28.784, 0.0754407, 360, 359.932, 0
28.806, 0.0774924, 360, 359.932, 0
28.826, 0.0788602, 360, 359.932, 0
28.841, 0.079886, 360, 359.932, 0
28.857, 0.0812538, 360, 359.932, 0
28.875, 0.0839894, 360, 359.932, 0
28.897, 0.0856991, 360, 359.932, 0
28.915, 0.0887766, 360, 359.932, 0
28.929, 0.0904863, 360, 359.932, 0
28.944, 0.0932219, 360, 359.932, 0
28.958, 0.0945897, 360, 359.932, 0
28.978, 0.0959574, 360, 359.932, 0
28.995, 0.0969833, 360, 359.932, 0
29.012, 0.0983511, 360, 359.932, 0
29.033, 0.100745, 360, 359.932, 0
29.05, 0.101771, 360, 359.932, 0
29.071, 0.104848, 360, 359.932, 0
29.096, 0.108267, 360, 359.932, 0
29.11, 0.110319, 360, 359.932, 0
29.123, 0.111345, 360, 359.932, 0
29.142, 0.112029, 360, 359.932, 0
29.159, 0.114764, 360, 359.932, 0
29.179, 0.11579, 360, 359.932, 0
29.2, 0.117158, 360, 359.932, 0
29.221, 0.11921, 360, 359.932, 0
29.238, 0.121603, 360, 359.932, 0
29.254, 0.123313, 360, 359.932, 0
29.273, 1, 360, 360.068, 0
29.296, 0.0640729, 360, 360.342, 0
29.315, 0.176573, 360, 360.342, 0
29.335, 0.183412, 360, 360.342, 0
29.352, 0.188541, 360, 360.342, 0
29.374, 0.203929, 360, 360.342, 0
29.392, 0.212477, 360, 360.342, 0
29.416, 0.224445, 360, 360.342, 0
29.434, 0.238123, 360, 360.342, 0
29.449, 0.248381, 360, 360.342, 0
29.462, 0.25864, 360, 360.342, 0
29.481, 1, 360, 360.342, 0
29.495, 0.2094, 360, 360.547, 0
29.509, 0.328739, 360, 360.616, 0
29.523, 0.347204, 360, 360.616, 0
29.54, 0.362591, 360, 360.547, 0
29.56, 0.342074, 360, 360.547, 0
29.58, 0.353017, 360, 360.547, 0
29.597, 0.361223, 360, 360.547, 0
29.613, 0.383108, 360, 360.547, 0
29.629, 0.39405, 360, 360.547, 0
29.645, 0.407728, 360, 360.547, 0
29.666, 0.421406, 360, 360.547, 0
29.685, 0.432348, 360, 360.547, 0
29.705, 0.454233, 360, 360.547, 0
29.726, 0.46791, 360, 360.547, 0
29.746, 0.473381, 360, 360.547, 0
29.769, 0.495266, 360, 360.547, 0
29.786, 0.508944, 360, 360.479, 0
29.808, 0.49424, 360, 360.41, 0
29.88, 0.44671, 360, 360.342, 0
29.906, 0.44671, 360, 360.342, 0
29.94, 0.427561, 360, 360.274, 0
29.96, 0.433032, 360, 360.205, 0
29.977, 0.402599, 360, 360.137, 0
30, 0.376953, 360, 360.137, 0
30.013, 0.381056, 360, 360.137, 0
30.026, 0.384476, 360, 360.137, 0
30.04, 0.388579, 360, 360.137, 0
30.053, 0.393366, 360, 360.137, 0
30.066, 0.396102, 360, 360.137, 0
30.081, 0.400889, 360, 360.137, 0
30.095, 0.404992, 360, 360.137, 0
30.11, 0.409096, 360, 360.137, 0
30.122, 0.413883, 360, 360.137, 0
30.137, 0.417986, 360, 360.137, 0
30.15, 0.420722, 360, 360.137, 0
30.165, 0.426193, 360, 360.137, 0
30.187, 0.430296, 360, 360.137, 0
30.201, 0.433032, 360, 360.137, 0
30.22, 0.436451, 360, 360.137, 0
30.242, 0.439187, 360, 360.137, 0
30.274, 0.441239, 360, 360.068, 0
30.33, 0.411489, 360, 360.068, 0
30.379, 0.413883, 360, 360.068, 0
30.398, 0.415593, 360, 360.068, 0
30.419, 0.418328, 360, 360.068, 0
30.438, 0.42038, 360, 360.068, 0
30.454, 0.421748, 360, 360.068, 0
30.473, 0.423457, 360, 360.068, 0
30.492, 0.425167, 360, 360.068, 0
30.511, 0.425851, 360, 360.068, 0
30.527, 0.428587, 360, 360.068, 0
30.542, 0.430638, 360, 360.068, 0
30.556, 0.432348, 360, 360, 0
30.569, 0.398153, 360, 360, 0
30.585, 0.398153, 360, 360, 0
30.598, 0.398153, 360, 360, 0
30.612, 0.398153, 360, 360, 0
30.625, 0.398153, 360, 360, 0
30.639, 0.398153, 360, 360, 0
30.654, 0.398153, 360, 360, 0
30.676, 0.398153, 360, 360, 0
30.7, 0.398153, 360, 360, 0
30.713, 0.398153, 360, 360, 0
30.734, 0.398153, 360, 360, 0
30.751, 0.398153, 360, 360, 0
30.767, 0.398153, 360, 360, 0
30.79, 0.398153, 360, 360, 0
30.807, 0.398153, 360, 360, 0
30.825, 0.005, 360, 360.068, 0
30.838, 0.0661246, 360, 360.205, 0
30.853, 0.106474, 360, 360.205, 0
30.867, 0.112629, 360, 360.205, 0
30.881, 0.11981, 360, 360.205, 0
30.896, 0.125965, 360, 360.205, 0
30.908, 0.131094, 360, 360.205, 0
30.923, 0.138275, 360, 360.205, 0
30.938, 0.14443, 360, 360.205, 0
30.95, 0.149559, 360, 360.205, 0
30.963, 0.153663, 360, 360.205, 0
30.984, 0.158792, 360, 360.205, 0
30.998, 0.162895, 360, 360.205, 0
31.025, 0.171102, 360, 360.205, 0
31.048, 0.175205, 360, 360.205, 0
31.085, 0.175205, 360, 360.205, 0.246101
31.124, 0.101687, 360, 360.205, 0
31.142, 0.103739, 360, 360.205, 0
31.158, 0.112971, 360, 360.205, 0
31.17, 0.1181, 360, 360.205, 0
31.185, 0.126307, 360, 360.205, 0
31.199, 0.132462, 360, 360.205, 0
31.213, 0.138617, 360, 360.205, 0
31.228, 0.143746, 360, 360.205, 0
31.241, 0.144772, 360, 360.205, 0
31.257, 0.148875, 360, 360.205, 0
31.279, 0.157082, 360, 360.205, 0
31.298, 0.157082, 360, 360.205, 0
31.322, 0.166315, 360, 360.205, 0
31.338, 0.169392, 360, 360.205, 0
31.36, 0.178625, 360, 360.205, 0
31.382, 0.182728, 360, 360.205, 0
31.404, 0.189909, 360, 360.205, 0
31.421, 0.192986, 360, 360.205, 0
31.435, 0.200167, 360, 360.205, 0
31.446, 0.205296, 360, 360.205, 0
31.458, 0.211451, 360, 360.205, 0
31.471, 0.217606, 360, 360.205, 0
31.485, 0.224787, 360, 360.205, 0
31.499, 0.228891, 360, 360.205, 0
31.513, 0.236071, 360, 360.205, 0
31.527, 0.242226, 360, 360.205, 0
31.541, 0.248381, 360, 360.205, 0
31.555, 0.254536, 360, 360.205, 0
31.569, 0.261717, 360, 360.205, 0
31.583, 0.266847, 360, 360.205, 0
31.596, 0.273002, 360, 360.205, 0
31.611, 0.279157, 360, 360.205, 0
31.625, 0.28326, 360, 360.205, -16.3337
31.648, 0.254536, 360, 360.137, 0
31.668, 0.257272, 360, 360.137, 0
31.683, 0.260691, 360, 360.137, -327763
31.702, 0.0654407, 360, 360.137, 0
31.716, 0.0695441, 360, 360.137, 0
31.731, 0.0736474, 360, 360.137, 0
31.744, 0.0770669, 360, 360.137, 0
31.759, 0.0811702, 360, 360.137, 0
31.771, 0.0811702, 360, 360.137, 0
31.791, 0.0880091, 360, 360.137, 0
31.806, 0.0921125, 360, 360.137, 0
31.82, 0.0962158, 360, 360.137, 0
31.835, 0.100319, 360, 360.137, 0
31.849, 0.105106, 360, 360.137, 0
31.864, 0.10921, 360, 360.137, 0
31.879, 0.113313, 360, 360.137, 0
31.892, 0.116733, 360, 360.137, 0
31.903, 0.0999772, 360, 360.205, 62.1154
31.915, 0.176573, 360, 360.342, 0
31.928, 0.186831, 360, 360.342, 0
31.941, 0.19709, 360, 360.342, 0
31.954, 0.207348, 360, 360.342, 0
31.967, 0.215897, 360, 360.342, 0
31.981, 0.226155, 360, 360.342, 0
31.995, 0.236413, 360, 360.342, 0
32.009, 0.248381, 360, 360.342, 0
32.022, 0.25522, 360, 360.342, 0
32.037, 0.262059, 360, 360.342, 0
32.052, 0.167682, 360, 360.342, 0
32.069, 0.18136, 360, 360.342, 0
32.089, 0.189909, 360, 360.342, 0
32.108, 0.198457, 360, 360.342, 0
32.126, 0.201877, 360, 360.342, 0
32.148, 0.212135, 360, 360.342, 0
32.164, 0.217264, 360, 360.342, 0
32.187, 0.232652, 360, 360.342, 0
32.208, 0.24462, 360, 360.342, 0
32.231, 0.254878, 360, 360.342, 0
32.25, 0.258298, 360, 360.342, 0
32.266, 0.266847, 360, 360.342, 0
32.287, 0.277105, 360, 360.342, 0
32.301, 0.285653, 360, 360.342, 0
32.318, 0.297622, 360, 360.342, 0
32.339, 0.30788, 360, 360.342, 0
32.363, 0.319848, 360, 360.342, 0
32.381, 0.328397, 360, 360.342, 0
32.403, 0.336945, 360, 360.342, 0
32.448, 0.348913, 360, 360.342, 0
32.503, 0.36772, 360, 360.342, 0
32.52, 0.376269, 360, 360.342, 0
32.543, 0.383108, 360, 360.342, 0
32.559, 0.388237, 360, 360.342, 0
32.574, 0.395076, 360, 360.342, 0
32.59, 0.403625, 360, 360.342, 0
32.611, 0.413883, 360, 360.342, 0
32.628, 0.419012, 360, 360.342, 0
32.662, 0.4344, 360, 360.342, 0
32.684, 0.444658, 360, 360.342, 0
32.699, 0.453207, 360, 360.342, 0
32.71, 0.461755, 360, 360.342, 0
32.725, 0.440555, 360, 360.274, 0
32.739, 0.440555, 360, 360.274, 0
32.756, 0.450129, 360, 360.205, -13.2409
32.779, 0.388579, 360, 360.137, 0
32.8, 0.391315, 360, 360.137, 0
32.817, 0.396102, 360, 360.137, 0
32.838, 0.399521, 360, 360.137, 0
32.868, 0.400889, 360, 360.068, 0
32.909, 0.403625, 360, 360.068, 0
32.951, 0.372166, 360, 360.068, 0
32.987, 0.137249, 360, 360.342, 0
33.001, 0.179992, 360, 360.342, 0
33.016, 0.190251, 360, 360.342, 0
33.029, 0.200509, 360, 360.342, 0
33.044, 0.212477, 360, 360.342, 0
33.057, 0.221026, 360, 360.342, 0
33.071, 0.231284, 360, 360.342, 0
33.085, 0.239833, 360, 360.342, 0
33.098, 0.250091, 360, 360.342, 0
33.114, 0.262059, 360, 360.342, 0
33.127, 0.270608, 360, 360.342, 0
33.143, 0.284286, 360, 360.342, 0
33.157, 0.292834, 360, 360.342, 0
33.172, 0.303093, 360, 360.342, 0
33.184, 0.313351, 360, 360.342, 0
33.198, 0.316771, 360, 360.342, 0
33.223, 0.332158, 360, 360.342, 0
33.244, 0.338997, 360, 360.342, 0
33.264, 0.347546, 360, 360.342, 0
33.283, 0.364643, 360, 360.342, 0
33.296, 0.374901, 360, 360.342, -328066
33.31, 0.169392, 360, 360.342, 0
33.323, 0.17965, 360, 360.342, 0
33.335, 0.189909, 360, 360.342, 0
33.348, 0.203587, 360, 360.342, 0
33.36, 0.213845, 360, 360.342, 0
33.373, 0.224103, 360, 360.342, 0
33.386, 0.232652, 360, 360.342, 0
33.401, 0.234362, 360, 360.342, 0
33.446, 0.24633, 360, 360.342, 0
33.468, 0.256588, 360, 360.342, 0
33.484, 0.261717, 360, 360.342, 0
33.507, 0.275395, 360, 360.342, 0
33.529, 0.289073, 360, 360.342, 0
33.542, 0.301041, 360, 360.342, 0
33.557, 0.311299, 360, 360.342, 0
33.572, 0.321558, 360, 360.342, 0
33.585, 0.331816, 360, 360.342, 0
33.601, 0.342074, 360, 360.342, 0
33.615, 0.354043, 360, 360.342, 0
33.63, 0.364301, 360, 360.342, 0
33.644, 0.374559, 360, 360.342, 0
33.661, 0.383108, 360, 360.342, 0
33.676, 0.393366, 360, 360.342, 0
33.694, 0.401915, 360, 360.342, 0
33.713, 0.410464, 360, 360.342, 0
33.734, 0.415593, 360, 360.342, 0
33.755, 0.427561, 360, 360.342, 0
33.77, 0.4344, 360, 360.342, 0
33.787, 0.442948, 360, 360.342, 0
33.831, 0.451497, 360, 360.342, 0
33.866, 0.461755, 360, 360.342, 0
33.907, 0.470304, 360, 360.205, 0
33.946, 0.410464, 360, 360.137, 0
33.965, 0.379005, 360, 360.137, 0
33.982, 0.381056, 360, 360.137, 0
34.004, 0.387211, 360, 360.137, 0
34.024, 0.389947, 360, 360.137, 0
34.06, 0.396102, 360, 360.137, 0
34.075, 0.400205, 360, 360.137, 0
34.088, 0.404992, 360, 360.137, 0
34.102, 0.409096, 360, 360.137, 0
34.116, 0.411831, 360, 360.137, 0
34.136, 0.414567, 360, 360.137, 0
34.151, 0.0640729, 360, 360.274, 14.8963
34.172, 0.174863, 360, 360.342, 0
34.19, 0.178283, 360, 360.342, 0
34.217, 0.19196, 360, 360.342, 0
34.238, 0.202219, 360, 360.342, 0
34.255, 0.214187, 360, 360.342, 0
34.276, 0.222736, 360, 360.342, 0
34.298, 1, 360, 360.41, 57.0384
34.31, 0.353017, 360, 360.684, 0
34.322, 0.443974, 360, 360.821, 0
34.335, 0.464491, 360, 360.821, 0
34.348, 0.476801, 360, 360.821, 0
34.368, 0.493214, 360, 360.752, 0
34.385, 0.470646, 360, 360.684, 0
34.422, 0.468252, 360, 360.684, 0
34.479, 0.488769, 360, 360.684, -15.9267
34.536, 0.516125, 360, 360.616, 0
34.57, 0.462781, 360, 360.479, 0
34.616, 0.44329, 360, 360.479, 0
34.65, 0.452865, 360, 360.479, -5.36267e+08
34.696, 0.421831, 360, 361.368, 0
34.718, 0.586307, 360, 361.436, 0
34.741, 0.723085, 360, 361.231, 0
34.759, 0.620502, 360, 361.094, -14.9943
34.782, 0.488511, 360, 360.889, 0
34.797, 0.472439, 360, 360.889, -316452
34.821, 0.413541, 360, 360.821, 0
34.835, 0.438161, 360, 360.821, 0
34.849, 0.431664, 360, 360.752, 0
34.862, 0.44671, 360, 360.752, 0
34.877, 0.476801, 360, 360.752, 0
34.892, 0.480562, 360, 360.752, 0
34.915, 0.514415, 360, 360.752, 0
34.93, 0.514415, 360, 360.684, 0
34.952, 0.515441, 360, 360.684, 0
34.994, 0.525699, 360, 360.684, 0
35.016, 0.546216, 360, 360.616, 0
35.039, 0.504157, 360, 360.479, 0
35.053, 0.487743, 360, 360.479, 0
35.068, 0.469962, 360, 360.41, 0
35.089, 0.48022, 360, 360.342, 0
35.108, 0.452865, 360, 360.342, 0
35.131, 0.466543, 360, 360.342, 0
35.148, 0.475091, 360, 360.342, 0
35.169, 0.48193, 360, 360.342, 0
35.2, 0.48535, 360, 360.137, 60.5749
35.242, 0.356436, 360, 360.068, 0
35.274, 0.359514, 360, 360.068, 0
35.315, 0.360881, 360, 360.068, 0
35.346, 0.361907, 360, 18.1231, 0
35.373, 0.363617, 360, 360.068, 0
35.392, 0.0315881, 360, 360.068, 0
35.413, 0.0329559, 360, 360.068, 0
35.431, 0.0353495, 360, 360.068, 0
35.448, 0.0367173, 360, 360.068, 0
35.47, 0.0380851, 360, 360.068, 0
35.492, 0.0401368, 360, 360.068, 0
35.508, 0.0411626, 360, 360.068, 0
35.527, 0.0438982, 360, 360.068, 0
35.548, 0.045266, 360, 360.068, 0
35.565, 0.0462918, 360, 360.068, 0
35.587, 0.0493693, 360, 360.068, 0
35.608, 0.0503951, 360, 360.068, 0
35.625, 0.0521049, 360, 360.068, 0
35.645, 0.0541565, 360, 360.068, 0
35.662, 0.0558663, 360, 360.068, 0
35.679, 0.0568921, 360, 360.068, 0
35.695, 0.0582599, 360, 360.068, 0
35.717, 0.0613374, 360, 360.068, 0
35.735, 0.0620213, 360, 360.068, 0
35.751, 0.0633891, 360, 360.068, 0
35.772, 0.0664666, 360, 360.068, 0
35.791, 0.0671505, 360, 360.068, 0
35.813, 0.070228, 360, 360.068, 0
35.831, 0.0719377, 360, 360.068, 0
35.85, 0.0739894, 360, 360.068, 0
35.87, 0.0756991, 360, 360.068, 0
35.891, 0.0770669, 360, 360.068, 0
35.913, 0.0798024, 360, 360.068, 0
35.93, 0.0815122, 360, 360.068, 0
35.944, 0.0815122, 360, 360.068, 0
35.966, 0.0849316, 360, 360.068, 0
35.984, 0.0866413, 360, 360.068, 0
36.006, 0.0880091, 360, 360.068, 0
36.028, 0.0907447, 360, 360.068, 0
36.05, 0.0921125, 360, 360.068, 0
36.063, 0.0945061, 360, 360.068, 0
36.078, 0.0972416, 360, 360.068, 0
36.092, 0.0992933, 360, 360.068, 0
36.107, 0.101345, 360, 360.068, 0
36.12, 0.103055, 360, 360.068, 0
36.135, 0.105106, 360, 360.068, 0
36.148, 0.107158, 360, 360.068, 0
36.163, 0.109552, 360, 360.068, 0
36.178, 0.111603, 360, 360.068, 0
36.192, 0.113655, 360, 360.068, 0
36.205, 0.115707, 360, 360.068, 0
36.219, 0.115707, 360, 360.068, 0
36.234, 0.118442, 360, 360.068, 0
36.25, 0.11981, 360, 360.068, 0
36.269, 0.12152, 360, 360.068, 0
36.291, 0.123913, 360, 360.068, 0
36.312, 0.125281, 360, 360.068, 0
36.327, 0.126307, 360, 360.068, 0
36.344, 0.129043, 360, 360.068, 0
36.363, 0.131094, 360, 360.068, 0
36.384, 0.132804, 360, 360.068, 0
36.403, 0.134514, 360, 360.068, 0
36.421, 0.135198, 360, 360.068, 0
36.439, 0.137249, 360, 360.068, 0
36.472, 0.141011, 360, 360.068, 0
36.49, 0.14272, 360, 360.068, 0
36.512, 0.144088, 360, 360.068, 0
36.533, 0.146824, 360, 360.068, 0
36.555, 0.148875, 360, 360.068, 0
36.582, 0.151611, 360, 360.068, 0
36.603, 0.154005, 360, 360.068, 0
36.624, 0.155714, 360, 360.068, 0
36.643, 0.15674, 360, 360.068, 0
36.664, 0.16016, 360, 360.068, 0
36.678, 0.162211, 360, 360.068, 0
36.693, 0.164263, 360, 360.068, 0
36.708, 0.166315, 360, 360.068, 0
36.723, 0.168708, 360, 360.068, 0
36.745, 0.17076, 360, 360.068, 0
36.763, 0.17247, 360, 360.068, 410334
36.786, 0.0302204, 360, 360.068, 0
36.799, 0.0319301, 360, 360.068, 0
36.813, 0.0343237, 360, 360.068, 0
36.826, 0.0356915, 360, 360.068, 0
36.844, 0.0377432, 360, 360.068, 0
36.858, 0.0401368, 360, 360.068, 0
36.872, 0.0418465, 360, 360.068, 0
36.885, 0.0438982, 360, 360.068, 0
36.899, 0.0459498, 360, 360.068, 0
36.917, 0.0476596, 360, 360.068, 0
36.938, 0.0490274, 360, 360.068, 0
36.955, 0.0500532, 360, 360.068, 0
36.974, 0.0527888, 360, 360.068, 0
36.992, 0.0544985, 360, 360.068, 0
37.016, 0.057234, 360, 360.068, 0
37.036, 0.0589438, 360, 360.068, 0
37.055, 0.0596277, 360, 360.068, 0
37.086, 0.0627052, 360, 360.068, 0
37.124, 0.0647568, 360, 360.068, 0
37.159, 0.0664666, 360, 360.068, 0
37.194, 0.0681763, 360, 360.068, 0
37.241, 0.070228, 360, 360.068, 0
37.273, 0.0729635, 360, 360.068, 0
37.296, 0.0750152, 360, 360.068, 0
37.314, 0.0770669, 360, 360.068, 0
37.335, 0.0787766, 360, 360.068, 213817
37.353, 0.0996353, 360, 360.205, 0
37.367, 0.136223, 360, 360.342, 0
37.386, 0.176573, 360, 360.342, 0
37.403, 0.186831, 360, 360.342, 0
37.419, 0.19196, 360, 360.342, 0
37.453, 0.207348, 360, 360.342, 0
37.476, 0.219316, 360, 360.342, 0
37.497, 0.226155, 360, 360.342, 0
37.514, 0.231284, 360, 360.342, 0
37.531, 0.238123, 360, 360.342, 0
37.556, 0.25522, 360, 360.342, 0
37.578, 0.262059, 360, 360.342, 0
37.591, 0.262059, 360, 360.342, 0
37.66, 0.280866, 360, 361.299, 30.6128
37.722, 1, 360, 362.667, 0
37.732, 1, 360, 361.71, -61.5933
37.759, 0.488511, 360, 360.752, -29.6185
37.775, 0.262827, 360, 360.342, 0
37.794, 0.20367, 360, 360.274, 0
37.815, 0.174947, 360, 360.274, 0
37.831, 0.17905, 360, 360.274, 0
37.852, 0.19136, 360, 360.274, 0
37.872, 0.196831, 360, 360.274, 0
37.892, 0.207774, 360, 360.274, 0
37.909, 0.214612, 360, 360.274, 0
37.924, 0.220084, 360, 360.274, 0
37.944, 0.226922, 360, 360.274, 0
37.965, 0.232394, 360, 360.274, 0
37.982, 0.236497, 360, 360.274, 0
38.005, 0.25291, 360, 360.274, 0
38.018, 0.25291, 360, 360.274, 0
38.04, 0.262485, 360, 360.274, 0
38.062, 0.27753, 360, 360.274, 0
38.077, 0.285737, 360, 360.274, 0
38.09, 0.292576, 360, 360.274, 0
38.104, 0.300783, 360, 360.274, 0
38.117, 0.308989, 360, 360.274, 0
38.135, 0.315828, 360, 0, -1.20533e+09
38.151, 0.144514, 360, 360.274, 0
38.166, 0.149985, 360, 360.274, 0
38.185, 0.154088, 360, 360.274, 0
38.209, 0.16503, 360, 360.274, 0
38.233, 0.174605, 360, 360.274, 0
38.249, 0.180076, 360, 360.274, 0
38.267, 0.186915, 360, 360.274, 0
38.289, 0.191018, 360, 360.274, 0
38.302, 0.134514, 360, 360.342, 0
38.315, 0.213845, 360, 360.479, 0
38.329, 0.262401, 360, 360.479, 0
38.342, 0.274369, 360, 360.479, 0
38.357, 0.293518, 360, 360.479, 0
38.372, 0.30788, 360, 360.479, 0
38.387, 0.322242, 360, 360.479, 0
38.401, 0.336603, 360, 360.479, 0
38.414, 0.348571, 360, 360.479, 0
38.43, 0.36772, 360, 360.479, 0
38.447, 0.382082, 360, 360.479, 0
38.459, 0.396444, 360, 360.479, 0
38.473, 0.410805, 360, 360.479, 0
38.487, 0.427561, 360, 360.479, 0
38.505, 0.437135, 360, 360.479, 0
38.524, 0.44671, 360, 360.479, 0
38.543, 0.456284, 360, 360.479, 0
38.56, 0.470646, 360, 360.479, 0
38.576, 0.477827, 360, 360.479, 0
38.599, 0.464149, 360, 360.41, 0
38.618, 0.437819, 360, 360.342, 0
38.646, 0.449787, 360, 360.342, 0
38.668, 0.463465, 360, 360.342, 0
38.686, 0.466884, 360, 360.342, 0
38.71, 0.482272, 360, 360.274, inf
38.737, 1, 360, 359.726, -17.4462
38.764, 0.246755, 360, 359.521, 0
38.777, 0.190676, 360, 359.658, 278.004
38.79, 0.190676, 360, 359.726, 0
38.812, 0.169476, 360, 359.726, 0
38.83, 0.176315, 360, 359.726, 0
38.852, 0.185889, 360, 359.726, 0
38.867, 0.149985, 360, 359.726, 0
38.881, 0.158191, 360, 359.726, 0
38.894, 0.158191, 360, 359.726, 0
38.916, 0.170502, 360, 359.726, 0
38.933, 0.173237, 360, 359.726, 0
38.951, 0.184179, 360, 359.726, 0
38.966, 0.18965, 360, 359.726, 0
38.985, 0.196489, 360, 359.726, 0
39.004, 0.203328, 360, 359.726, 0
39.023, 0.208799, 360, 359.726, 0
39.041, 0.212903, 360, 359.726, 0
39.063, 0.225213, 360, 359.726, 0
39.085, 0.234787, 360, 359.726, 0
39.108, 0.241626, 360, 359.726, 0
39.131, 0.252568, 360, 359.726, 0
39.153, 0.259407, 360, 359.795, 0
39.174, 0.233419, 360, 359.795, 0
39.192, 0.235471, 360, 359.795, 0
39.209, 0.239574, 360, 359.795, 0
39.236, 0.250859, 360, 359.795, 0
39.256, 0.255988, 360, 359.795, 0
39.278, 0.263169, 360, 359.795, 0
39.298, 0.268298, 360, 359.795, 0
39.317, 0.273427, 360, 359.795, 0
39.341, 0.278556, 360, 359.795, 0
39.359, 0.284711, 360, 359.795, 0
39.383, 0.291892, 360, 359.795, 0
39.396, 0.298047, 360, 359.795, 0
39.412, 0.304202, 360, 359.795, 0
39.427, 0.312409, 360, 359.795, 0
39.442, 0.31446, 360, 359.795, 0
39.469, 0.317538, 360, 359.795, 0
39.514, 0.324719, 360, 359.795, 0
39.555, 0.328822, 360, 359.795, 0
39.59, 0.339081, 360, 359.795, 0
39.612, 0.343184, 360, 359.795, 0
39.64, 0.353442, 360, 359.795, 0
39.658, 0.358571, 360, 359.795, 0
39.677, 0.363701, 360, 359.795, 0
39.698, 0.366778, 360, 359.795, 0
39.722, 0.373959, 360, 359.795, 0
39.744, 0.382166, 360, 359.795, 0
39.762, 0.384217, 360, 359.795, 0
39.786, 0.391398, 360, 359.795, 0
39.81, 0.399605, 360, 359.795, 0
39.828, 0.401657, 360, 359.795, 0
39.851, 0.412941, 360, 359.795, 0
39.864, 0.419096, 360, 359.795, 0
39.878, 0.425251, 360, 359.795, 0
39.892, 0.431406, 360, 359.795, 0
39.908, 0.438587, 360, 359.795, 0
39.923, 0.444742, 360, 359.795, 0
39.936, 0.450897, 360, 359.795, 0
39.952, 0.422515, 360, 359.863, 0
39.965, 0.427302, 360, 359.863, 0
39.979, 0.429354, 360, 359.932, 0
39.992, 0.363017, 360, 360, 0
40.008, 0.363017, 360, 360, 0
40.022, 0.363017, 360, 360, 0
40.036, 0.363017, 360, 360, 0
40.05, 0.363017, 360, 360, 0
40.064, 0.363017, 360, 360, 0
40.077, 0.363017, 360, 360, 0
40.091, 0.363017, 360, 360, 0
40.105, 0.363017, 360, 360, 0
40.118, 0.363017, 360, 360, 0
40.132, 0.363017, 360, 360, 0
40.145, 0.363017, 360, 360, 0
40.16, 0.363017, 360, 360, 0
40.178, 0.363017, 360, 360, 0
40.194, 0.363017, 360, 360, 0
40.223, 0.363017, 360, 360, 0
40.24, 0.363017, 360, 360, 0
40.26, 0.363017, 360, 360, 0
40.281, 0.363017, 360, 360, 0
40.327, 0.363017, 360, 360, 0
40.348, 0.363017, 360, 360, 0
40.37, 0.363017, 360, 360, 0
40.386, 0.363017, 360, 360, 0
40.403, 0.005, 360, 360.068, 0
40.415, 0.0657827, 360, 360.205, 0
40.428, 0.106132, 360, 360.205, 0
40.443, 0.112287, 360, 360.205, 0
40.459, 0.118442, 360, 360.205, 0
40.473, 0.124597, 360, 360.205, 0
40.487, 0.130752, 360, 360.205, 0
40.501, 0.134856, 360, 360.205, 0
40.519, 0.141011, 360, 360.205, 0
40.534, 0.148191, 360, 360.205, 0
40.549, 0.154347, 360, 360.205, 0
40.562, 0.160502, 360, 360.205, 0
40.576, 0.165631, 360, 360.205, 0
40.591, 0.171786, 360, 360.205, 0
40.604, 0.178967, 360, 360.205, 0
40.619, 0.185122, 360, 360.205, 0
40.633, 0.190251, 360, 360.205, 0
40.647, 0.191277, 360, 360.205, 0
40.663, 0.199483, 360, 0, -3.76784e+09
40.677, 0.199483, 360, 360.205, 0
40.693, 0.109635, 360, 360.205, 0
40.714, 0.116816, 360, 360.205, 0
40.735, 0.125023, 360, 360.205, 0
40.762, 0.131178, 360, 360.205, 0
40.782, 0.134255, 360, 360.205, 0
40.81, 0.137333, 360, 360.205, 0
40.853, 0.144514, 360, 360.205, 0
40.877, 0.153746, 360, 360.205, 0
40.897, 0.160927, 360, 360.205, 0
40.917, 0.166056, 360, 360.205, 0
40.94, 0.171185, 360, 360.205, 0
40.961, 0.179392, 360, 360.205, 0
40.988, 0.183495, 360, 360.205, 0
41.004, 0.186573, 360, 360.205, 0
41.02, 0.19478, 360, 360.205, 0
41.041, 0.199909, 360, 360.205, 0
41.062, 0.202986, 360, 360.205, 0
41.083, 0.212219, 360, 360.205, 0
41.102, 0.220426, 360, 360.205, 0
41.117, 0.226581, 360, 360.205, 0
41.13, 0.232736, 360, 360.205, 0
41.145, 0.238891, 360, 360.205, 0
41.158, 0.24402, 360, 360.205, 0
41.173, 0.252226, 360, 360.205, 0
41.187, 0.258381, 360, 360.205, 0
41.201, 0.263511, 360, 360.205, 0
41.213, 0.263511, 360, 360.205, 0
41.254, 0.267614, 360, 360.205, -5.70099
41.295, 0.274795, 360, 360.137, 0
41.337, 0.242994, 360, 360.137, 0
41.373, 0.242994, 360, 360.137, 0
41.41, 0.242994, 360, 360.137, 0
41.457, 0.25462, 360, 360.137, 0
41.526, 0.258723, 360, 360.137, 0
41.608, 0.267614, 360, 360.137, 0
41.626, 0.271717, 360, 360.137, 0
41.646, 0.275137, 360, 360.137, 0
41.665, 0.27924, 360, 360.137, 0
41.687, 0.28266, 360, 360.137, 0
41.705, 0.286079, 360, 360.137, 0
41.723, 0.287447, 360, 360.137, 0
41.736, 0.293602, 360, 360.137, 0
41.75, 0.297021, 360, 360.137, 0
41.763, 0.301125, 360, 360.137, 0
41.778, 0.305228, 360, 360.137, 0
41.792, 0.307964, 360, 360.137, 0
41.814, 0.310699, 360, 360.137, 0
41.836, 0.314802, 360, 360.137, 0
41.853, 0.31959, 360, 360.137, 0
41.869, 0.324377, 360, 360.137, 0
41.881, 0.32848, 360, 360.137, 0
41.895, 0.3319, 360, 360.137, 0
41.908, 0.336003, 360, 360.137, 0
41.925, 0.339422, 360, 360.137, 0
41.942, 0.340106, 360, 360.137, nan
41.956, 0.346261, 360, 360.137, 0
41.971, 0.351733, 360, 360.137, 0
41.986, 0.355836, 360, 360.137, 0
41.999, 0.359939, 360, 360.137, 0
42.013, 0.363359, 360, 360.137, 0
42.026, 0.367462, 360, 360.137, 0
42.04, 0.371565, 360, 360.137, 0
42.058, 0.374985, 360, 360.137, 0
42.082, 0.37772, 360, 360.137, nan
42.105, 0.0647568, 360, 360.205, 0.614719
42.118, 0.141695, 360, 360.274, 0
42.132, 0.141695, 360, 360.274, 0
42.155, 0.154005, 360, 360.274, 0
42.171, 0.159476, 360, 360.274, 0
42.19, 0.166315, 360, 360.274, 0
42.211, 0.171786, 360, 360.274, 0
42.231, 0.182728, 360, 360.274, 0
42.25, 0.189567, 360, 360.274, 0
42.272, 0.195038, 360, 360.274, 0
42.29, 0.199141, 360, 360.274, 0
42.313, 0.210084, 360, 360.274, 0
42.33, 0.214187, 360, 360.274, 0
42.352, 0.226497, 360, 360.274, 0
42.369, 0.229233, 360, 360.274, 0
42.386, 0.240175, 360, 360.274, 0
42.406, 0.247014, 360, 360.274, 0
42.427, 0.252485, 360, 360.274, 0
42.447, 0.262059, 360, 360.274, 60503.4
42.473, 0.144514, 360, 360.205, -59.6763
42.486, 0.0456915, 360, 360.068, 0
42.5, 0.0480851, 360, 360.068, 0
42.513, 0.0497948, 360, 360.068, 0
42.528, 0.0518465, 360, 360.068, 0
42.541, 0.0538982, 360, 360.068, 0
42.557, 0.0559498, 360, 360.068, 0
42.571, 0.0583435, 360, 360.068, 0
42.584, 0.0597112, 360, 360.068, 0
42.599, 0.0624468, 360, 360.068, 0
42.613, 0.0641565, 360, 360.068, 0
42.627, 0.0665502, 360, 360.068, 0
42.64, 0.0682599, 360, 360.068, 0
42.656, 0.0703116, 360, 360.068, 0
42.67, 0.0730471, 360, 360.068, 0
42.685, 0.0750988, 360, 360.068, 0
42.701, 0.0771505, 360, 360.068, 0
42.714, 0.0792021, 360, 360.068, 0
42.727, 0.0809119, 360, 360.068, 0
42.741, 0.0833055, 360, 360.068, 0
42.755, 0.0853571, 360, 360.068, 0
42.77, 0.0874088, 360, 360.068, 0
42.784, 0.0894605, 360, 360.068, 0
42.801, 0.0911702, 360, 360.068, 0
42.819, 0.0928799, 360, 360.068, 0
42.84, 0.0942477, 360, 360.068, 0
42.857, 0.0966413, 360, 360.068, 0
42.87, 0.0983511, 360, 360.068, 0
42.885, 0.100403, 360, 360.068, 0
42.9, 0.102796, 360, 360.068, 0
42.915, 0.104848, 360, 360.068, 0
42.927, 0.106558, 360, 360.068, 0
42.942, 0.108609, 360, 360.068, 0
42.957, 0.110661, 360, 360.068, 0
42.971, 0.113055, 360, 360.068, 0
42.986, 0.115106, 360, 360.068, 0
42.999, 0.117158, 360, 360.068, 0
43.012, 0.118868, 360, 360.068, 0
43.027, 0.121261, 360, 360.068, 0
43.04, 0.123655, 360, 360.068, 0
43.054, 0.125023, 360, 360.068, 0
43.069, 0.127758, 360, 360.068, 0
43.082, 0.129468, 360, 360.068, 0
43.097, 0.13152, 360, 360.068, 0
43.11, 0.133571, 360, 360.068, 0
43.13, 0.135281, 360, 360.068, 0
43.151, 0.136649, 360, 360.068, 0
43.164, 0.136649, 360, 360.068, 0
43.176, 0.14041, 360, 360.068, 0
43.188, 0.142462, 360, 360.068, 0
43.204, 0.144514, 360, 360.068, 0
43.217, 0.146907, 360, 360.068, 0
43.23, 0.147933, 360, 360.068, 0
43.247, 0.149643, 360, 360.068, 0
43.269, 0.151011, 360, 360.068, 0
43.287, 0.153404, 360, 360.068, 0
43.308, 0.155114, 360, 360.068, 1.07142e+09
43.331, 0.0395365, 360, 360.068, 0
43.35, 0.0412462, 360, 360.068, 0
43.373, 0.042614, 360, 360.068, 0
43.39, 0.0436398, 360, 360.068, 0
43.405, 0.0460334, 360, 360.068, 0
43.422, 0.0477432, 360, 360.068, 0
43.44, 0.0497948, 360, 360.068, 0
43.453, 0.0305623, 360, 360.068, 0
43.468, 0.032614, 360, 360.068, 0
43.483, 0.0350076, 360, 360.068, 0
43.497, 0.0370593, 360, 360.068, 0
43.511, 0.0391109, 360, 360.068, 0
43.527, 0.0408207, 360, 360.068, 0
43.54, 0.0432143, 360, 360.068, 0
43.554, 0.045266, 360, 360.068, 0
43.567, 0.0473176, 360, 360.068, 0
43.58, 0.0493693, 360, 360.068, 0
43.593, 0.0521049, 360, 360.068, 0
43.605, 0.0541565, 360, 360.068, 0
43.618, 0.0562082, 360, 360.068, 0
43.63, 0.0582599, 360, 360.068, 0
43.643, 0.0603116, 360, 360.068, 0
43.655, 0.0620213, 360, 360.068, 0
43.668, 0.063731, 360, 360.068, 0
43.681, 0.0661246, 360, 360.068, 0
43.696, 0.0681763, 360, 360.068, 0
43.709, 0.069886, 360, 360.068, 0
43.724, 0.0719377, 360, 360.068, 0
43.738, 0.0739894, 360, 360.068, 0
43.753, 0.0753571, 360, 360.068, 0
43.774, 0.0770669, 360, 360.068, 0
43.788, 0.0784347, 360, 360.068, 0
43.806, 0.0801444, 360, 360.068, 0
43.821, 0.0801444, 360, 360.068, 0
43.839, 0.0828799, 360, 360.068, 0
43.861, 0.0852736, 360, 360.068, 0
43.883, 0.0873252, 360, 360.068, 0
43.901, 0.088693, 360, 360.068, 0
43.923, 0.0907447, 360, 360.068, 0
43.94, 0.0934802, 360, 360.068, 0
43.955, 0.0955319, 360, 360.068, 0
43.975, 0.0968997, 360, 360.068, 0
44.03, 0.0992933, 360, 360.068, 0
44.103, 0.102029, 360, 360.068, 0
44.176, 0.105106, 360, 360.068, 0
44.278, 0.109552, 360, 360.068, 0
44.34, 0.112971, 360, 360.068, 0
44.356, 0.114339, 360, 360.068, 0
44.372, 0.115365, 360, 360.068, 0
44.393, 0.117758, 360, 360.068, 0
44.416, 0.120494, 360, 360.068, 0
44.432, 0.121178, 360, 360.068, 0
44.454, 0.123229, 360, 360.068, 0
44.471, 0.124255, 360, 360.068, 0
44.489, 0.126991, 360, 360.068, 0
44.511, 0.129043, 360, 360.068, 0
44.54, 0.129726, 360, 360.068, 0
44.603, 0.134172, 360, 360.068, 0
44.627, 0.136565, 360, 360.068, 0
44.645, 0.138275, 360, 360.068, 0
44.664, 0.140327, 360, 360.068, 0
44.686, 0.142378, 360, 360.068, 0
44.704, 0.144088, 360, 360.068, 0
44.722, 0.144772, 360, 360.068, 0
44.739, 0.147508, 360, 360.068, 0
44.761, 0.149217, 360, 360.068, 0
44.781, 0.150585, 360, 360.068, 0
44.797, 0.151611, 360, 360.068, 0
44.819, 0.154688, 360, 360.068, 0
44.842, 0.157082, 360, 360.068, 0
44.871, 0.158108, 360, 360.068, 0
44.9, 0.159818, 360, 360.068, 0
44.925, 0.162211, 360, 360.068, 0
44.941, 0.165631, 360, 360.068, 0
44.956, 0.167682, 360, 360.068, 0
44.97, 0.169734, 360, 360.068, 0
44.985, 0.171786, 360, 360.068, 0
44.999, 0.173837, 360, 360.068, 0
45.014, 0.175889, 360, 360.068, 0
45.027, 0.177599, 360, 360.068, 0
45.042, 0.17965, 360, 360.068, 0
45.056, 0.181018, 360, 360.068, 0
45.072, 0.181018, 360, 360.068, 0
45.086, 0.18478, 360, 360.068, 0
45.098, 0.186489, 360, 360.068, 0
45.111, 0.188541, 360, 360.068, 0
45.123, 0.190593, 360, 360.068, 0
45.137, 0.192986, 360, 360.068, 0
45.151, 0.195038, 360, 360.068, 0
45.165, 0.196748, 360, 360.068, 0
45.179, 0.198799, 360, 360.068, 0
45.192, 0.200509, 360, 360.068, 0
45.205, 0.202903, 360, 360.068, 0
45.219, 0.204271, 360, 360.068, 0
45.234, 0.206664, 360, 360.068, 0
45.247, 0.208716, 360, 360.068, 0
45.261, 0.210767, 360, 360.068, 0
45.275, 0.212477, 360, 360.068, 0
45.29, 0.214871, 360, 360.068, 0
45.303, 0.0295365, 360, 360.137, 0
45.317, 0.138275, 360, 360.274, 0
45.335, 0.143746, 360, 360.274, 0
45.364, 0.151953, 360, 360.274, 0
45.385, 0.166998, 360, 360.274, 0
45.399, 0.175205, 360, 360.274, 0
45.413, 0.182044, 360, 360.274, 0
45.426, 0.191619, 360, 360.274, 0
45.44, 0.19709, 360, 360.274, 0
45.454, 0.206664, 360, 360.274, 0
45.469, 0.216239, 360, 360.274, 0
45.482, 0.223078, 360, 360.274, 0
45.496, 0.232652, 360, 360.274, 0
45.508, 0.240859, 360, 360.274, 0
45.523, 0.250433, 360, 360.274, 0
45.545, 0.255904, 360, 360.274, 0
45.564, 0.262743, 360, 360.274, 0
45.589, 0.273685, 360, 360.274, 0
45.611, 0.277789, 360, 360.274, -296828
45.63, 0.134514, 360, 360.274, 0
45.644, 0.14272, 360, 360.274, 0
45.657, 0.150927, 360, 360.274, 0
45.67, 0.159134, 360, 360.274, 0
45.685, 0.168708, 360, 360.274, 0
45.698, 0.175547, 360, 360.274, 0
45.712, 0.183754, 360, 360.274, 0
45.726, 0.19196, 360, 360.274, 0
45.74, 0.198799, 360, 360.274, 0
45.754, 0.207006, 360, 360.274, 0
45.768, 0.215213, 360, 360.274, 0
45.783, 0.223419, 360, 360.274, 0
45.797, 0.232994, 360, 360.274, 0
45.81, 0.241201, 360, 360.274, 0
45.824, 0.24804, 360, 360.274, 0
45.838, 0.256246, 360, 360.274, 0
45.85, 0.263085, 360, 360.274, 0
45.864, 0.27266, 360, 360.274, 0
45.877, 0.278131, 360, 360.274, 0
45.893, 0.254536, 360, 360.205, 0
45.908, 0.260691, 360, 360.205, 0
45.92, 0.265821, 360, 360.205, 0
45.934, 0.271976, 360, 360.205, 0
45.948, 0.278131, 360, 360.205, 0
45.961, 0.28326, 360, 360.205, 0
45.974, 0.289415, 360, 360.205, 0
45.988, 0.296596, 360, 360.137, 0
46.001, 0.266505, 360, 360.137, 0
46.015, 0.268556, 360, 360.137, 0
46.03, 0.273343, 360, 360.137, 0
46.044, 0.276763, 360, 360.137, 0
46.058, 0.280866, 360, 360.137, 0
46.072, 0.28497, 360, 360.137, 0
46.085, 0.289757, 360, 360.137, 0
46.099, 0.293176, 360, 360.137, 0
46.113, 0.29728, 360, 360.137, 0
46.127, 0.301383, 360, 360.137, 0
46.14, 0.302751, 360, 360.137, 0
46.156, 0.305486, 360, 360.137, 0
46.172, 0.307538, 360, 360.137, 0
46.191, 0.313009, 360, 360.137, 0
46.21, 0.316429, 360, 360.137, 0
46.232, 0.319164, 360, 360.137, 0
46.251, 0.323951, 360, 360.137, 0
46.271, 0.327371, 360, 360.137, 0
46.293, 0.330106, 360, 360.137, 0
46.313, 0.334894, 360, 360.137, 0
46.33, 0.340365, 360, 360.137, 0
46.344, 0.343784, 360, 360.137, 0
46.357, 0.347888, 360, 360.137, 0
46.372, 0.351991, 360, 360.137, 0
46.386, 0.356778, 360, 360.137, 0
46.399, 0.359514, 360, 360.137, 0
46.42, 0.362249, 360, 360.137, 0
46.437, 0.367036, 360, 360.137, 0
46.455, 0.370456, 360, 360.137, 0
46.474, 0.373875, 360, 360.137, 0
46.489, 0.379347, 360, 360.137, 0
46.504, 0.38345, 360, 360.137, 0
46.517, 0.386869, 360, 360.137, 0
46.533, 0.39234, 360, 360.137, 0
46.547, 0.395076, 360, 360.137, 0
46.562, 0.399863, 360, 360.137, 0
46.575, 0.403967, 360, 360.137, 0
46.589, 0.40807, 360, 360.137, 0
46.603, 0.412173, 360, 428.526, 0
46.617, 0.0761246, 360, 360.137, 0
46.63, 0.0795441, 360, 360.137, 0
46.643, 0.0843313, 360, 360.137, 0
46.657, 0.0870669, 360, 360.137, 0
46.672, 0.0918541, 360, 360.137, 0
46.685, 0.0959574, 360, 360.137, 0
46.7, 0.100061, 360, 360.137, 0
46.714, 0.104164, 360, 360.137, 0
46.727, 0.107584, 360, 360.137, 0
46.742, 0.111687, 360, 360.137, 0
46.757, 0.117158, 360, 360.137, 0
46.77, 0.11921, 360, 360.137, 0
46.793, 0.122629, 360, 360.137, 0
46.814, 0.126049, 360, 360.137, 0
46.832, 0.132888, 360, 360.137, 0
46.846, 0.136991, 360, 360.137, 0
46.86, 0.141094, 360, 360.137, 0
46.874, 0.144514, 360, 360.137, 0
46.887, 0.148617, 360, 360.137, 0
46.902, 0.15272, 360, 360.137, 0
46.914, 0.15614, 360, 360.137, 0
46.928, 0.160927, 360, 360.137, 0
46.942, 0.16503, 360, 360.137, 0
46.957, 0.169134, 360, 360.137, 0
46.97, 0.173237, 360, 360.137, 0
46.985, 0.17734, 360, 360.137, 0
47, 0.18076, 360, 360.137, 0
47.022, 0.183495, 360, 360.137, 0
47.068, 0.187599, 360, 360.137, 0
47.086, 0.191702, 360, 360.137, 0
47.112, 0.197173, 360, 360.137, 0
47.131, 0.200593, 360, 360.137, 0
47.152, 0.203328, 360, 360.137, 0
47.169, 0.208799, 360, 360.137, 0
47.184, 0.212903, 360, 360.137, 0
47.198, 0.218374, 360, 360.137, 0
47.216, 0.223161, 360, 360.137, 0
47.229, 0.226581, 360, 360.137, 0
47.244, 0.230684, 360, 360.137, 0
47.259, 0.236155, 360, 360.137, 0
47.273, 0.239574, 360, 360.137, 0
47.287, 0.243678, 360, 360.137, 0
47.301, 0.247781, 360, 360.137, 0
47.314, 0.251884, 360, 360.137, 0
47.331, 0.255304, 360, 360.137, 0
47.347, 0.25804, 360, 360.137, 0
47.37, 0.260775, 360, 360.137, 0
47.42, 0.266246, 360, 360.137, 0
47.447, 0.272401, 360, 360.137, 0
47.464, 0.275821, 360, 360.137, 0
47.486, 0.278556, 360, 360.137, 0
47.532, 0.283343, 360, 360.137, 0
47.549, 0.285395, 360, 360.137, 0
47.571, 0.290182, 360, 360.137, 0
47.592, 0.295653, 360, 360.137, 0
47.615, 0.298389, 360, 360.137, 0
47.67, 0.301809, 360, 360.137, 0
47.711, 0.305228, 360, 360.137, 0
47.738, 0.0674924, 360, 360.137, 0
47.751, 0.0674924, 360, 360.137, 0
47.778, 0.0743313, 360, 360.137, 0
47.797, 0.076383, 360, 360.137, 0
47.818, 0.0754407, 360, 360.137, 0
47.857, 0.0788602, 360, 360.137, 0
47.876, 0.0829635, 360, 360.137, 0
47.889, 0.0884347, 360, 360.137, 0
47.903, 0.092538, 360, 360.137, 0
47.916, 0.092538, 360, 360.137, 0
47.93, 0.0980091, 360, 360.137, 0
47.949, 0.101429, 360, 360.137, 0
47.971, 0.104164, 360, 360.137, 0
47.988, 0.108951, 360, 360.137, 0
48.006, 0.112371, 360, 360.137, 0
48.021, 0.113055, 360, 360.137, 0
48.044, 0.119894, 360, 360.137, 0
48.058, 0.123997, 360, 360.137, 0
48.072, 0.128784, 360, 360.137, 0
48.087, 0.132888, 360, 360.137, 0
48.102, 0.136991, 360, 360.137, 0
48.12, 0.14041, 360, 360.137, 0
48.141, 0.143146, 360, 360.137, 0
48.158, 0.147933, 360, 360.137, 0
48.179, 0.152036, 360, 360.137, 0
48.205, 1, 360, 360.616, 41.3144
48.226, 0.426193, 360, 360.957, 0
48.245, 0.503815, 360, 360.957, 0
48.262, 0.507576, 360, 360.889, 0
48.281, 0.529802, 360, 360.821, 0
48.295, 0.512021, 360, 360.752, 0
48.314, 0.462097, 360, 360.684, 0
48.336, 0.475775, 360, 360.684, 0
48.357, 0.46791, 360, 360.616, 0
48.372, 0.48022, 360, 360.616, -28.2133
48.387, 0.457652, 360, 360.547, 0
48.407, 0.436793, 360, 360.479, 0
48.428, 0.446368, 360, 360.479, 0
48.451, 0.465517, 360, 360.479, 0
48.47, 0.475091, 360, 360.479, 0
48.488, 0.491847, 360, 360.479, 0
48.501, 0.503815, 360, 360.41, 0
48.515, 0.48022, 360, 360.41, 0
48.533, 0.461755, 360, 360.342, 0
48.548, 0.473723, 360, 360.342, -1.98662
48.562, 0.483982, 360, 360.342, 0
48.575, 0.49253, 360, 360.342, 0
48.589, 0.467568, 360, 360.274, 0
48.604, 0.475775, 360, 360.205, 0
48.619, 0.447736, 360, 360.137, 0
48.633, 0.417986, 360, 360.137, 0
48.647, 0.387553, 360, 360.068, 0
48.66, 0.389605, 360, 360.068, 0
48.674, 0.390631, 360, 360.068, 0
48.692, 0.391998, 360, 360.068, 0
48.71, 0.393366, 360, 360.068, 0
48.731, 0.396102, 360, 360.068, 0
48.753, 0.0295365, 360, 360.205, 27.8344
48.768, 0.138959, 360, 360.342, 0
48.783, 0.186489, 360, 360.342, 0
48.797, 0.196748, 360, 360.342, 0
48.811, 0.196748, 360, 360.342, 0
48.829, 0.207006, 360, 360.342, 0
48.85, 0.213845, 360, 360.342, 0
48.872, 0.225813, 360, 360.342, 0
48.888, 0.230942, 360, 360.342, 0
48.909, 0.24633, 360, 360.342, 0
48.929, 0.253169, 360, 360.342, 0
48.946, 0.258298, 360, 360.342, 0
48.959, 0.266847, 360, 360.342, 0
48.986, 0.282234, 360, 360.342, 0
49.009, 0.294202, 360, 360.342, 0
49.027, 0.302751, 360, 360.342, 0
49.049, 0.311299, 360, 360.342, 309041
49.067, 0.205638, 360, 360.479, 0
49.08, 0.286337, 360, 360.547, 0
49.095, 0.302751, 360, 360.547, 0
49.11, 0.324635, 360, 360.547, 0
49.124, 0.338313, 360, 360.547, 318384
49.14, 0.276763, 360, 360.547, 0
49.152, 0.293176, 360, 360.547, 0
49.166, 0.293176, 360, 360.547, 0
49.182, 0.315061, 360, 360.547, 0
49.202, 0.328739, 360, 360.547, 0
49.223, 0.339681, 360, 360.547, 0
49.237, 0.339681, 360, 360.547, 0
49.261, 0.367036, 360, 360.547, 0
49.283, 0.388921, 360, 360.547, 0
49.305, 0.399863, 360, 360.547, 0
49.327, 0.424483, 360, 360.547, 0
49.349, 0.435426, 360, 360.547, 0
49.372, 0.451839, 360, 360.547, 0
49.387, 0.473723, 360, 360.547, 0
49.4, 0.490137, 360, 360.547, 0
49.414, 0.509286, 360, 360.547, 0
49.426, 0.520228, 360, 360.479, 0
49.441, 0.503131, 360, 360.479, 0
49.454, 0.517492, 360, 360.479, 0
49.469, 0.496292, 360, 360.41, 0
49.481, 0.508602, 360, 360.342, 0
49.493, 0.485008, 360, 360.342, 0
49.506, 0.493556, 360, 360.342, -30.8476
49.521, 0.469962, 360, 360.274, 0
49.535, 0.478169, 360, 360.205, 0
49.549, 0.450129, 360, 360.137, 0
49.563, 0.420038, 360, 360.137, 0
49.578, 0.389605, 360, 360.068, 0
49.592, 0.391657, 360, 360.068, 0
49.607, 0.39405, 360, 360.068, 0
49.62, 0.396102, 360, 360.068, 0
49.631, 0.398153, 360, 360.068, 0
49.643, 0.400205, 360, 360.068, 0
49.656, 0.402257, 360, 360.068, 0
49.667, 0.404309, 360, 360.068, 0
49.68, 0.40636, 360, 360.068, 0
49.692, 0.408412, 360, 360.068, 0
49.704, 0.410464, 360, 360.068, 0
49.718, 0.412173, 360, 360.068, 0
49.732, 0.414225, 360, 360.068, 0
49.747, 0.416619, 360, 360.068, 0
49.762, 0.41867, 360, 360.068, 0
49.775, 0.420722, 360, 360.068, 0
49.79, 0.422774, 360, 360.068, 0
49.811, 0.424141, 360, 360.068, 0
49.825, 0.0657827, 360, 360.205, 0
49.839, 0.139985, 360, 360.274, 0
49.854, 0.148191, 360, 360.274, 0
49.867, 0.156398, 360, 360.274, 0
49.881, 0.164605, 360, 360.274, 0
49.894, 0.171444, 360, 360.274, 0
49.91, 0.182386, 360, 360.274, 0
49.923, 0.189225, 360, 360.274, 0
49.938, 0.197432, 360, 360.274, 0
49.951, 0.205638, 360, 360.274, 0
49.968, 0.213845, 360, 360.274, 0
49.983, 0.222052, 360, 360.274, 0
49.997, 0.231626, 360, 360.274, 0
50.011, 0.234362, 360, 360.274, 0
50.029, 0.243936, 360, 360.274, 0
50.056, 0.245304, 360, 360.274, 0
50.08, 0.253511, 360, 360.274, 0
50.117, 0.253511, 360, 0, 156982
50.143, 0.253511, 360, 360.274, 0
50.167, 0.14272, 360, 360.274, 0
50.188, 0.149559, 360, 360.274, 0
50.207, 0.152295, 360, 360.274, 0
50.229, 0.164605, 360, 360.274, 0
50.247, 0.171444, 360, 360.274, 0
50.271, 0.181018, 360, 360.274, 0
50.291, 0.189225, 360, 360.274, 0
50.311, 0.194696, 360, 360.274, 0
50.328, 0.198799, 360, 360.274, 0
50.349, 0.211109, 360, 360.274, 0
50.368, 0.216581, 360, 360.274, 0
50.385, 0.220684, 360, 360.274, 0
50.4, 0.234362, 360, 360.274, 0
50.413, 0.238465, 360, 360.274, 0
50.432, 0.245304, 360, 360.274, 0
50.452, 0.250775, 360, 360.274, 0
50.474, 0.258982, 360, 360.274, 0
50.501, 0.271292, 360, 360.274, 0
50.521, 0.276763, 360, 360.274, 0
50.548, 0.289073, 360, 360.274, 0
50.565, 0.295912, 360, 360.274, 0
50.593, 0.306854, 360, 360.274, 0
50.612, 0.312325, 360, 360.274, 0
50.632, 0.323267, 360, 360.274, 0
50.653, 0.330106, 360, 360.274, 0
50.673, 0.335578, 360, 360.274, 0
50.692, 0.345152, 360, 360.274, 0
50.714, 0.354726, 360, 360.274, 0
50.737, 0.362933, 360, 360.274, 0
50.759, 0.336945, 360, 360.205, 0
50.781, 0.340023, 360, 360.137, 0
50.797, 0.308222, 360, 360.137, 0
50.827, 0.311641, 360, 360.137, 0
50.844, 0.316429, 360, 360.137, 0
50.864, 0.31848, 360, 360.137, 0
50.885, 0.323951, 360, 360.137, 0
50.906, 0.327371, 360, 360.137, 0
50.924, 0.332842, 360, 360.137, 0
50.937, 0.336261, 360, 360.137, 0
50.95, 0.340365, 360, 360.137, 0
50.965, 0.345152, 360, 360.137, -0.468005
50.98, 0.349255, 360, 360.137, 0
50.995, 0.353359, 360, 360.137, 0
51.009, 0.357462, 360, 360.137, 0
51.031, 0.360198, 360, 360.137, 0
51.054, 0.364301, 360, 0, 0
51.077, 0.364301, 360, 360.137, 0
51.127, 0.364301, 360, 360.137, -28961.2
51.183, 0.070228, 360, 360.137, -28.4599
51.214, 1, 360, 358.29, 0
51.261, 0.859863, 360, 358.701, 13.708
51.296, 0.586307, 360, 359.043, 0
51.314, 0.517918, 360, 359.179, 0
51.334, 0.437903, 360, 359.248, 0
51.357, 0.438245, 360, 359.248, 0
51.374, 0.421831, 360, 359.316, 0
51.394, 0.438929, 360, 359.384, 0
51.414, 0.417044, 360, 359.453, 0
51.431, 0.402682, 360, 359.453, 0
51.452, 0.419096, 360, 359.453, 0
51.471, 0.430038, 360, 359.453, 0
51.487, 0.438245, 360, 359.453, 0
51.511, 0.457394, 360, 359.453, 0
51.522, 0.468336, 360, 359.453, 0
51.54, 0.476543, 360, 359.453, 0
51.588, 0.495691, 360, 359.521, 5.72917
51.629, 0.471413, 360, 359.795, 0
51.684, 0.376353, 360, 359.795, 0
51.733, 0.376353, 360, 359.795, 0
51.78, 0.355836, 360, 359.795, 0
51.811, 0.365068, 360, 359.795, 0
51.833, 0.370198, 360, 359.795, 0
51.853, 0.377378, 360, 359.795, 0
51.874, 0.382508, 360, 359.795, 0
51.892, 0.387637, 360, 359.795, 0
51.915, 0.394818, 360, 359.795, 0
51.935, 0.399947, 360, 359.795, 0.759495
51.955, 0.408153, 360, 359.795, 0
51.968, 0.414309, 360, 359.795, 0
51.991, 0.418412, 360, 359.795, 0
52.007, 0.421489, 360, 359.795, 0
52.022, 0.429696, 360, 359.795, 0
52.041, 0.435851, 360, 359.795, 0
52.056, 0.443032, 360, 359.795, 0
52.069, 0.448161, 360, 359.795, 0
52.084, 0.454316, 360, 359.795, 0
52.098, 0.461497, 360, 359.863, 0
52.112, 0.431406, 360, 359.863, 0
52.126, 0.433457, 360, 359.932, 0
52.145, 0.400973, 360, 360, 0
52.164, 0.366778, 360, 360, 0
52.186, 0.366778, 360, 360, 0
52.201, 0.366778, 360, 360, 0
52.217, 0.366778, 360, 360, 0
52.23, 0.366778, 360, 360, 0
52.244, 0.366778, 360, 360, 0
52.26, 0.366778, 360, 360, 0
52.279, 0.366778, 360, 360, 0
52.299, 0.366778, 360, 360, 0
52.319, 0.366778, 360, 360, 0
52.338, 0.366778, 360, 360, 0
52.358, 0.366778, 360, 360, 0
52.385, 0.366778, 360, 360, 0
52.404, 0.366778, 360, 360, 0
52.422, 0.366778, 360, 360, 0
52.443, 0.366778, 360, 360, 0
52.458, 0.366778, 360, 360, 0
52.479, 0.366778, 360, 360, 0
52.5, 0.366778, 360, 360, 0
52.521, 0.366778, 360, 360, 0
52.547, 0.366778, 360, 360, 0
52.563, 0.366778, 360, 360, 0
52.58, 0.366778, 360, 360, 0
52.6, 0.366778, 360, 360, 0
52.616, 0.366778, 360, 360, 0
52.636, 0.366778, 360, 360, 0
52.653, 0.366778, 360, 360, 0
52.674, 0.366778, 360, 360, 0
52.696, 0.366778, 360, 360, 0
52.713, 0.366778, 360, 360, 0
52.735, 0.366778, 360, 360, 0
52.751, 0.366778, 360, 360, 0
52.767, 0.366778, 360, 360, 0
52.781, 0.366778, 360, 360, 0
52.795, 0.366778, 360, 360, 0
52.807, 0.366778, 360, 360, 0
52.822, 0.366778, 360, 360, 0
52.838, 0.366778, 360, 360, 0
52.857, 0.366778, 360, 360, 0
52.879, 0.366778, 360, 360, 0
52.9, 0.366778, 360, 360, 0
52.923, 0.366778, 360, 360, 0
52.944, 0.366778, 360, 360, 0
52.963, 0.366778, 360, 360, 0
52.974, 0.366778, 360, 360, 0
52.988, 0.366778, 360, 360, 0
53.002, 0.366778, 360, 360, 0
53.021, 0.366778, 360, 360, 0
53.044, 0.366778, 360, 360, 0
53.078, 0.366778, 360, 360, 0
53.123, 0.366778, 360, 360, 0
53.164, 0.366778, 360, 360, 0
53.206, 0.366778, 360, 154.833, 0
53.238, 0.0986094, 360, 360.342, 0
53.251, 0.276763, 360, 360.616, 24.7338
53.266, 0.364643, 360, 360.752, 0
53.281, 0.425167, 360, 360.752, 0
53.296, 0.447736, 360, 360.752, 0
53.308, 0.470304, 360, 360.752, 0
53.321, 0.454574, 360, 360.684, 0
53.336, 0.48193, 360, 360.684, 0
53.351, 0.502447, 360, 360.684, 0
53.364, 0.519544, 360, 360.684, 0
53.379, 0.540061, 360, 360.684, 0
53.392, 0.560578, 360, 360.684, 0
53.406, 0.543138, 360, 360.616, 0
53.42, 0.527067, 360, 360.547, 289952
53.433, 0.279498, 360, 360.616, 0
53.447, 0.363959, 360, 360.684, 0
53.461, 0.384476, 360, 360.684, 0
53.475, 0.404992, 360, 360.684, 0
53.488, 0.425509, 360, 360.684, 0
53.504, 0.446026, 360, 360.684, 0
53.519, 0.466543, 360, 360.684, 0
53.533, 0.455258, 360, 360.616, 0
53.547, 0.473723, 360, 360.616, 0
53.561, 0.457652, 360, 360.547, 0
53.574, 0.47133, 360, 360.547, 0
53.589, 0.453207, 360, 360.479, 0
53.602, 0.469962, 360, 360.479, 0
53.616, 0.48193, 360, 360.479, 0
53.631, 0.496292, 360, 360.479, 0
53.644, 0.510653, 360, 360.479, 0
53.661, 0.487401, 360, 360.41, -15.0703
53.679, 0.493556, 360, 360.342, 0
53.7, 0.46791, 360, 360.342, -16.5271
53.717, 0.445, 360, 360.274, 0
53.738, 0.451839, 360, 360.205, 0
53.756, 0.420722, 360, 360.137, 0
53.778, 0.392682, 360, 360.068, 0
53.793, 0.359856, 360, 360.068, 0
53.814, 0.361223, 360, 360.068, 0
53.83, 0.362249, 360, 360.068, 0
53.851, 0.364301, 360, 360.068, 0
53.874, 0.367378, 360, 360.068, 0
53.893, 0.369088, 360, 360.068, 0
53.914, 0.370456, 360, 360.068, 0
53.93, 0.371482, 360, 360.068, 0
53.951, 0.374559, 360, 360.068, 0
53.971, 0.375243, 360, 360.068, 0
53.987, 0.376611, 360, 360.068, 0
54.003, 0.379347, 360, 360.068, 0
54.02, 0.379347, 360, 360.068, 0
54.042, 0.382766, 360, 360.068, 0
54.062, 0.384476, 360, 360.068, 0
54.083, 0.385843, 360, 360.068, 0
54.099, 0.388921, 360, 360.068, 0
54.113, 0.390631, 360, 360.068, 0
54.126, 0.392682, 360, 0, 317241
54.14, 0.0302204, 360, 360.068, 0
54.152, 0.0329559, 360, 360.068, 0
54.165, 0.0350076, 360, 360.068, 0
54.177, 0.0370593, 360, 360.068, 0
54.19, 0.0391109, 360, 360.068, 0
54.203, 0.0411626, 360, 360.068, 0
54.219, 0.0432143, 360, 360.068, 0
54.233, 0.0456079, 360, 360.068, 0
