0, 1.81346e-312, 4.94066e-324, 0, 0
11, 1, 180, 4.59799e+07, -4.06183e+10
23, 1, 180, 0.478723, -62.2284
37, 1, 180, 1.02584, 300.479
48, 1, 180, 2.39362, 61.4457
60, 1, 180, 3.1459, 2621.94
71, 1, 180, 4.9924, 669.288
83, 1, 180, 7.11246, 488.058
94, 1, 180, 9.43769, 176.868
105, 1, 180, 10.6687, 107.53
117, 1, 180, 12.9255, 0
129, 1, 180, 15.4559, 614.457
140, 1, 180, 17.9863, 288.318
151, 1, 180, 20.4483, 0
162, 1, 180, 21.7477, 676.51
173, 1, 180, 24.2781, 429.348
184, 1, 180, 26.8085, 0
195, 1, 180, 28.1079, 791.681
206, 1, 180, 30.7067, 423.649
217, 1, 180, 33.3055, 0
228, 1, 180, 34.5365, 864.902
239, 1, 180, 37.1353, 483.742
250, 1, 180, 39.6657, 0
261, 1, 180, 41.0334, 0
271, 1, 180, 43.1535, 0
281, 1, 180, 45.3419, 0
291, 1, 180, 47.5304, 0
302, 1, 180, 49.5821, 1455.09
312, 1, 180, 51.9757, 0
322, 1, 180, 53.0699, 0
333, 1, 180, 55.2584, 0
343, 1, 180, 57.4468, 0
353, 1, 180, 59.6353, 0
364, 1, 180, 61.8237, 0
374, 1, 180, 64.2173, 0
385, 1, 180, 65.3116, 0
395, 1, 180, 67.5684, 0
405, 1, 180, 69.7568, 1628.31
416, 1, 180, 72.0137, 0
426, 1, 180, 74.1337, 1753.57
436, 1, 180, 76.3222, 0
446, 1, 180, 78.579, 0
457, 1, 180, 79.6733, 0
467, 1, 180, 81.9301, 0
478, 1, 180, 84.3237, 0
488, 1, 180, 86.5122, 924.176
499, 1, 180, 88.769, 1799.71
509, 1, 180, 90.9574, 0
519, 1, 180, 91.9833, 1709.73
529, 1, 180, 94.3769, 0
540, 1, 180, 96.5653, 0
550, 1, 180, 98.7538, 0
560, 1, 180, 100.942, 0
570, 1, 180, 103.062, 2358.24
581, 1, 180, 105.251, 0
591, 1, 180, 106.345, 0
601, 1, 180, 108.533, 0
611, 1, 180, 110.722, 0
622, 1, 180, 112.91, 0
632, 1, 180, 115.099, 1899.7
642, 1, 180, 117.287, 0
652, 1, 180, 119.476, 0
663, 1, 180, 121.664, 0
673, 1, 180, 122.758, 683.891
684, 1, 180, 125.015, 0
694, 1, 180, 127.272, 1121.13
704, 1, 180, 129.597, 1899.7
715, 1, 180, 131.786, 1848.35
725, 1, 180, 133.974, 0
735, 1, 180, 136.163, 0
746, 1, 180, 138.283, 2072.4
757, 1, 180, -1.36778e+08, 1633.17
768, 1, 180, -1.8465, 7151.8
778, 1, 180, -0.683891, -149053
788, 1, 180, -6.49696, 607903
798, 1, 180, 146.763, 0
809, 1, 180, 148.746, 3907.95
819, 1, 180, 150.798, 9769.87
829, 1, 180, 152.781, 12938.5
839, 1, 180, 154.833, 18997
850, 1, 180, -0.205167, -148746
860, 1, 180, -5.06079, 2072.4
870, 1, 180, -3.00912, 5861.92
881, 1, 180, -0.957447, 10057.2
891, 1, 180, -5.74468, 15442.7
901, 1, 180, -3.7614, 17997.1
911, 1, 180, -1.70973, 25401.7
922, 1, 180, -6.56535, 0
932, 1, 180, -4.44529, 0
942, 1, 180, -2.46201, 5861.92
952, 1, 180, -0.341945, 5004.08
963, 1, 180, -5.19757, 13236.6
973, 1, 180, -3.1459, 15197.6
983, 1, 180, -1.16261, 27862.2
993, 1, 180, -5.94985, 24137.3
