0.001, 0, 0, 0, 0
2.244, 0, 0, 0, 0
2.257, 0, 0, 0, 0
2.269, 0, 0, 0, 0
2.282, 0, 0, 0, 0
2.294, 0, 0, 0, 0
2.307, 0, 0, 0, 0
2.319, 0, 0, 0, 0
2.332, 0, 0, 0, 0
2.344, 0, 0, 0, 0
2.357, 0, 0, 0, 0
2.369, 0, 0, 0, 0
2.382, 0, 0, 0, 0
2.394, 0, 0, 0, 0
2.407, 0, 0, 0, 0
2.419, 0, 0, 0, 0
2.432, 0, 0, 0, 0
2.444, 0, 0, 0, 0
2.457, 0, 0, 0, 0
2.469, 0, 0, 0, 0
2.482, 0, 0, 0, 0
2.495, 0, 0, 0, 0
2.507, 0, 0, 0, 0
2.52, 0, 0, 0, 0
2.532, 0, 0, 0, 0
2.544, 0, 0, 0, 0
2.557, 0, 0, 0, 0
2.569, 0, 0, 0, 0
2.582, 0, 0, 0, 0
2.594, 0, 0, 0, 0
2.607, 0, 0, 0, 0
2.619, 0, 0, 0, 0
2.631, 0, 0, 0, 0
2.644, 0, 0, 0, 0
2.656, 0, 0, 0, 0
2.669, 0, 0, 0, 0
2.681, 0, 0, 0, 0
2.694, 0, 0, 0, 0
2.707, 0, 0, 0, 0
2.719, 0, 0, 0, 0
2.732, 0, 0, 0, 0
2.745, 0, 0, 0, 0
2.758, 0, 0, 0, 0
2.77, 0, 0, 0, 0
2.783, 0, 0, 0, 0
2.797, 0, 0, 0, 0
2.809, 0, 0, 0, 0
2.822, 0, 0, 0, 0
2.834, 0, 0, 0, 0
2.847, 0, 0, 0, 0
2.859, 0, 0, 0, 0
2.871, 0, 0, 0, 0
2.884, 0, 0, 0, 0
2.896, 0, 0, 0, 0
2.909, 0, 0, 0, 0
2.921, 0, 0, 0, 0
2.934, 0, 0, 0, 0
2.946, 0, 0, 0, 0
2.959, 0, 0, 0, 0
2.972, 0, 0, 0, 0
2.984, 0, 0, 0, 0
2.997, 0, 0, 0, 0
3.01, 0, 0, 0, 0
3.023, 0, 0, 0, 0
3.036, 0, 0, 0, 0
3.048, 0, 0, 0, 0
3.061, 0, 0, 0, 0
3.074, 0, 0, 0, 0
3.086, 0, 0, 0, 0
3.099, 0, 0, 0, 0
3.111, 0, 0, 0, 0
3.123, 0, 0, 0, 0
3.136, 0, 0, 0, 0
3.148, 0, 0, 0, 0
3.161, 0, 0, 0, 0
3.173, 0, 0, 0, 0
3.185, 0, 0, 0, 0
3.198, 0, 0, 0, 0
3.21, 0, 0, 0, 0
3.223, 0, 0, 0, 0
3.235, 0, 0, 0, 0
3.247, 0, 0, 0, 0
3.26, 0, 0, 0, 0
3.272, 0, 0, 0, 0
3.285, 0, 0, 0, 0
3.297, 0, 0, 0, 0
3.31, 0, 0, 0, 0
3.322, 0, 0, 0, 0
3.335, 0, 0, 0, 0
3.347, 0, 0, 0, 0
3.359, 0, 0, 0, 0
3.372, 0, 0, 0, 0
3.384, 0, 0, 0, 0
3.396, 0, 0, 0, 0
3.409, 0, 0, 0, 0
3.421, 0, 0, 0, 0
3.434, 0, 0, 0, 0
3.446, 0, 0, 0, 0
3.458, 0, 0, 0, 0
3.471, 0, 0, 0, 0
3.483, 0, 0, 0, 0
3.495, 0, 0, 0, 0
3.508, 0, 0, 0, 0
3.52, 0, 0, 0, 0
3.533, 0, 0, 0, 0
3.545, 0, 0, 0, 0
3.557, 0, 0, 0, 0
3.57, 0, 0, 0, 0
3.582, 0, 0, 0, 0
3.594, 0, 0, 0, 0
3.607, 0, 0, 0, 0
3.619, 0, 0, 0, 0
3.632, 0, 0, 0, 0
3.644, 0, 0, 0, 0
3.657, 0, 0, 0, 0
3.669, 0, 0, 0, 0
3.681, 0, 0, 0, 0
3.694, 0, 0, 0, 0
3.706, 0, 0, 0, 0
3.719, 0, 0, 0, 0
3.731, 0, 0, 0, 0
3.743, 0, 0, 0, 0
3.756, 0, 0, 0, 0
3.769, 0, 0, 0, 0
3.781, 0, 0, 0, 0
3.794, 0, 0, 0, 0
3.806, 0, 0, 0, 0
3.819, 0, 0, 0, 0
3.831, 0, 0, 0, 0
3.844, 0, 0, 0, 0
3.856, 0, 0, 0, 0
3.869, 0, 0, 0, 0
3.882, 0, 0, 0, 0
3.894, 0, 0, 0, 0
3.907, 0, 0, 0, 0
3.92, 0, 0, 0, 0
3.932, 0, 0, 0, 0
3.945, 0, 0, 0, 0
3.958, 0, 0, 0, 0
3.97, 0, 0, 0, 0
3.983, 0, 0, 0, 0
3.995, 0, 0, 0, 0
4.008, 0, 0, 0, 0
4.02, 0, 0, 0, 0
4.033, 0, 0, 0, 0
4.045, 0, 0, 0, 0
4.057, 0, 0, 0, 0
4.07, 0, 0, 0, 0
4.082, 0, 0, 0, 0
4.094, 0, 0, 0, 0
4.107, 0, 0, 0, 0
4.119, 0, 0, 0, 0
4.132, 0, 0, 0, 0
4.144, 0, 0, 0, 0
4.157, 0, 0, 0, 0
4.169, 0, 0, 0, 0
4.181, 0, 0, 0, 0
4.194, 0, 0, 0, 0
4.206, 0, 0, 0, 0
4.223, 0, 0, 0, 0
4.235, 0, 0, 0, 0
4.248, 0, 0, 0, 0
4.261, 0, 0, 0, 0
4.273, 0, 0, 0, 0
4.285, 0, 0, 0, 0
4.298, 0, 0, 0, 0
4.31, 0, 0, 0, 0
4.323, 0, 0, 0, 0
4.335, 0, 0, 0, 0
4.348, 0, 0, 0, 0
4.361, 0, 0, 0, 0
4.374, 0, 0, 0, 0
4.386, 0, 0, 0, 0
4.399, 0, 0, 0, 0
4.412, 0, 0, 0, 0
4.425, 0, 0, 0, 0
4.438, 0, 0, 0, 0
4.45, 0, 0, 0, 0
4.463, 0, 0, 0, 0
4.476, 0, 0, 0, 0
4.489, 0, 0, 0, 0
4.502, 0, 0, 0, 0
4.515, 0, 0, 0, 0
4.528, 0, 0, 0, 0
4.541, 0, 0, 0, 0
4.554, 0, 0, 0, 0
4.567, 0, 0, 0, 0
4.579, 0, 0, 0, 0
4.593, 0, 0, 0, 0
4.605, 0, 0, 0, 0
4.618, 0, 0, 0, 0
4.63, 0, 0, 0, 0
4.643, 0, 0, 0, 0
4.656, 0, 0, 0, 0
4.668, 0, 0, 0, 0
4.681, 0, 0, 0, 0
4.694, 0, 0, 0, 0
4.707, 0, 0, 0, 0
4.72, 0, 0, 0, 0
4.733, 0, 0, 0, 0
4.746, 0, 0, 0, 0
4.759, 0, 0, 0, 0
4.772, 0, 0, 0, 0
4.785, 0, 0, 0, 0
4.798, 0, 0, 0, 0
4.811, 0, 0, 0, 0
4.823, 0, 0, 0, 0
4.837, 0, 0, 0, 0
4.85, 0, 0, 0, 0
4.863, 0, 0, 0, 0
4.875, 0, 0, 0, 0
4.888, 0, 0, 0, 0
4.9, 0, 0, 0, 0
4.913, 0, 0, 0, 0
4.926, 0, 0, 0, 0
4.938, 0, 0, 0, 0
4.951, 0, 0, 0, 0
4.964, 0, 0, 0, 0
4.976, 0, 0, 0, 0
4.989, 0, 0, 0, 0
5.002, 0, 0, 0, 0
5.015, 0, 0, 0, 0
5.028, 0, 0, 0, 0
5.041, 0, 0, 0, 0
5.054, 0, 0, 0, 0
5.067, 0, 0, 0, 0
5.08, 0, 0, 0, 0
5.092, 0, 0, 0, 0
5.105, 0, 0, 0, 0
5.118, 0, 0, 0, 0
5.132, 0, 0, 0, 0
5.144, 0, 0, 0, 0
5.157, 0, 0, 0, 0
5.17, 0, 0, 0, 0
5.182, 0, 0, 0, 0
5.195, 0, 0, 0, 0
5.208, 0, 0, 0, 0
5.221, 0, 0, 0, 0
5.233, 0, 0, 0, 0
5.246, 0, 0, 0, 0
5.259, 0, 0, 0, 0
5.272, 0, 0, 0, 0
5.285, 0, 0, 0, 0
5.297, 0, 0, 0, 0
5.31, 0, 0, 0, 0
5.323, 0, 0, 0, 0
5.336, 0, 0, 0, 0
5.348, 0, 0, 0, 0
5.361, 0, 0, 0, 0
5.374, 0, 0, 0, 0
5.387, 0, 0, 0, 0
5.4, 0, 0, 0, 0
5.412, 0, 0, 0, 0
5.425, 0, 0, 0, 0
5.438, 0, 0, 0, 0
5.451, 0, 0, 0, 0
5.463, 0, 0, 0, 0
5.476, 0, 0, 0, 0
5.489, 0, 0, 0, 0
5.502, 0, 0, 0, 0
5.515, 0, 0, 0, 0
5.528, 0, 0, 0, 0
5.541, 0, 0, 0, 0
5.553, 0, 0, 0, 0
5.566, 0, 0, 0, 0
5.579, 0, 0, 0, 0
5.593, 0, 0, 0, 0
5.606, 0, 0, 0, 0
5.619, 0, 0, 0, 0
5.632, 0, 0, 0, 0
5.645, 0, 0, 0, 0
5.658, 0, 0, 0, 0
5.67, 0, 0, 0, 0
5.683, 0, 0, 0, 0
5.696, 0, 0, 0, 0
5.709, 0, 0, 0, 0
5.722, 0, 0, 0, 0
5.735, 0, 0, 0, 0
5.747, 0, 0, 0, 0
5.76, 0, 0, 0, 0
5.773, 0, 0, 0, 0
5.786, 0, 0, 0, 0
5.799, 0, 0, 0, 0
5.812, 0, 0, 0, 0
5.825, 0, 0, 0, 0
5.838, 0, 0, 0, 0
5.851, 0, 0, 0, 0
5.864, 0, 0, 0, 0
5.877, 0, 0, 0, 0
5.89, 0, 0, 0, 0
5.902, 0, 0, 0, 0
5.915, 0, 0, 0, 0
5.928, 0, 0, 0, 0
5.941, 0, 0, 0, 0
5.954, 0, 0, 0, 0
5.967, 0, 0, 0, 0
5.98, 0, 0, 0, 0
5.994, 0, 0, 0, 0
6.007, 0, 0, 0, 0
6.019, 0, 0, 0, 0
6.032, 0, 0, 0, 0
6.045, 0, 0, 0, 0
6.057, 0, 0, 0, 0
6.07, 0, 0, 0, 0
6.083, 0, 0, 0, 0
6.095, 0, 0, 0, 0
6.108, 0, 0, 0, 0
6.121, 0, 0, 0, 0
6.133, 0, 0, 0, 0
6.146, 0, 0, 0, 0
6.158, 0, 0, 0, 0
6.171, 0, 0, 0, 0
6.184, 0, 0, 0, 0
6.197, 0, 0, 0, 0
6.21, 0, 0, 0, 0
6.223, 0, 0, 0, 0
6.236, 0, 0, 0, 0
6.249, 0, 0, 0, 0
6.262, 0, 0, 0, 0
6.274, 0, 0, 0, 0
6.287, 0, 0, 0, 0
6.3, 0, 0, 0, 0
6.312, 0, 0, 0, 0
6.325, 0, 0, 0, 0
6.338, 0, 0, 0, 0
6.35, 0, 0, 0, 0
6.363, 0, 0, 0, 0
6.376, 0, 0, 0, 0
6.389, 0, 0, 0, 0
6.402, 0, 0, 0, 0
6.415, 0, 0, 0, 0
6.428, 0, 0, 0, 0
6.44, 0, 0, 0, 0
6.452, 0, 0, 0, 0
6.465, 0, 0, 0, 0
6.478, 0, 0, 0, 0
6.49, 0, 0, 0, 0
6.503, 0, 0, 0, 0
6.515, 0, 0, 0, 0
6.528, 0, 0, 0, 0
