0, 0, 0, 0, 0
0.012, 1, 360, 0.136778, 60.5213
0.03, 1, 360, 1.16261, 0
0.042, 1, 360, 1.91489, 62.7423
0.055, 1, 360, 2.80395, 62.7999
0.067, 1, 360, 3.69301, 0
0.08, 1, 360, 4.65046, 59.6243
0.092, 1, 360, 5.53951, 125.485
0.105, 1, 360, 6.49696, 125.255
0.117, 1, 360, 7.38602, 169.981
0.13, 1, 360, 8.61702, 123.002
0.145, 1, 360, 9.77964, 115.816
0.159, 1, 360, 10.8739, 124.344
0.172, 1, 360, 11.8313, 62.57
0.185, 1, 360, 12.7888, 118.628
0.197, 1, 360, 13.8146, 77.759
0.211, 1, 360, 15.0456, 0
0.227, 1, 360, 16.2082, 80.9498
0.246, 1, 360, 18.0547, 102.302
0.266, 1, 360, 19.4909, 98.9711
0.282, 1, 360, 20.5851, 73.9075
0.298, 1, 360, 22.2264, 92.5845
0.317, 1, 360, 23.7994, 122.342
0.335, 1, 360, 25.2356, 7906.62
0.356, 1, 360, 26.8769, 112.993
0.378, 1, 360, 28.9286, 72.9483
0.403, 1, 360, 29.3389, 532.332
0.417, 1, 360, 31.5274, 61.7787
0.432, 1, 360, 32.69, 61.3905
0.447, 1, 360, 33.7842, 43.727
0.46, 1, 360, 34.8784, 0
0.476, 1, 360, 36.1094, 0
0.491, 1, 360, 37.3404, 62.8576
0.506, 1, 360, 38.503, 62.8576
0.52, 1, 360, 39.5973, 62.6847
0.535, 1, 360, 41.5122, 67.8631
0.562, 1, 360, 42.9483, 66.0509
0.582, 1, 360, 44.4529, 30.0479
0.595, 1, 360, 45.4787, 89.6612
0.611, 1, 360, 47.1201, 74.9469
0.633, 1, 360, 48.5562, 54.5367
0.646, 1, 360, 50.8815, 83.4624
0.679, 1, 360, 52.2492, 61.1162
0.703, 1, 360, 54.5745, 61.3355
0.721, 1, 360, 55.9422, 222264
0.741, 1, 360, 57.2416, 76.4337
0.758, 1, 360, 58.7462, 84.6399
0.777, 1, 360, 60.114, 93.5128
0.791, 1, 360, 61.345, 62.2284
0.806, 1, 360, 62.4392, 49.992
0.819, 1, 360, 63.5334, 235.418
0.834, 1, 360, 64.8328, 124.118
0.85, 1, 360, 66.2006, 0
0.866, 1, 360, 67.3632, 90.1437
0.883, 1, 360, 68.7994, 84.1453
0.907, 1, 360, 70.6459, 99.3065
0.924, 1, 360, 72.1505, 73.6951
0.945, 1, 360, 73.997, 0
0.964, 1, 360, 75.5699, 102.686
0.984, 1, 360, 77.0061, 83.7485
1.005, 1, 360, 78.7842, 121.365
1.027, 1, 360, 80.3571, -20724
1.069, 1, 360, 83.5714, 81.0057
1.085, 1, 360, 84.9392, 94.1134
1.1, 1, 360, 86.1018, 71.5068
1.119, 1, 360, 87.9483, 74.1613
1.147, 1, 360, 90.2052, 45.2908
1.168, 1, 360, 91.8465, 122.781
1.185, 1, 360, 92.9407, 80.5525
1.202, 1, 360, 94.4453, 71.3575
1.224, 1, 360, 96.155, 121.527
1.241, 1, 360, 97.5912, 77.5738
1.262, 1, 360, 99.4377, 101297
1.28, 1, 360, 100.532, 179.342
1.294, 1, 360, 101.626, 36.8277
1.307, 1, 360, 102.72, 122.561
1.321, 1, 360, 104.088, 83.0166
1.342, 1, 360, 105.798, 111.202
1.366, 1, 360, 107.781, 72.677
1.389, 1, 360, 109.559, 73.8862
1.411, 1, 360, 111.337, 67.8463
1.434, 1, 360, 113.184, 119.876
1.451, 1, 360, 114.62, 61.8346
1.47, 1, 360, 115.919, 58.5623
1.491, 1, 360, 117.766, 57.6636
1.511, 1, 360, 119.065, 89.8674
1.526, 1, 360, 120.638, 75.3515
1.549, 1, 360, 122.074, 86.2047
1.566, 1, 360, 123.647, 89.2808
1.583, 1, 360, 125.084, 92.2514
1.605, 1, 360, 126.725, 110.127
1.62, 1, 360, 128.161, 99.7167
1.641, 1, 360, 129.802, 72.5821
1.669, 1, 360, 130.76, 66.4778
1.697, 1, 360, 134.726, 61.1162
1.718, 1, 360, 135.821, -39.2815
1.734, 1, 360, 136.983, 248.687
1.748, 1, 360, 138.214, 0
1.763, 1, 360, 139.309, 120.936
1.776, 1, 360, 140.403, 111.202
1.791, 1, 360, 141.497, -115.327
1.803, 1, 360, 142.66, 31.3424
1.818, 1, 360, 143.754, 61.0072
1.833, 1, 360, 144.848, 50.1386
1.846, 1, 360, 145.942, 835.712
1.86, 1, 360, 146.968, 0
1.872, 1, 360, 147.857, 79.5881
1.886, 1, 360, 149.088, 62.7135
1.901, 1, 360, 150.251, 56.0566
1.914, 1, 360, 151.687, 75.1528
1.942, 1, 360, 153.875, 268.192
1.961, 1, 360, 154.97, 99.0859
1.978, 1, 360, 156.406, 119.771
1.992, 1, 360, 157.5, 0
2.006, 1, 360, 158.663, 186.008
2.02, 1, 360, 159.552, 0
2.033, 1, 360, 160.783, 110.931
2.047, 1, 360, 161.877, 92.0858
2.061, 1, 360, 162.971, 36.3772
2.075, 1, 360, 164.202, 31.1994
2.089, 1, 360, 165.296, 62.2284
2.103, 1, 360, 166.391, 61.6118
2.116, 1, 360, 167.348, 211.731
2.131, 1, 360, 168.579, 115.718
2.145, 1, 360, 169.605, 0
2.159, 1, 360, 170.767, 62.3135
2.174, 1, 360, 171.93, 50.4344
2.187, 1, 360, 173.024, 61.0617
2.201, 1, 360, 174.05, 55.5783
2.216, 1, 360, 175.213, 85.6648
2.231, 1, 360, 176.375, 31.6763
2.244, 1, 360, 177.675, 72.7388
2.265, 1, 360, 179.521, 79.6147
2.284, 1, 360, 181.163, 266.838
2.326, 1, 360, 184.377, 81.0105
2.348, 1, 360, 186.565, 76.1232
2.375, 1, 360, 188.343, 40.9148
2.397, 1, 360, 189.78, 83.0569
2.416, 1, 360, 191.284, 29.2386
2.43, 1, 360, 192.447, 91.4292
2.446, 1, 360, 193.746, 67.1534
2.466, 1, 360, 195.661, 91.1854
2.485, 1, 360, 196.824, 0
2.499, 1, 360, 198.26, 122.891
2.516, 1, 360, 200.038, 70.8108
2.543, 1, 360, 202.021, 0
2.564, 1, 360, 203.457, 89.7102
2.582, 1, 360, 205.441, 92.5845
2.607, 1, 360, 205.646, 182919
2.624, 1, 360, 208.108, 62.7135
2.639, 1, 360, 209.202, 125.255
2.652, 1, 360, 210.296, 60.8444
2.667, 1, 360, 211.391, 0
2.681, 1, 360, 212.553, 117.406
2.695, 1, 360, 213.989, 68.8249
2.717, 1, 360, 215.562, 47.8915
2.734, 1, 360, 216.998, 83.0569
2.754, 1, 360, 218.708, 102.763
2.773, 1, 360, 220.144, 94.8268
2.793, 1, 360, 221.649, 61.3905
2.809, 1, 360, 223.153, 89.9856
2.828, 1, 360, 224.726, 77.7738
2.849, 1, 360, 226.163, 0
2.863, 1, 360, 227.12, 375.764
2.876, 1, 360, 228.214, 87.9414
2.891, 1, 360, 229.377, 40.0639
2.906, 1, 360, 230.608, 246.892
2.921, 1, 360, 231.771, 64.5789
2.936, 1, 360, 233.07, 61.0072
2.952, 1, 360, 234.301, 0
2.967, 1, 360, 235.805, 62.4273
2.986, 1, 360, 237.105, 67.1666
3.006, 1, 360, 238.951, 92.2929
3.025, 1, 360, 240.456, 71.5068
3.048, 1, 360, 240.935, 128.793
3.066, 1, 360, 243.602, 78.4555
3.093, 1, 360, 247.842, 91.2868
3.14, 1, 360, 250.372, -12.1021
3.177, 1, 360, 252.698, 82.1913
3.206, 1, 360, 255.023, 87.3982
3.227, 1, 360, 257.006, 28.5311
3.253, 1, 360, 259.468, 115.816
3.277, 1, 360, 260.562, 67.5114
3.294, 1, 360, 262.204, 86.8984
3.313, 1, 360, 263.845, 84.0677
3.336, 1, 360, 265.35, 119.771
3.35, 1, 360, 267.47, 27.301
3.38, 1, 360, 268.974, 438.391
3.397, 1, 360, 270.205, 99.984
3.411, 1, 360, 271.299, 60.8444
3.425, 1, 360, 272.53, 67.9947
3.445, 1, 360, 274.445, 65.5068
3.466, 1, 360, 275.813, 101.217
3.485, 1, 360, 277.249, 0
3.499, 1, 360, 278.412, -124.118
3.513, 1, 360, 279.78, 85.3974
3.535, 1, 360, 281.626, 122.232
3.553, 1, 360, 283.131, -260545
3.575, 1, 360, 285.251, -528.101
3.598, 1, 360, 286.277, 75.443
3.612, 1, 360, 287.371, 80.4577
3.626, 1, 360, 288.533, 118.731
3.64, 1, 360, 289.559, 65.0705
3.654, 1, 360, 290.79, 125380
3.669, 1, 360, 291.953, 0
3.682, 1, 360, 292.842, 59.9904
3.694, 1, 360, 293.663, 0
3.707, 1, 360, 294.62, 91.6743
3.719, 1, 360, 295.578, 2849.54
3.73, 1, 360, 297.15, 60.6824
3.748, 1, 360, 298.587, 62.2568
3.768, 1, 360, 299.886, 86.3317
3.788, 1, 360, 301.801, 90.8221
3.808, 1, 360, 303.374, 77.9807
3.831, 1, 360, 305.973, -65.3399
3.862, 1, 360, 307.682, 89.5379
3.884, 1, 360, 309.119, 749.176
3.914, 1, 360, 311.922, 91.3681
3.936, 1, 360, 313.769, 42.425
3.956, 1, 360, 315.274, 122.342
3.973, 1, 360, 316.368, 251.43
3.988, 1, 360, 317.462, 185.169
4.001, 1, 360, 318.556, 93.7264
4.016, 1, 360, 319.65, 52.6475
4.029, 1, 360, 320.745, 83.7075
4.044, 1, 360, 321.907, 0
4.057, 1, 360, 323.07, 254.234
4.072, 1, 360, 324.164, 125.255
4.085, 1, 360, 325.258, 62.7135
4.1, 1, 360, 326.421, 1044.11
4.115, 1, 360, 327.584, 58.7031
4.128, 1, 360, 328.678, 0
4.143, 1, 360, 329.772, 75.0291
4.156, 1, 360, 330.866, 48.8842
4.17, 1, 360, 331.96, 122.561
4.184, 1, 360, 333.055, 61.0889
4.198, 1, 360, 334.149, 33.9231
4.212, 1, 360, 335.243, 759.878
4.225, 1, 360, 336.337, 56.2873
4.239, 1, 360, 337.5, 62.2284
4.254, 1, 360, 338.594, 94.1998
4.268, 1, 360, 339.825, 118.32
4.282, 1, 360, 340.783, 63.0314
4.296, 1, 360, 342.014, 408.293
4.309, 1, 360, 343.245, 78.1054
4.335, 1, 360, 345.023, 30.49
4.348, 1, 360, 346.527, 85.061
4.371, 1, 360, 348.032, 168.032
4.387, 1, 360, 349.878, 79.8005
4.411, 1, 360, 351.657, 77.0147
4.436, 1, 360, 353.571, 87.1753
4.461, 1, 360, 355.623, 92.6681
4.48, 1, 360, 357.059, 35.5637
4.498, 0.991641, 360, 358.427, 65.4597
4.518, 0.37614, 360, 359.521, 29.003
4.537, 0.102584, 360, 359.932, 0
4.559, 0.0341945, 360, 359.932, 0
4.576, 0.0341945, 360, 359.932, 0
4.597, 0.0341945, 360, 359.932, 0
4.62, 0.0341945, 360, 359.932, 0
4.638, 0.0341945, 360, 359.932, 0
4.661, 0.0341945, 360, 359.932, 0
4.686, 0.0341945, 360, 3779.38, 28.0398
4.71, 0.0341945, 360, 360.274, 0
4.742, 0.170973, 360, 360.342, 0
4.772, 0.170973, 360, 360.342, 0
4.795, 0.170973, 360, 360.342, 0
4.818, 0.170973, 360, 360.342, 0
4.837, 0.170973, 360, 360.342, 0
4.856, 0.170973, 360, 360.342, 0
4.875, 0.170973, 360, 360.342, 0
4.895, 0.170973, 360, 360.342, 0
4.915, 0.170973, 360, 360.342, 0
4.936, 0.170973, 360, 360.342, 0
4.953, 0.170973, 360, 360.342, 0
4.975, 0.170973, 360, 360.342, 0
4.998, 0.170973, 360, 360.342, 0
5.014, 0.170973, 360, 360.342, 0
5.033, 0.170973, 360, 360.342, 0
5.055, 0.170973, 360, 360.342, 0
5.072, 0.170973, 360, 360.342, 0
5.093, 0.170973, 360, 360.342, 0
5.115, 0.170973, 360, 360.342, 0
5.138, 0.170973, 360, 360.342, 0
5.157, 0.170973, 360, 360.342, 0
5.179, 0.170973, 360, 360.342, 0
5.195, 0.170973, 360, 360.342, 0
5.209, 0.170973, 360, 360.342, 0
5.289, 0.170973, 360, 360.342, 0
5.318, 0.170973, 360, 360.342, 0
5.366, 0.170973, 360, 360.342, 0
5.395, 0.170973, 360, 360.342, 0
5.419, 0.170973, 360, 360.342, 0
5.441, 0.170973, 360, 360.342, 0
5.456, 0.170973, 360, 360.342, 0
5.473, 0.170973, 360, 360.342, 0
5.498, 0.170973, 360, 360.342, 0
5.52, 0.170973, 360, 360.342, -201144
5.534, 0.170973, 360, 360.205, 0
5.547, 0.0683891, 360, 360.137, 0
5.561, 0.0683891, 360, 360.137, 0
5.575, 0.0683891, 360, 360.137, 0
5.588, 0.0683891, 360, 360.137, 0
5.606, 0.0683891, 360, 360.137, 0
5.622, 0.0683891, 360, 360.137, 0
5.646, 0.0683891, 360, 360.137, 0
5.66, 0.0683891, 360, 360.137, 0
5.673, 0.0683891, 360, 360.137, 0
5.687, 0.0683891, 360, 360.137, 0
5.701, 0.0683891, 360, 360.137, 0
5.714, 0.0683891, 360, 360.137, 0
5.729, 0.0683891, 360, 360.137, 0
5.742, 0.0683891, 360, 360.137, 0
5.758, 0.0683891, 360, 360.137, 0
5.775, 0.0683891, 360, 360.137, 0
5.789, 0.0683891, 360, 360.137, 0
5.802, 0.0683891, 360, 360.137, 0
5.826, 0.0683891, 360, 360.137, 0
5.845, 0.0683891, 360, 360.137, 0
5.864, 0.0683891, 360, 360.137, 0
5.886, 0.0683891, 360, 360.137, 0
5.901, 0.0683891, 360, 360.137, 0
5.923, 0.0683891, 360, 360.137, 0
5.945, 0.0683891, 360, 360.137, 0
5.964, 0.0683891, 360, 360.137, 0
5.979, 0.0683891, 360, 360.137, 0
5.993, 0.0683891, 360, 360.137, 0
6.008, 0.0683891, 360, 360.137, 0
6.023, 0.0683891, 360, 360.137, 0
6.037, 0.0683891, 360, 360.137, 0
6.06, 0.0683891, 360, 360.137, 0
6.088, 0.0683891, 360, 360.137, 0
6.106, 0.0683891, 360, 360.137, 0
6.123, 0.0683891, 360, 360.137, 0
6.137, 0.0683891, 360, 360.137, 0
6.151, 0.0683891, 360, 360.137, 0
6.164, 0.0683891, 360, 360.137, 0
6.178, 0.0683891, 360, 360.137, 0
6.191, 0.0683891, 360, 360.137, 0
6.202, 0.0683891, 360, 360.137, 31.2707
6.216, 0.136778, 360, 360.342, 0
6.23, 0.170973, 360, 360.342, 0
6.245, 0.170973, 360, 360.342, 0
6.259, 0.170973, 360, 360.342, 0
6.272, 0.170973, 360, 360.342, 0
6.287, 0.170973, 360, 360.342, 0
6.301, 0.170973, 360, 360.342, 0
6.316, 0.170973, 360, 360.342, 0
6.331, 0.170973, 360, 360.342, 0
6.344, 0.170973, 360, 360.342, 0
6.358, 0.170973, 360, 360.342, 0
6.373, 0.170973, 360, 360.342, 0
6.386, 0.170973, 360, 360.342, 0
6.401, 0.170973, 360, 360.342, 0
6.416, 0.170973, 360, 360.342, 0
6.429, 0.170973, 360, 360.342, 0
6.444, 0.170973, 360, 360.342, 0
6.459, 0.170973, 360, 360.342, 0
6.474, 0.170973, 360, 360.342, 0
6.493, 0.170973, 360, 360.342, 0
6.512, 0.170973, 360, 360.342, 0
6.525, 0.170973, 360, 360.342, 0
6.54, 0.170973, 360, 360.342, 0
6.567, 0.170973, 360, 360.342, 0
6.582, 0.170973, 360, 360.342, 0
6.596, 0.170973, 360, 360.342, 0
6.611, 0.170973, 360, 360.342, 0
6.627, 0.170973, 360, 360.342, 0
6.64, 0.170973, 360, 360.342, 0
6.663, 0.170973, 360, 360.342, 0
6.687, 0.170973, 360, 360.342, 0
6.707, 0.170973, 360, 360.342, 0
6.739, 0.170973, 360, 360.41, 0
6.763, 0.205167, 360, 360.684, 0
6.785, 0.341945, 360, 360.684, 0
6.813, 0.341945, 360, 360.684, 0
6.83, 0.341945, 360, 360.684, 0
6.847, 0.341945, 360, 360.684, 0
6.869, 0.341945, 360, 360.684, 0
6.886, 0.341945, 360, 360.684, -14.1271
6.907, 0.307751, 360, 360.616, 0
6.931, 0.307751, 360, 360.616, 0
6.953, 0.307751, 360, 360.616, 0
6.974, 0.307751, 360, 360.616, 0
6.991, 0.307751, 360, 360.616, 0
7.009, 0.307751, 360, 360.616, 0
7.03, 0.307751, 360, 360.616, 0
7.047, 0.307751, 360, 360.616, 0
7.068, 0.307751, 360, 360.616, 0
7.088, 0.307751, 360, 360.616, 0
7.109, 0.307751, 360, 360.616, 0
7.129, 0.307751, 360, 360.616, 0
7.15, 0.307751, 360, 360.616, 0
7.171, 0.307751, 360, 360.616, 0
7.204, 0.307751, 360, 360.616, 0
7.226, 0.307751, 360, 360.616, 0
7.249, 0.307751, 360, 360.616, 0
7.264, 0.307751, 360, 360.616, 0
7.288, 0.307751, 360, 360.616, 0
7.303, 0.307751, 360, 360.616, 0
7.323, 0.307751, 360, 360.616, 0
7.346, 0.307751, 360, 360.616, 0
7.369, 0.307751, 360, 360.616, 0
7.389, 0.307751, 360, 360.616, 0
7.413, 0.307751, 360, 360.616, 0
7.433, 0.307751, 360, 360.616, 0
7.457, 0.307751, 360, 360.616, 0
7.474, 0.307751, 360, 360.616, 0
7.495, 0.307751, 360, 360.616, 0
7.51, 0.307751, 360, 360.616, 0
7.529, 0.307751, 360, 360.616, 0
7.551, 0.307751, 360, 360.616, 0
7.569, 0.307751, 360, 360.616, 0
7.591, 0.307751, 360, 360.616, 0
7.605, 0.307751, 360, 360.616, 0
7.619, 0.307751, 360, 360.616, 0
7.632, 0.307751, 360, 360.616, 0
7.646, 0.307751, 360, 360.616, 0
7.66, 0.307751, 360, 360.616, 0
7.674, 0.307751, 360, 360.616, 0
7.688, 0.307751, 360, 360.616, 0
7.701, 0.307751, 360, 360.616, 0
7.716, 0.307751, 360, 360.616, 0
7.731, 0.307751, 360, 360.616, 0
7.744, 0.307751, 360, 360.616, 0
7.758, 0.307751, 360, 360.616, 0
7.771, 0.307751, 360, 360.616, 0
7.795, 0.307751, 360, 360.616, 0
7.81, 0.307751, 360, 360.616, 0
7.826, 0.307751, 360, 360.616, 0
7.84, 0.307751, 360, 360.616, 0
7.854, 0.307751, 360, 360.616, 0
7.87, 0.307751, 360, 360.616, 0
7.883, 0.307751, 360, 360.616, 0
7.898, 0.307751, 360, 360.616, 0
7.912, 0.307751, 360, 360.616, 0
7.926, 0.307751, 360, 360.616, 0
7.95, 0.307751, 360, 360.616, 0
7.976, 0.307751, 360, 360.616, 0
8.027, 0.307751, 360, 360.616, 0
8.055, 0.307751, 360, 360.616, 0
8.078, 0.307751, 360, 360.616, 0
8.093, 0.307751, 360, 360.616, 0
8.106, 0.307751, 360, 360.616, 0
8.12, 0.307751, 360, 360.616, 0
8.134, 0.307751, 360, 360.616, 0
8.147, 0.307751, 360, 360.616, 0
8.166, 0.307751, 360, 360.616, 0
8.186, 0.307751, 360, 360.616, 0
8.205, 0.307751, 360, 18.6702, 155289
8.219, 0.307751, 360, 360.616, 0
8.233, 0.307751, 360, 360.616, 0
8.252, 0.307751, 360, 360.616, 0
8.272, 0.307751, 360, 360.616, 0
8.297, 0.307751, 360, 360.616, 0
8.321, 0.307751, 360, 360.616, 0
8.339, 0.307751, 360, 360.616, 0
8.361, 0.307751, 360, 360.616, 0
8.378, 0.307751, 360, 360.616, 0
8.392, 0.307751, 360, 360.616, 0
8.406, 0.307751, 360, 360.616, 0
8.42, 0.307751, 360, 360.616, 0
8.446, 0.307751, 360, 360.616, 0
8.464, 0.307751, 360, 360.616, 0
8.483, 0.307751, 360, 360.616, 0
8.5, 0.307751, 360, 360.616, 0
8.515, 0.307751, 360, 360.616, 0
8.54, 0.307751, 360, 360.616, 0
8.554, 0.307751, 360, 360.616, 0
8.572, 0.307751, 360, 360.616, 0
8.586, 0.307751, 360, 360.616, 0
8.607, 0.307751, 360, 360.616, 0
8.623, 0.307751, 360, 360.616, 0
8.636, 0.307751, 360, 360.616, 0
8.658, 0.307751, 360, 360.616, 0
8.675, 0.307751, 360, 360.616, 0
8.689, 0.307751, 360, 360.616, 0
8.702, 0.307751, 360, 360.616, 0
8.716, 0.307751, 360, 360.616, 0
8.729, 0.307751, 360, 360.616, 0
8.744, 0.307751, 360, 360.616, 0
8.758, 0.307751, 360, 360.616, 0
8.772, 0.307751, 360, 360.616, 0
8.784, 0.307751, 360, 360.616, 0
8.799, 0.307751, 360, 360.616, 0
8.812, 0.307751, 360, 360.616, 0
8.826, 0.307751, 360, 360.616, 0
8.841, 0.307751, 360, 360.616, 0
8.854, 0.307751, 360, 360.616, 0
8.873, 0.307751, 360, 360.616, 0
8.893, 0.307751, 360, 360.616, 0
8.909, 0.307751, 360, 360.616, 0
8.942, 0.307751, 360, 360.616, 0
8.958, 0.307751, 360, 360.616, 0
9.003, 0.307751, 360, 360.616, 0
9.023, 0.307751, 360, 360.616, 0
9.04, 0.307751, 360, 360.616, 0
9.059, 0.307751, 360, 360.616, 0
9.083, 0.307751, 360, 360.616, 0
9.104, 0.307751, 360, 360.616, 0
9.123, 0.307751, 360, 155.448, 0
9.135, 0.307751, 360, 360.616, 0
9.149, 0.307751, 360, 360.616, 0
9.162, 0.307751, 360, 360.616, 0
9.177, 0.307751, 360, 360.616, 0
9.191, 0.307751, 360, 360.616, 0
9.206, 0.307751, 360, 360.616, 0
9.221, 0.307751, 360, 360.616, 0
9.235, 0.307751, 360, 360.616, 0
9.248, 0.307751, 360, 360.616, 0
9.261, 0.307751, 360, 360.616, 0
9.276, 0.307751, 360, 360.616, 0
9.288, 0.341945, 360, 360.684, 0
9.301, 0.341945, 360, 360.684, 0
9.313, 0.341945, 360, 360.684, 0
9.326, 0.341945, 360, 360.684, 0
9.34, 0.341945, 360, 360.684, 0
9.354, 0.341945, 360, 360.684, 0
9.367, 0.341945, 360, 360.684, 0
9.382, 0.341945, 360, 360.684, 0
9.394, 0.341945, 360, 360.684, 0
9.407, 0.341945, 360, 360.684, 0
9.431, 0.341945, 360, 360.684, 0
9.453, 0.341945, 360, 360.684, 0
9.473, 0.341945, 360, 360.684, 0
9.49, 0.341945, 360, 360.684, 0
9.507, 0.341945, 360, 155.517, 0
9.525, 0.410334, 360, 360.889, 0
9.538, 0.478723, 360, 360.957, 0
9.551, 0.478723, 360, 360.957, 0
9.567, 0.478723, 360, 19.0122, 302072
9.58, 0.478723, 360, 360.889, 0
9.594, 0.444529, 360, 360.889, 0
9.609, 0.410334, 360, 360.821, 0
9.624, 0.37614, 360, 360.752, 0
9.638, 0.37614, 360, 360.752, 0
9.653, 0.37614, 360, 360.752, 0
9.667, 0.37614, 360, 360.752, 0
9.682, 0.37614, 360, 360.752, 0
9.7, 0.37614, 360, 360.752, 0
9.713, 0.37614, 360, 360.752, 0
9.728, 0.37614, 360, 360.752, 0
9.743, 0.37614, 360, 360.752, 0
9.757, 0.37614, 360, 360.752, 0
9.771, 0.37614, 360, 360.752, 0
9.791, 0.37614, 360, 360.752, 0
9.808, 0.37614, 360, 360.752, 0
9.828, 0.37614, 360, 360.752, 0
9.848, 0.37614, 360, 360.752, 0
9.863, 0.37614, 360, 360.752, 0
9.878, 0.37614, 360, 360.752, 0
9.893, 0.37614, 360, 360.752, 0
9.906, 0.37614, 360, 360.752, 0
9.923, 0.37614, 360, 360.752, 0
9.951, 0.37614, 360, 360.752, 0
9.973, 0.37614, 360, 360.752, 0
9.998, 0.37614, 360, 360.752, 0
10.011, 0.37614, 360, 360.752, 0
10.026, 0.37614, 360, 360.752, 0
10.043, 0.37614, 360, 360.752, 0
10.06, 0.37614, 360, 360.752, 0
10.077, 0.37614, 360, 360.752, 0
10.092, 0.37614, 360, 360.752, 0
10.115, 0.37614, 360, 360.752, 0
10.138, 0.37614, 360, 360.752, 0
10.156, 0.37614, 360, 360.752, 0
10.205, 0.37614, 360, 360.752, 0
10.228, 0.37614, 360, 360.752, 0
10.244, 0.37614, 360, 360.752, 0
10.261, 0.37614, 360, 360.752, 0
10.279, 0.37614, 360, 360.752, 0
10.298, 0.37614, 360, 360.752, 0
10.315, 0.37614, 360, 360.752, 0
10.331, 0.37614, 360, 360.752, 0
10.345, 0.37614, 360, 360.752, 0
10.357, 0.37614, 360, 360.752, 0
10.372, 0.341945, 360, 360.684, 0
10.385, 0.341945, 360, 360.684, 0
10.4, 0.341945, 360, 360.684, 0
10.415, 0.341945, 360, 360.684, 0
10.429, 0.341945, 360, 360.684, 0
10.446, 0.341945, 360, 360.684, 0
10.464, 0.341945, 360, 360.684, 0
10.487, 0.341945, 360, 360.684, 0
10.509, 0.341945, 360, 360.684, 0
10.522, 0.341945, 360, 360.684, 0
10.536, 0.341945, 360, 360.684, 0
10.551, 0.341945, 360, 360.684, 0
10.568, 0.341945, 360, 360.684, 0
10.586, 0.341945, 360, 360.684, 0
10.604, 0.341945, 360, 360.684, 0
10.627, 0.341945, 360, 360.684, 0
10.668, 0.341945, 360, 360.684, 0
10.713, 0.341945, 360, 360.684, 0
10.732, 0.341945, 360, 360.684, 0
10.749, 0.341945, 360, 360.684, 0
10.764, 0.341945, 360, 360.684, 0
10.784, 0.341945, 360, 360.684, 0
10.801, 0.341945, 360, 360.684, 0
10.819, 0.341945, 360, 360.684, 0
10.833, 0.341945, 360, 360.684, 0
10.848, 0.341945, 360, 360.684, 0
10.862, 0.341945, 360, 360.684, 0
10.875, 0.341945, 360, 360.684, 0
10.889, 0.341945, 360, 360.684, 0
10.902, 0.341945, 360, 360.684, 0
10.922, 0.341945, 360, 360.684, 0
10.942, 0.341945, 360, 360.684, -300866
10.969, 0.341945, 360, 360.684, 0
10.984, 0.341945, 360, 360.684, 0
11, 0.341945, 360, 360.684, 0
11.028, 0.341945, 360, 360.684, 0
11.046, 0.341945, 360, 360.684, 0
11.066, 0.341945, 360, 360.684, 0
11.086, 0.341945, 360, 360.684, 0
11.108, 0.341945, 360, 360.684, 0
11.128, 0.341945, 360, 360.684, 0
11.145, 0.341945, 360, 360.684, 115258
11.16, 0.341945, 360, 360.684, 0
11.18, 0.341945, 360, 360.684, 0
11.199, 0.341945, 360, 360.684, 0
11.218, 0.341945, 360, 360.684, 0
11.24, 0.341945, 360, 360.684, 0
11.262, 0.341945, 360, 360.684, 0
11.281, 0.341945, 360, 360.684, 0
11.301, 0.341945, 360, 360.684, 0
11.318, 0.341945, 360, 360.684, 0
11.332, 0.341945, 360, 360.684, 0
11.355, 0.341945, 360, 360.684, 0
11.371, 0.341945, 360, 360.684, 0
11.387, 0.341945, 360, 360.684, 0
11.411, 1, 360, 0, -8.90103e+08
11.431, 1, 360, 360.342, 0
11.525, 0.170973, 360, 360.342, 0
11.548, 0.170973, 360, 360.342, 0
11.57, 0.170973, 360, 360.342, 0
11.585, 0.170973, 360, 360.342, 0
11.599, 0.170973, 360, 360.342, 0
11.614, 0.170973, 360, 360.342, 0
11.627, 0.170973, 360, 360.342, 0
11.642, 0.170973, 360, 360.342, 0
11.655, 0.170973, 360, 360.342, 0
11.676, 0.170973, 360, 360.342, 0
11.699, 0.170973, 360, 360.342, 0
11.718, 0.170973, 360, 360.342, 0
11.739, 0.170973, 360, 360.342, 0
11.773, 0.170973, 360, 360.342, 0
11.812, 0.170973, 360, 360.342, 0
11.832, 0.170973, 360, 360.342, 0
11.847, 0.170973, 360, 360.342, 0
11.868, 0.170973, 360, 360.342, 0
11.896, 0.170973, 360, 360.342, 0
11.908, 0.170973, 360, 360.342, 0
11.937, 0.170973, 360, 360.342, 0
11.973, 0.170973, 360, 360.342, 0
11.985, 0.170973, 360, 360.342, 0
12.011, 0.170973, 360, 360.342, 0
12.033, 0.170973, 360, 360.342, 0
12.052, 0.170973, 360, 360.342, 0
12.074, 0.170973, 360, 360.342, 0
12.093, 0.170973, 360, 360.342, 0
12.112, 0.170973, 360, 360.342, 0
12.133, 0.170973, 360, 360.342, 0
12.149, 0.170973, 360, 360.342, 0
12.162, 0.170973, 360, 360.342, 0
12.177, 0.170973, 360, 360.342, 0
12.192, 0.170973, 360, 360.342, 0
12.204, 0.170973, 360, 360.342, 0
12.215, 0.170973, 360, 360.342, 0
12.229, 0.170973, 360, 360.342, 0
12.244, 0.170973, 360, 360.342, 0
12.257, 0.170973, 360, 360.342, 0
12.271, 0.170973, 360, 360.342, 0
12.284, 0.170973, 360, 360.342, 0
12.298, 0.170973, 360, 360.342, 0
12.31, 0.170973, 360, 360.342, 0
12.325, 0.170973, 360, 360.342, 0
12.339, 0.170973, 360, 360.342, 0
12.353, 0.170973, 360, 360.342, 0
12.368, 0.170973, 360, 360.342, 0
12.381, 0.170973, 360, 360.342, 0
12.403, 0.170973, 360, 360.342, 0
12.426, 0.170973, 360, 360.342, 0
12.439, 0.170973, 360, 360.342, 0
12.453, 0.170973, 360, 360.342, 0
12.468, 0.170973, 360, 360.342, 0
12.482, 0.170973, 360, 360.342, 0
12.499, 0.0341945, 360, 359.863, -41.5823
12.519, 0.205167, 360, 359.453, 0
12.538, 0.273556, 360, 359.453, 0
12.556, 0.273556, 360, 359.453, 0
12.575, 0.273556, 360, 359.453, 0
12.596, 0.273556, 360, 359.453, 0
12.613, 0.273556, 360, 359.453, 0
12.631, 0.273556, 360, 359.453, 0
12.649, 0.273556, 360, 359.453, 0
12.67, 0.273556, 360, 359.453, 0
12.69, 0.273556, 360, 359.453, 0
12.714, 0.273556, 360, 359.453, 0
12.737, 0.273556, 360, 359.453, 0
12.758, 0.273556, 360, 359.453, 0
12.786, 0.273556, 360, 359.453, 0
12.804, 0.273556, 360, 359.453, 0
12.823, 0.273556, 360, 359.453, 0
12.846, 0.273556, 360, 359.453, 0
12.868, 0.273556, 360, 359.453, 0
12.895, 0.273556, 360, 359.453, 0
12.947, 0.273556, 360, 359.453, 0
12.967, 0.273556, 360, 3.59489e+06, 42.2024
12.99, 0.273556, 360, 359.59, 0
13.032, 0.102584, 360, 359.795, 0
13.051, 0.102584, 360, 359.795, 0
13.071, 0.102584, 360, 359.795, 0
13.085, 0.102584, 360, 359.795, 0
13.107, 0.102584, 360, 359.795, 0
13.129, 0.102584, 360, 359.795, 0
13.153, 0.102584, 360, 359.795, 0
13.169, 0.102584, 360, 359.795, 0
13.192, 0.102584, 360, 359.795, 0
13.211, 0.102584, 360, 359.795, 0
13.244, 0.102584, 360, 359.795, 0
13.32, 0.102584, 360, 359.795, 0
13.369, 0.102584, 360, 359.795, 0
13.385, 0.102584, 360, 359.795, 0
13.401, 0.102584, 360, 359.795, 0
13.421, 0.102584, 360, 359.795, 0
13.446, 0.102584, 360, 359.795, 0
13.465, 0.102584, 360, 359.795, 0
13.487, 0.102584, 360, 359.795, 0
13.504, 0.102584, 360, 359.795, 0
13.525, 0.102584, 360, 359.795, 0
13.544, 0.102584, 360, 359.795, 0
13.561, 0.102584, 360, 359.795, 0
13.575, 0.102584, 360, 359.795, 0
13.59, 0.102584, 360, 359.795, 0
13.603, 0.102584, 360, 359.795, 0
13.625, 0.102584, 360, 359.795, 0
13.648, 0.102584, 360, 359.795, 0
13.671, 0.102584, 360, 359.795, 0
13.694, 0.102584, 360, 359.795, 0
13.712, 0.102584, 360, 359.795, 0
13.734, 0.102584, 360, 359.795, 0
13.761, 0.102584, 360, 359.795, 0
13.811, 0.102584, 360, 359.795, 0
13.832, 0.102584, 360, 359.795, 0
13.852, 0.102584, 360, 359.795, 0
13.875, 0.102584, 360, 359.795, 0
13.897, 0.102584, 360, 359.795, 0
13.915, 0.102584, 360, 359.795, 0
13.942, 0.102584, 360, 359.795, 0
13.966, 0.102584, 360, 359.795, 0
14.005, 0.102584, 360, 359.795, 0
14.059, 0.102584, 360, 359.795, 0
14.099, 0.102584, 360, 359.795, -175447
14.141, 0.102584, 360, 359.795, 0
14.158, 0.102584, 360, 359.795, 0
14.185, 0.102584, 360, 359.795, 0
14.203, 0.102584, 360, 359.795, 0
14.222, 0.102584, 360, 359.795, 0
14.242, 0.102584, 360, 359.795, 0
14.257, 0.102584, 360, 359.795, 0
14.279, 0.102584, 360, 359.795, 0
14.296, 0.102584, 360, 359.795, 0
14.319, 0.102584, 360, 359.795, 0
14.342, 0.102584, 360, 359.795, 0
14.36, 0.102584, 360, 359.795, 0
14.382, 0.102584, 360, 359.795, 0
14.41, 0.102584, 360, 359.795, 0
14.428, 0.102584, 360, 359.795, 0
14.45, 0.102584, 360, 359.795, 0
14.469, 0.102584, 360, 359.795, 0
14.489, 0.102584, 360, 359.795, 0
14.508, 0.102584, 360, 359.795, 0
14.529, 0.102584, 360, 359.795, 0
14.554, 0.102584, 360, 359.795, 0
14.578, 0.102584, 360, 359.795, 0
14.601, 0.102584, 360, 359.795, 0
14.618, 0.102584, 360, 359.795, 0
14.631, 0.102584, 360, 359.795, 0
14.652, 0.102584, 360, 359.795, 0
14.678, 0.102584, 360, 359.795, 0
14.703, 0.102584, 360, 359.795, 0
14.73, 0.102584, 360, 359.795, 0
14.745, 0.102584, 360, 359.795, 0
14.759, 0.102584, 360, 359.795, 0
14.778, 0.102584, 360, 359.795, 0
14.8, 0.102584, 360, 359.795, 0
14.822, 0.102584, 360, 359.795, 0
14.849, 0.102584, 360, 359.795, 0
14.865, 0.102584, 360, 359.795, 0
14.892, 0.102584, 360, 359.795, 0
14.914, 0.102584, 360, 359.795, 0
14.928, 0.102584, 360, 359.795, 0
14.949, 0.102584, 360, 359.795, 0
14.972, 0.102584, 360, 359.795, 0
15.008, 0.102584, 360, 359.795, 0
15.058, 0.102584, 360, 359.795, 0
15.1, 0.102584, 360, 359.795, 0
15.17, 0.102584, 360, 359.795, 0
15.218, 0.102584, 360, 359.795, 0
15.251, 0.102584, 360, 359.795, 0
15.33, 0.102584, 360, 359.795, 0
15.376, 0.102584, 360, 359.795, 0
15.418, 0.102584, 360, 359.795, 0
15.453, 0.102584, 360, 359.795, -inf
15.498, 1, 360, 360.137, 25.7198
15.521, 0.205167, 360, 360.547, 0
15.543, 0.273556, 360, 360.547, 0
15.559, 0.273556, 360, 360.547, 0
15.577, 0.273556, 360, 360.547, 0
15.634, 0.273556, 360, 360.547, 0
15.653, 0.273556, 360, 360.547, 0
15.674, 0.273556, 360, 360.547, 0
15.692, 0.273556, 360, 360.547, 0
15.713, 0.273556, 360, 360.547, 0
15.735, 0.273556, 360, 360.547, 0
15.755, 0.273556, 360, 360.547, 0
15.776, 0.273556, 360, 360.547, 0
15.797, 0.273556, 360, 360.547, 0
15.814, 0.273556, 360, 360.547, 0
15.847, 0.273556, 360, 360.547, 0
15.876, 0.273556, 360, 360.547, 0
15.893, 0.273556, 360, 360.547, 0
15.913, 0.273556, 360, 360.547, 0
15.933, 0.273556, 360, 360.547, 0
15.954, 0.273556, 360, 360.547, 0
15.972, 0.273556, 360, 360.547, 0
16, 0.273556, 360, 360.547, 0
16.015, 0.273556, 360, 360.547, 0
16.036, 0.273556, 360, 360.547, 0
16.053, 0.273556, 360, 360.547, 0
16.074, 0.273556, 360, 360.547, 0
16.096, 0.273556, 360, 360.547, 0
16.119, 0.273556, 360, 360.547, 0
16.139, 0.273556, 360, 360.547, 0
16.158, 0.273556, 360, 360.547, 0
16.175, 0.273556, 360, 360.547, 0
16.197, 0.273556, 360, 360.547, 0
16.216, 0.273556, 360, 360.547, 0
16.231, 0.273556, 360, 360.547, 0
16.244, 0.273556, 360, 360.547, 0
16.258, 0.273556, 360, 360.547, 0
16.271, 1, 360, 360.616, 328.794
16.286, 0.341945, 360, 360.752, 0
16.3, 0.37614, 360, 360.752, 0
16.314, 0.37614, 360, 360.752, 0
16.33, 0.37614, 360, 360.752, 0
16.352, 0.37614, 360, 360.752, 0
16.381, 0.37614, 360, 360.752, 0
16.443, 0.37614, 360, 360.752, 0
16.466, 0.37614, 360, 360.752, 0.758065
16.485, 0.37614, 360, 360.752, 0
16.506, 0.37614, 360, 360.752, 0
16.521, 0.37614, 360, 360.752, 0
16.534, 0.37614, 360, 360.752, 0
16.549, 0.37614, 360, 360.752, 0
16.568, 0.37614, 360, 360.752, 0
16.589, 0.37614, 360, 360.752, 0
16.609, 0.37614, 360, 360.752, 0
16.627, 0.37614, 360, 360.752, 0
16.644, 0.37614, 360, 360.752, 0
16.663, 0.37614, 360, 360.752, 0
16.678, 0.37614, 360, 360.752, 0
16.701, 0.37614, 360, 360.752, 0
16.724, 0.37614, 360, 360.752, 0
16.743, 0.37614, 360, 360.752, 0
16.758, 0.37614, 360, 360.752, 0
16.786, 0.37614, 360, 360.752, 0
16.807, 0.37614, 360, 360.752, 0
16.828, 0.37614, 360, 360.752, 0
16.847, 0.37614, 360, 360.752, 0
16.869, 0.37614, 360, 360.752, 0
16.889, 0.37614, 360, 360.752, 0
16.909, 0.37614, 360, 360.752, 0
16.933, 0.37614, 360, 360.752, 0
16.952, 0.37614, 360, 360.752, 0
16.971, 0.37614, 360, 360.752, 0
16.985, 0.37614, 360, 360.752, 0
17.006, 0.37614, 360, 360.752, 0
17.025, 0.37614, 360, 360.752, 0
17.043, 0.37614, 360, 360.752, 0
17.075, 0.37614, 360, 360.752, 0
17.094, 0.37614, 360, 360.752, 0
17.11, 0.37614, 360, 360.752, 0
17.131, 0.37614, 360, 360.752, 0
17.146, 0.37614, 360, 360.752, 0
17.163, 0.37614, 360, 360.752, 0
17.184, 0.37614, 360, 360.752, 4.27432e+06
17.202, 0.37614, 360, 360.752, 0
17.215, 0.37614, 360, 360.752, 0
17.23, 0.37614, 360, 360.752, 0
17.244, 0.37614, 360, 360.752, 0
17.258, 0.37614, 360, 360.752, 0
17.272, 0.37614, 360, 360.752, 1.14717e+07
17.283, 0.37614, 360, 360.821, 0
17.296, 0.444529, 360, 360.889, 0
17.309, 0.444529, 360, 360.889, -56.9434
17.321, 0.410334, 360, 360.821, 0
17.334, 0.37614, 360, 360.752, 0
17.347, 0.37614, 360, 360.752, 0
17.361, 0.37614, 360, 360.752, 0
17.373, 0.37614, 360, 360.752, 0
17.386, 0.37614, 360, 360.752, 0
17.399, 0.37614, 360, 360.752, 0
17.414, 0.37614, 360, 360.752, 0
17.436, 0.37614, 360, 360.752, 0
17.458, 0.37614, 360, 360.752, 0
17.48, 0.37614, 360, 360.752, 0
17.501, 0.37614, 360, 360.752, 0
17.52, 0.37614, 360, 360.752, 0
17.542, 0.37614, 360, 360.752, 0
17.558, 0.37614, 360, 360.752, 0
17.582, 0.37614, 360, 360.752, 0
17.601, 0.37614, 360, 360.752, 0
17.619, 0.37614, 360, 360.752, 0
17.641, 0.37614, 360, 360.752, 0
17.664, 0.37614, 360, 360.752, 0
17.682, 0.37614, 360, 360.752, 0
17.696, 0.37614, 360, 360.752, 0
17.712, 0.37614, 360, 360.752, 0
17.73, 0.37614, 360, 360.752, 0
17.752, 0.37614, 360, 360.752, 0
17.774, 0.37614, 360, 360.752, 0
17.788, 0.37614, 360, 360.752, 0
17.803, 0.37614, 360, 360.752, 0
17.816, 0.37614, 360, 360.752, 0
17.83, 0.37614, 360, 360.752, 0
17.844, 0.37614, 360, 360.752, 0
17.858, 0.37614, 360, 360.752, 0
17.873, 0.37614, 360, 360.752, 0
17.887, 0.37614, 360, 360.752, 0
17.901, 0.37614, 360, 360.752, 0
17.914, 0.37614, 360, 360.889, 0
17.928, 0.444529, 360, 360.957, 0
17.942, 0.478723, 360, 360.957, 0
17.957, 0.478723, 360, 360.889, 0
17.972, 0.444529, 360, 360.821, 0
17.986, 0.410334, 360, 360.821, -33.4421
18, 0.37614, 360, 360.752, 0
18.014, 0.37614, 360, 360.752, 0
18.029, 0.37614, 360, 360.752, 0
18.042, 0.37614, 360, 360.752, 0
18.098, 0.37614, 360, 360.752, 0
18.118, 0.37614, 360, 360.752, 0
18.133, 0.37614, 360, 360.752, 0
18.151, 0.37614, 360, 360.752, 0
18.173, 0.37614, 360, 360.752, 0
18.195, 0.37614, 360, 360.752, 0
18.217, 0.37614, 360, 360.752, 0
18.232, 0.37614, 360, 360.752, 0
18.255, 0.37614, 360, 360.752, 0
18.275, 0.37614, 360, 360.752, 0
18.296, 0.37614, 360, 360.752, 0
18.312, 0.37614, 360, 360.752, 0
18.325, 0.341945, 360, 360.684, 0
18.345, 0.341945, 360, 360.684, 0
18.361, 0.341945, 360, 360.684, 0
18.38, 0.341945, 360, 360.684, 0
18.396, 0.341945, 360, 360.684, 0
18.423, 0.341945, 360, 360.684, 0
18.465, 0.341945, 360, 360.684, 0
18.499, 0.341945, 360, 360.684, 0
18.54, 0.341945, 360, 360.684, 0
18.609, 0.341945, 360, 360.684, -0
18.645, 0.341945, 360, 360.684, 0
18.662, 0.341945, 360, 360.684, 0
18.685, 0.341945, 360, 360.684, 0
18.703, 0.341945, 360, 360.684, 0
18.727, 0.341945, 360, 360.684, 0
18.744, 0.341945, 360, 360.684, 0
18.766, 0.341945, 360, 360.684, 0
18.782, 0.341945, 360, 360.684, 0
18.804, 0.341945, 360, 0, -7.81886e+08
18.829, 0.341945, 360, 360.342, 0
18.85, 0.136778, 360, 360.137, 0
18.867, 0.0683891, 360, 360.137, 0
18.894, 0.0683891, 360, 360.137, 0
18.916, 0.0683891, 360, 360.137, 0
18.935, 0.0683891, 360, 360.137, 0
18.956, 0.0683891, 360, 360.137, 0
18.992, 0.0683891, 360, 360.137, 0
19.016, 0.0683891, 360, 360.137, 0
19.04, 0.0683891, 360, 360.137, 0
19.059, 0.0683891, 360, 360.137, 0
19.085, 0.0683891, 360, 360.137, 0
19.1, 0.0683891, 360, 360.137, 0
19.113, 0.0683891, 360, 360.137, 0
19.128, 0.0683891, 360, 360.137, 0
19.141, 0.0683891, 360, 360.137, 0
19.155, 0.0683891, 360, 360.137, 0
19.169, 0.0683891, 360, 360.137, 0
19.183, 0.0683891, 360, 360.137, 0
19.198, 0.0683891, 360, 360.137, 0
19.211, 0.0683891, 360, 360.137, 0
19.227, 0.0683891, 360, 360.137, 0
19.24, 0.0683891, 360, 360.137, 0
19.255, 0.0683891, 360, 360.137, 0
19.269, 0.0683891, 360, 360.137, 0
19.289, 0.0683891, 360, 360.137, 0
19.311, 0.0683891, 360, 360.137, 0
19.333, 0.0683891, 360, 360.137, 0
19.389, 0.0683891, 360, 360.137, 0
19.411, 0.0683891, 360, 360.137, 0
19.427, 0.0683891, 360, 360.137, 0
19.455, 0.0683891, 360, 360.137, 0
19.488, 0.0683891, 360, 360.137, 0
19.55, 0.0683891, 360, 360.137, 0
19.585, 0.0683891, 360, 360.137, 0
19.637, 0.0683891, 360, 360.137, 0
19.673, 0.0683891, 360, 360.137, 0
19.705, 0.0683891, 360, 360.137, 0
19.762, 0.0683891, 360, 360.137, 0
19.797, 0.0683891, 360, 360.137, 0
19.86, 0.0683891, 360, 360.137, 0
19.904, 0.0683891, 360, 360.137, 0
19.977, 0.0683891, 360, 360.137, 0
20.006, 0.0683891, 360, 360.137, 0
20.028, 0.0683891, 360, 360.137, 28457.5
20.059, 0.0683891, 360, 360.137, 0
20.143, 0.0683891, 360, 360.137, 0
20.183, 0.0683891, 360, 360.137, 0
20.201, 0.0683891, 360, 360.137, 0
20.225, 0.0683891, 360, 360.137, 0
20.246, 0.0683891, 360, 360.137, 0
20.277, 0.0683891, 360, 360.137, 0
20.311, 0.0683891, 360, 360.137, 0
20.362, 0.0683891, 360, 360.137, 0
20.4, 0.0683891, 360, 360.137, 0
20.423, 0.0683891, 360, 360.137, 0
20.441, 0.0683891, 360, 360.137, 0
20.46, 0.0683891, 360, 360.137, 0
20.481, 0.0683891, 360, 360.137, 0
20.495, 0.0683891, 360, 360.137, 0
20.508, 0.0683891, 360, 360.137, 0
20.523, 0.0683891, 360, 360.137, 0
20.537, 0.0683891, 360, 360.137, 0
20.552, 0.0683891, 360, 360.137, 0
20.567, 0.0683891, 360, 360.137, 0
20.584, 0.0683891, 360, 360.137, 0
20.6, 0.0683891, 360, 360.137, 0
20.624, 0.0683891, 360, 360.137, 0
20.641, 0.0683891, 360, 360.137, 0
20.664, 0.0683891, 360, 360.137, 0
20.683, 0.0683891, 360, 360.137, 0
20.703, 0.0683891, 360, 360.137, 0
20.726, 0.0683891, 360, 360.137, 0
20.744, 0.0683891, 360, 360.137, 0
20.765, 0.0683891, 360, 360.137, 0
20.793, 0.0683891, 360, 360.137, 0
20.807, 0.0683891, 360, 360.137, 0
20.823, 0.0683891, 360, 360.137, 0
20.838, 0.0683891, 360, 360.137, 0
20.851, 0.0683891, 360, 360.137, 0
20.866, 0.0683891, 360, 360.205, 0
20.879, 0.170973, 360, 360.342, 0
20.894, 0.170973, 360, 360.342, 0
20.907, 0.170973, 360, 360.342, 0
20.922, 0.170973, 360, 360.342, 0
20.937, 0.170973, 360, 360.342, 0
20.95, 0.170973, 360, 360.342, 0
20.963, 0.170973, 360, 360.342, 0
20.985, 0.170973, 360, 360.342, 0
21.001, 0.170973, 360, 360.342, 0
21.014, 0.170973, 360, 360.342, 0
21.029, 0.170973, 360, 360.342, 0
21.042, 0.170973, 360, 360.342, 0
21.057, 0.170973, 360, 360.342, 0
21.07, 0.170973, 360, 360.342, 0
21.083, 0.170973, 360, 360.342, 0
21.098, 0.170973, 360, 360.342, 0
21.112, 0.170973, 360, 360.342, 0
21.126, 0.170973, 360, 360.342, 0
21.139, 0.170973, 360, 360.342, 0
21.153, 0.170973, 360, 360.342, 163829
21.167, 0.239362, 360, 360.547, 371.68
21.18, 0.307751, 360, 360.684, 0
21.194, 0.341945, 360, 360.684, 0
21.206, 0.341945, 360, 360.684, 0
21.22, 0.341945, 360, 360.684, 0
21.234, 0.341945, 360, 360.616, 0
21.248, 0.307751, 360, 360.616, 0
21.261, 0.307751, 360, 360.616, 0
21.275, 0.307751, 360, 360.616, 0
21.291, 0.307751, 360, 360.616, 0
21.304, 0.307751, 360, 360.616, 0
21.319, 0.307751, 360, 360.616, 0
21.333, 0.307751, 360, 360.616, 0
21.347, 0.307751, 360, 360.616, 0
21.36, 0.307751, 360, 360.616, 0
21.376, 0.307751, 360, 360.616, 0
21.39, 0.307751, 360, 360.616, -0.343997
21.405, 0.307751, 360, 360.616, 0
21.436, 0.307751, 360, 360.616, 0
21.455, 0.307751, 360, 360.616, 0
21.477, 0.307751, 360, 360.616, 0
21.498, 0.307751, 360, 360.616, 0
21.516, 0.307751, 360, 360.616, 0
21.537, 0.307751, 360, 360.616, 0
21.554, 0.307751, 360, 360.616, 0
21.578, 0.307751, 360, 360.616, 0
21.598, 0.307751, 360, 360.616, 0
21.618, 0.307751, 360, 360.616, 0
21.636, 0.307751, 360, 360.616, 0
21.65, 0.307751, 360, 360.616, 0
21.678, 0.307751, 360, 360.616, 0
21.724, 0.307751, 360, 360.616, 0
21.765, 0.307751, 360, 360.616, 0
21.785, 0.307751, 360, 360.616, 0
21.806, 0.307751, 360, 360.616, 0
21.828, 0.307751, 360, 360.616, 0
21.846, 0.307751, 360, 360.616, 0
21.883, 0.307751, 360, 360.616, 0
21.924, 0.307751, 360, 360.616, 0
21.956, 0.307751, 360, 360.616, 0
21.982, 0.307751, 360, 360.616, 0
22.004, 0.307751, 360, 360.616, 0
22.046, 0.307751, 360, 360.616, 0
22.064, 0.307751, 360, 360.616, 0
22.078, 0.307751, 360, 360.616, 0
22.092, 0.307751, 360, 360.616, 0
22.104, 0.307751, 360, 360.616, 0
22.119, 0.307751, 360, 360.616, 0
22.133, 0.307751, 360, 360.616, 0
22.147, 0.307751, 360, 360.616, 0
22.162, 0.307751, 360, 360.616, 0
22.184, 0.307751, 360, 360.616, 1.05865e+06
22.202, 0.341945, 360, 360.684, 30.0347
22.218, 0.37614, 360, 360.752, 0
22.231, 0.37614, 360, 360.752, 0
22.245, 0.37614, 360, 360.752, 0
22.258, 0.37614, 360, 360.752, 0
22.274, 0.37614, 360, 360.752, 0
22.291, 0.37614, 360, 360.752, 0
22.309, 0.37614, 360, 360.752, 0
22.323, 0.478723, 360, 360.957, 0
22.337, 0.478723, 360, 360.957, 0
22.359, 0.478723, 360, 360.889, 0
22.382, 0.444529, 360, 360.889, 0
22.405, 0.410334, 360, 360.752, 0
22.421, 0.37614, 360, 360.684, 0
22.44, 0.341945, 360, 360.684, 0
22.46, 0.341945, 360, 360.684, 0
22.483, 0.341945, 360, 360.684, 0
22.504, 0.341945, 360, 360.684, 0
22.525, 0.341945, 360, 360.684, 0
22.562, 0.341945, 360, 360.684, 0
22.608, 0.341945, 360, 360.684, 0
22.63, 0.341945, 360, 360.684, 0
22.646, 0.341945, 360, 360.684, 0
22.667, 0.341945, 360, 360.684, 0
22.684, 0.341945, 360, 360.684, 0
22.702, 0.341945, 360, 360.684, 0
22.723, 0.341945, 360, 360.684, 0
22.741, 0.341945, 360, 360.684, 0
22.763, 0.341945, 360, 360.684, 0
22.782, 0.341945, 360, 360.684, 0
22.802, 0.341945, 360, 360.684, 0
22.823, 0.341945, 360, 360.684, 0
22.837, 0.341945, 360, 360.684, 0
22.878, 0.341945, 360, 360.684, 0
22.901, 0.341945, 360, 360.684, 0
22.922, 0.341945, 360, 360.684, 0
22.942, 0.341945, 360, 360.684, 0
22.961, 0.341945, 360, 360.684, 0
22.987, 0.341945, 360, 360.684, 0
23.006, 0.341945, 360, 360.684, 0
23.024, 0.341945, 360, 360.684, 0
23.043, 0.341945, 360, 360.684, 0
23.066, 0.341945, 360, 360.684, 0
23.084, 0.341945, 360, 360.684, 0
23.1, 0.341945, 360, 360.684, 0
23.114, 0.341945, 360, 360.684, 0
23.127, 0.341945, 360, 360.684, 0
23.141, 0.341945, 360, 360.684, 0
23.158, 0.341945, 360, 360.684, 0
23.175, 0.341945, 360, 360.684, 0
23.191, 0.341945, 360, 360.684, 0
23.204, 0.341945, 360, 360.684, 0
23.219, 0.341945, 360, 360.684, 0
23.233, 0.341945, 360, 360.684, 0
23.248, 0.341945, 360, 360.684, 0
23.269, 0.341945, 360, 360.684, 0
23.289, 0.341945, 360, 360.684, 0
23.309, 0.341945, 360, 360.684, 0
23.33, 0.341945, 360, 360.684, 0
23.349, 0.341945, 360, 360.684, 0
23.371, 0.341945, 360, 360.684, 0
23.387, 0.341945, 360, 360.684, 0
23.402, 0.341945, 360, 360.684, 9.3585e+06
23.413, 0.341945, 360, 360.821, 0
23.428, 0.478723, 360, 360.957, 0
23.442, 0.478723, 360, 360.957, 0
23.456, 0.444529, 360, 360.889, 0
23.47, 0.410334, 360, 360.821, 0
23.483, 0.410334, 360, 360.752, 0
23.498, 0.37614, 360, 360.752, 0
23.512, 0.37614, 360, 360.752, 0
23.527, 0.37614, 360, 360.752, 0
23.544, 0.37614, 360, 360.752, 0
23.557, 0.37614, 360, 360.752, 0
23.571, 0.37614, 360, 360.752, 0
23.596, 0.37614, 360, 360.752, 0
23.615, 0.37614, 360, 360.752, 0
23.639, 0.37614, 360, 360.752, 0
23.666, 0.37614, 360, 360.752, 0
23.686, 0.37614, 360, 360.752, 0
23.707, 0.37614, 360, 360.752, 0
23.728, 0.37614, 360, 360.752, 0
23.745, 0.37614, 360, 360.752, 0
23.766, 0.37614, 360, 360.752, 0
23.789, 0.37614, 360, 360.752, -330505
23.805, 0.37614, 360, 360.752, 0
23.819, 0.37614, 360, 360.752, 0
23.833, 0.37614, 360, 360.752, 0
23.85, 0.37614, 360, 360.752, 0
23.872, 0.37614, 360, 360.752, 0
23.891, 0.37614, 360, 360.752, 0
23.913, 0.37614, 360, 360.752, 0
23.935, 0.37614, 360, 360.752, 0
23.964, 0.37614, 360, 360.752, 0
23.977, 0.37614, 360, 360.752, 0
23.994, 0.37614, 360, 360.752, 0
24.011, 0.37614, 360, 360.752, 0
24.03, 0.37614, 360, 360.752, 0
24.051, 0.37614, 360, 360.752, 0
24.07, 0.37614, 360, 360.752, 0
24.091, 0.341945, 360, 360.684, 0
24.11, 0.341945, 360, 360.684, 0
24.126, 0.341945, 360, 360.684, 0
24.149, 0.341945, 360, 360.684, 0
24.186, 0.341945, 360, 360.684, 0
24.201, 0.341945, 360, 360.684, 0
24.217, 0.341945, 360, 360.684, 0
24.231, 0.341945, 360, 360.684, 0
24.245, 0.341945, 360, 360.684, 0
24.26, 0.341945, 360, 360.684, 0
24.274, 0.341945, 360, 360.684, 0
24.288, 0.341945, 360, 360.684, 0
24.309, 0.341945, 360, 360.684, 0
24.328, 0.341945, 360, 360.684, 0
24.345, 0.341945, 360, 360.684, 0
24.369, 0.341945, 360, 360.684, 0
24.391, 0.341945, 360, 360.684, 0
24.411, 0.341945, 360, 360.684, 0
24.435, 0.341945, 360, 360.684, 0
24.456, 0.341945, 360, 360.684, 0
24.475, 0.341945, 360, 360.684, 0
24.505, 0.341945, 360, 360.684, 0
24.518, 0.341945, 360, 360.684, 0
24.532, 0.341945, 360, 360.684, 0
24.548, 0.341945, 360, 360.684, 0
24.569, 0.341945, 360, 360.684, 0
24.582, 0.341945, 360, 360.684, 0
24.6, 0.341945, 360, 360.684, 0
24.626, 0.341945, 360, 360.684, 0
24.65, 0.341945, 360, 360.684, 0
24.666, 0.341945, 360, 360.684, 0
24.688, 0.341945, 360, 360.684, 0
24.706, 0.341945, 360, 360.684, 0
24.729, 0.341945, 360, 360.684, 0
24.747, 0.341945, 360, 360.684, 0
24.77, 0.341945, 360, 360.684, 0
24.79, 0.341945, 360, 360.684, 0
24.805, 0.341945, 360, 360.684, 0
24.825, 0.341945, 360, 360.684, 0
24.839, 0.341945, 360, 360.684, 0
24.858, 0.341945, 360, 360.684, 0
24.878, 0.341945, 360, 360.684, 0
24.9, 0.341945, 360, 360.684, 0
24.922, 0.341945, 360, 360.684, -5.81748e+06
24.94, 0.341945, 360, 360.684, 0
24.97, 0.341945, 360, 360.684, 0
24.999, 0.341945, 360, 360.684, 0
25.078, 0.341945, 360, 360.684, 0
25.095, 0.341945, 360, 360.684, -334276
25.154, 0.341945, 360, 360.684, 0
25.18, 0.341945, 360, 0, 0
25.196, 0.341945, 360, 360.684, 0
25.21, 0.341945, 360, 360.684, 0
25.234, 0.341945, 360, 360.684, 0
25.253, 0.341945, 360, 360.684, 0
25.277, 0.341945, 360, 360.684, 0
25.292, 0.341945, 360, 360.684, 0
25.31, 0.341945, 360, 360.684, 0
25.324, 0.341945, 360, 360.684, 0
25.339, 0.341945, 360, 360.684, 0
25.353, 0.341945, 360, 360.684, 0
25.366, 0.341945, 360, 360.684, 0
25.387, 0.341945, 360, 360.684, 0
25.399, 0.341945, 360, 360.821, 30.8059
25.413, 0.444529, 360, 360.957, 0
25.429, 0.478723, 360, 360.957, -61.6673
25.444, 0.444529, 360, 360.889, 0
25.458, 0.444529, 360, 360.821, 0
25.473, 0.37614, 360, 360.752, 0
25.494, 0.37614, 360, 155.585, 0
25.507, 0.37614, 360, 360.752, 0
25.522, 0.37614, 360, 360.752, 0
25.545, 0.37614, 360, 360.752, 0
25.566, 0.37614, 360, 360.752, 0
25.585, 0.37614, 360, 360.684, -334276
25.601, 0.341945, 360, 360.684, 0
25.614, 0.341945, 360, 360.684, 0
25.629, 0.341945, 360, 360.684, 0
25.642, 0.341945, 360, 360.684, 0
25.656, 0.341945, 360, 360.684, 0
25.671, 0.341945, 360, 360.684, 0
25.686, 0.341945, 360, 360.684, 0
25.703, 0.341945, 360, 360.684, 0
25.719, 0.341945, 360, 360.684, 0
25.734, 0.341945, 360, 360.684, 0
25.762, 0.341945, 360, 360.684, 0
25.782, 0.341945, 360, 360.684, 0
25.8, 0.341945, 360, 360.684, 0
25.827, 0.341945, 360, 360.684, 0
25.846, 0.341945, 360, 360.684, 0
25.867, 0.341945, 360, 360.684, 0
25.924, 0.341945, 360, 360.684, 0
25.97, 0.341945, 360, 360.684, 0
26.006, 0.341945, 360, 360.684, 0
26.027, 0.341945, 360, 360.684, 0
26.041, 0.341945, 360, 360.684, 0
26.064, 0.341945, 360, 360.684, 0
26.087, 0.341945, 360, 360.684, 0
26.105, 0.341945, 360, 360.684, 0
26.118, 0.341945, 360, 360.684, 0
26.132, 0.341945, 360, 360.684, 0
26.144, 0.341945, 360, 360.684, 0
26.172, 0.341945, 360, 360.684, 0
26.209, 0.341945, 360, 360.684, 0
26.272, 0.341945, 360, 360.684, 0
26.305, 0.341945, 360, 360.684, 0
26.341, 0.341945, 360, 360.684, 0
26.381, 1, 360, 360.957, 25.4755
26.404, 0.615502, 360, 361.231, 0
26.425, 0.615502, 360, 3.6113e+06, 5.59008
26.472, 0.547112, 360, 361.163, -5.89307
26.529, 0.547112, 360, 360.889, -5.96555
26.57, 0.444529, 360, 360.684, 0
26.626, 0.341945, 360, 360.616, 0
26.663, 0.307751, 360, 360.616, 0
26.685, 0.307751, 360, 360.616, 0
26.707, 0.307751, 360, 3.60652e+06, 0
26.731, 0.341945, 360, 360.889, 0
26.752, 0.444529, 360, 360.889, 0
26.772, 0.410334, 360, 360.752, 0
26.79, 0.37614, 360, 360.684, 0
26.815, 0.341945, 360, 360.684, 0
26.835, 0.341945, 360, 360.684, 0
26.857, 0.341945, 360, 360.684, 0
26.879, 0.341945, 360, 360.684, 0
26.898, 0.341945, 360, 360.684, 0
26.919, 0.341945, 360, 360.684, 0
26.941, 0.341945, 360, 360.684, 0
26.959, 0.341945, 360, 360.684, 0
26.981, 0.341945, 360, 360.684, 0
27.002, 0.341945, 360, 360.684, 0
27.02, 0.341945, 360, 360.684, 0
27.048, 0.341945, 360, 360.684, 0
27.069, 0.341945, 360, 360.684, 0
27.085, 0.341945, 360, 360.684, 0
27.101, 0.341945, 360, 360.821, 30.5718
27.116, 0.444529, 360, 360.889, 0
27.131, 0.444529, 360, 360.889, 0
27.144, 0.444529, 360, 360.889, 0
27.158, 0.444529, 360, 360.821, 0
27.174, 0.37614, 360, 360.752, 0
27.194, 0.37614, 360, 360.684, 0
27.212, 0.37614, 360, 360.684, 0
27.233, 0.341945, 360, 360.684, 0
27.259, 0.341945, 360, 360.684, 0
27.279, 0.341945, 360, 360.684, 0
27.302, 0.341945, 360, 360.684, 0
27.323, 0.341945, 360, 360.684, 0
27.35, 0.341945, 360, 360.684, 0
27.367, 0.341945, 360, 360.684, 0
27.388, 0.341945, 360, 360.684, 0
27.411, 0.341945, 360, 360.684, 0
27.426, 0.341945, 360, 360.684, 0
27.439, 0.341945, 360, 360.684, 0
27.454, 0.341945, 360, 360.684, 0
27.468, 0.341945, 360, 360.684, 0
27.49, 0.341945, 360, 360.684, 0
27.514, 0.341945, 360, 360.684, 0
27.534, 0.341945, 360, 360.684, 0
27.552, 0.341945, 360, 360.684, 0
27.577, 0.341945, 360, 360.684, 0
27.628, 0.341945, 360, 360.684, 0
27.655, 0.341945, 360, 360.684, 0
27.674, 0.341945, 360, 360.684, 0
27.695, 0.341945, 360, 360.684, 0
27.712, 0.341945, 360, 360.684, 0
27.733, 0.341945, 360, 360.684, 0
27.752, 0.341945, 360, 360.684, 0
27.774, 0.341945, 360, 360.684, 0
27.815, 0.341945, 360, 360.684, 0
27.85, 0.341945, 360, 360.684, 0
27.876, 0.341945, 360, 360.684, 0
27.891, 0.341945, 360, 360.684, 0
27.914, 0.341945, 360, 360.684, 0
27.935, 0.341945, 360, 360.684, 0
27.951, 0.341945, 360, 360.684, 0
27.972, 0.341945, 360, 360.684, 0
27.991, 0.341945, 360, 360.684, 0
28.009, 0.341945, 360, 360.684, 0
28.06, 0.341945, 360, 360.684, 0
28.082, 0.341945, 360, 360.684, 0
28.116, 0.341945, 360, 360.684, 0
28.135, 0.341945, 360, 360.684, 0
28.153, 0.341945, 360, 360.684, 0
28.174, 0.341945, 360, 360.684, 0
28.204, 0.341945, 360, 360.684, 0
28.245, 0.341945, 360, 360.684, 0
28.303, 0.341945, 360, 360.684, 0
28.317, 0.341945, 360, 360.684, 0
28.331, 0.341945, 360, 360.684, 0
28.345, 0.341945, 360, 360.684, 0
28.359, 0.341945, 360, 360.684, 0
28.374, 0.341945, 360, 360.684, 0
28.387, 0.341945, 360, 360.684, 0
28.401, 0.341945, 360, 360.684, 0
28.417, 0.341945, 360, 360.684, 0
28.432, 0.341945, 360, 360.684, 0
28.447, 0.341945, 360, 360.684, 0
28.461, 0.341945, 360, 360.684, 0
28.475, 0.341945, 360, 360.684, 0
28.489, 0.341945, 360, 360.684, 0
28.503, 0.341945, 360, 360.684, 0
28.516, 0.341945, 360, 360.684, 0
28.53, 0.341945, 360, 360.684, 0
28.543, 0.341945, 360, 360.684, 0
28.557, 0.341945, 360, 360.684, 0
28.57, 0.341945, 360, 360.684, 0
28.585, 0.341945, 360, 360.684, 0
28.6, 0.341945, 360, 360.684, 0
28.614, 0.341945, 360, 360.684, 0
28.629, 0.341945, 360, 360.684, 0
28.641, 0.341945, 360, 360.684, 0
28.655, 0.341945, 360, 360.684, 0
28.67, 0.341945, 360, 360.684, 0
28.684, 0.341945, 360, 360.684, 0
28.698, 0.341945, 360, 360.684, 0
28.712, 0.341945, 360, 360.684, 0
28.726, 0.341945, 360, 360.684, 0
28.74, 0.341945, 360, 360.684, 0
28.754, 0.341945, 360, 360.684, 0
28.767, 0.341945, 360, 360.684, 0
28.78, 0.341945, 360, 360.684, 0
28.792, 0.341945, 360, 360.684, 0
28.804, 0.341945, 360, 360.684, 0
28.819, 0.341945, 360, 360.684, 0
28.833, 0.341945, 360, 360.684, 0
28.848, 0.341945, 360, 360.684, 0
28.86, 0.341945, 360, 360.684, 0
28.875, 0.341945, 360, 360.684, 0
28.889, 0.341945, 360, 360.684, 0
28.903, 0.341945, 360, 360.684, 0
28.917, 0.341945, 360, 360.684, 0
28.931, 0.341945, 360, 360.684, 0
28.946, 0.341945, 360, 360.684, 0
28.959, 0.341945, 360, 360.684, 0
28.972, 0.341945, 360, 360.684, 0
28.992, 0.341945, 360, 360.684, 0
29.009, 0.341945, 360, 360.684, 0
29.021, 0.341945, 360, 360.684, 0
29.033, 0.341945, 360, 360.684, 0
29.045, 0.341945, 360, 360.684, 0
29.058, 0.341945, 360, 360.684, 0
29.07, 0.341945, 360, 360.684, 0
29.083, 0.341945, 360, 360.684, 0
29.096, 0.341945, 360, 360.684, 0
29.108, 0.341945, 360, 360.684, 0
29.12, 0.341945, 360, 360.684, 0
29.133, 0.341945, 360, 360.684, 0
29.145, 0.341945, 360, 360.684, 0
29.158, 0.341945, 360, 360.684, 0
29.17, 0.341945, 360, 360.684, 0
29.183, 0.341945, 360, 360.684, 0
29.195, 0.341945, 360, 360.684, 0
29.208, 0.341945, 360, 360.684, 0
29.22, 0.341945, 360, 360.684, 0
29.233, 0.341945, 360, 360.684, 0
29.245, 0.341945, 360, 360.684, 0
29.258, 0.341945, 360, 360.684, 0
29.27, 0.341945, 360, 360.684, 0
29.283, 0.341945, 360, 360.684, 0
29.297, 0.341945, 360, 360.684, 0
29.311, 0.341945, 360, 360.684, 0
29.325, 0.341945, 360, 360.684, 0
29.339, 0.341945, 360, 360.684, 0
29.354, 0.341945, 360, 360.684, 0
29.368, 0.341945, 360, 360.684, 0
29.382, 0.341945, 360, 360.684, 0
29.397, 0.341945, 360, 360.684, 0
29.41, 0.341945, 360, 360.684, 0
29.424, 0.341945, 360, 360.684, 0
29.437, 0.341945, 360, 360.684, 0
29.453, 0.341945, 360, 360.684, 0
29.475, 0.341945, 360, 360.684, 0
29.507, 0.341945, 360, 360.684, 0
29.522, 0.341945, 360, 360.684, 0
29.55, 0.341945, 360, 360.684, 0
29.568, 0.341945, 360, 360.684, 0
29.583, 0.341945, 360, 360.684, 0
29.598, 0.341945, 360, 360.684, 0
29.61, 0.341945, 360, 360.684, 0
29.626, 0.341945, 360, 360.684, 0
29.64, 0.341945, 360, 360.684, 0
29.659, 0.341945, 360, 360.684, 0
29.678, 0.341945, 360, 360.684, 0
29.708, 0.341945, 360, 360.684, 0
29.73, 0.341945, 360, 360.684, 0
29.787, 0.341945, 360, 360.684, 0
29.81, 0.341945, 360, 360.684, 0
29.832, 0.341945, 360, 360.684, 0
29.848, 0.341945, 360, 360.684, 0
29.867, 0.341945, 360, 360.684, 0
29.882, 0.341945, 360, 360.684, 0
29.9, 0.341945, 360, 360.684, 0
29.929, 0.341945, 360, 360.684, 0
29.964, 0.341945, 360, 360.684, 0
30.007, 0.341945, 360, 360.684, 0
