0.002, 0, 0, 0, 0
0.015, 1, 0, 0, 0
0.028, 1, 0, 0, 0
0.041, 1, 0, 0, 0
0.053, 1, 0, 0, 0
0.065, 1, 0, 0, 0
0.078, 1, 0, 0, 0
0.09, 1, 0, 0, 0
0.103, 1, 0, 0, 0
0.115, 1, 0, 0, 0
0.128, 1, 0, 0, 0
0.14, 1, 0, 0, 0
0.152, 1, 0, 0, 0
0.165, 1, 0, 0, 0
0.177, 1, 0, 0, 0
0.19, 1, 0, 0, 0
0.203, 1, 0, 0, 0
0.215, 1, 0, 0, 0
0.228, 1, 0, 0, 0
0.24, 1, 0, 0, 0
0.253, 1, 0, 0, 0
0.265, 1, 0, 0, 0
0.278, 1, 0, 0, 0
0.29, 1, 0, 0, 0
0.303, 1, 0, 0, 0
0.316, 1, 0, 0, 0
0.329, 1, 0, 0, 0
0.341, 1, 0, 0, 0
0.354, 1, 0, 0, 0
0.367, 1, 0, 0, 0
0.379, 1, 0, 0, 0
0.392, 1, 0, 0, 0
0.404, 1, 0, 0, 0
0.417, 1, 0, 0, 0
0.43, 1, 0, 0, 0
0.443, 1, 0, 0, 0
0.455, 1, 0, 0, 0
0.468, 1, 0, 0, 0
0.48, 1, 0, 0, 0
0.493, 1, 0, 0, 0
0.506, 1, 0, 0, 0
0.519, 1, 0, 0, 0
0.532, 1, 0, 0, 0
0.545, 1, 0, 0, 0
0.557, 1, 0, 0, 0
0.57, 1, 0, 0, 0
0.582, 1, 0, 0, 0
0.595, 1, 0, 0, 0
0.608, 1, 0, 0, 0
0.62, 1, 0, 0, 0
0.633, 1, 0, 0, 0
0.646, 1, 0, 0, 0
0.658, 1, 0, 0, 0
0.671, 1, 0, 0, 0
0.684, 1, 0, 0, 0
0.696, 1, 0, 0, 0
0.709, 1, 0, 0, 0
0.722, 1, 0, 0, 0
0.734, 1, 0, 0, 0
0.746, 1, 0, 0, 0
0.757, 1, 0, 0, 0
0.769, 1, 0, 0, 0
0.78, 1, 0, 0, 0
0.792, 1, 0, 0, 0
0.803, 1, 0, 0, 0
0.813, 1, 0, 0, 0
0.824, 1, 0, 0, 0
0.835, 1, 0, 0, 0
0.846, 1, 0, 0, 0
0.857, 1, 0, 0, 0
0.868, 1, 0, 0, 0
0.88, 1, 0, 0, 0
0.892, 1, 0, 0, 0
0.903, 1, 0, 0, 0
0.915, 1, 0, 0, 0
0.926, 1, 0, 0, 0
0.938, 1, 0, 0, 0
0.949, 1, 0, 0, 0
0.961, 1, 0, 0, 0
0.972, 1, 0, 0, 0
0.984, 1, 0, 0, 0
0.995, 1, 0, 0, 0
1.007, 1, 0, 0, 0
1.018, 1, 0, 0, 0
1.03, 1, 0, 0, 0
1.041, 1, 0, 0, 0
1.052, 1, 0, 0, 0
1.064, 1, 0, 0, 0
1.075, 1, 0, 0, 0
1.086, 1, 0, 0, 0
1.098, 1, 0, 0, 0
1.11, 1, 0, 0, 0
1.121, 1, 0, 0, 0
1.133, 1, 0, 0, 0
1.144, 1, 0, 0, 0
1.156, 1, 0, 0, 0
1.167, 1, 0, 0, 0
1.179, 1, 0, 0, 0
1.19, 1, 0, 0, 0
1.202, 1, 0, 0, 0
1.213, 1, 0, 0, 0
1.225, 1, 0, 0, 0
1.236, 1, 0, 0, 0
1.248, 1, 0, 0, 0
1.258, 1, 0, 0, 0
1.269, 1, 0, 0, 0
1.281, 1, 0, 0, 0
1.292, 1, 0, 0, 0
1.304, 1, 0, 0, 0
1.315, 1, 0, 0, 0
1.327, 1, 0, 0, 0
1.339, 1, 0, 0, 0
1.35, 1, 0, 0, 0
1.361, 1, 0, 0, 0
1.373, 1, 0, 0, 0
1.385, 1, 0, 0, 0
1.396, 1, 0, 0, 0
1.408, 1, 0, 0, 0
1.419, 1, 0, 0, 0
1.431, 1, 0, 0, 0
1.443, 1, 0, 0, 0
1.454, 1, 0, 0, 0
1.466, 1, 0, 0, 0
1.477, 1, 0, 0, 0
1.489, 1, 0, 0, 0
1.5, 1, 0, 0, 0
1.512, 1, 0, 0, 0
1.523, 1, 0, 0, 0
1.535, 1, 0, 0, 0
1.547, 1, 0, 0, 0
1.559, 1, 0, 0, 0
1.57, 1, 0, 0, 0
1.581, 1, 0, 0, 0
1.592, 1, 0, 0, 0
1.602, 1, 0, 0, 0
1.613, 1, 0, 0, 0
1.624, 1, 0, 0, 0
1.635, 1, 0, 0, 0
1.647, 1, 0, 0, 0
1.658, 1, 0, 0, 0
1.669, 1, 0, 0, 0
1.681, 1, 0, 0, 0
1.693, 1, 0, 0, 0
1.704, 1, 0, 0, 0
1.716, 1, 0, 0, 0
1.727, 1, 0, 0, 0
1.738, 1, 0, 0, 0
1.749, 1, 0, 0, 0
1.761, 1, 0, 0, 0
1.772, 1, 0, 0, 0
1.783, 1, 0, 0, 0
1.795, 1, 0, 0, 0
1.806, 1, 0, 0, 0
1.818, 1, 0, 0, 0
1.83, 1, 0, 0, 0
1.841, 1, 0, 0, 0
1.853, 1, 0, 0, 0
1.864, 1, 0, 0, 0
1.875, 1, 0, 0, 0
1.887, 1, 0, 0, 0
1.899, 1, 0, 0, 0
1.91, 1, 0, 0, 0
1.922, 1, 0, 0, 0
1.934, 1, 0, 0, 0
1.945, 1, 0, 0, 0
1.957, 1, 0, 0, 0
1.968, 1, 0, 0, 0
1.98, 1, 0, 0, 0
1.99, 1, 0, 0, 0
2.001, 1, 0, 0, 0
2.011, 1, 0, 0, 0
2.022, 1, 0, 0, 0
2.033, 1, 0, 0, 0
2.044, 1, 0, 0, 0
2.055, 1, 0, 0, 0
2.066, 1, 0, 0, 0
2.078, 1, 0, 0, 0
2.09, 1, 0, 0, 0
2.102, 1, 0, 0, 0
2.113, 1, 0, 0, 0
2.125, 1, 0, 0, 0
2.136, 1, 0, 0, 0
2.148, 1, 0, 0, 0
2.159, 1, 0, 0, 0
2.171, 1, 0, 0, 0
2.182, 1, 0, 0, 0
2.194, 1, 0, 0, 0
2.205, 1, 0, 0, 0
2.217, 1, 0, 0, 0
2.228, 1, 0, 0, 0
2.24, 1, 0, 0, 0
2.251, 1, 0, 0, 0
2.263, 1, 0, 0, 0
2.274, 1, 0, 0, 0
2.285, 1, 0, 0, 0
2.297, 1, 0, 0, 0
2.308, 1, 0, 0, 0
2.32, 1, 0, 0, 0
2.331, 1, 0, 0, 0
2.343, 1, 0, 0, 0
2.355, 1, 0, 0, 0
2.366, 1, 0, 0, 0
2.378, 1, 0, 0, 0
2.389, 1, 0, 0, 0
2.401, 1, 0, 0, 0
2.412, 1, 0, 0, 0
2.424, 1, 0, 0, 0
2.435, 1, 0, 0, 0
2.447, 1, 0, 0, 0
2.458, 1, 0, 0, 0
2.469, 1, 0, 0, 0
2.481, 1, 0, 0, 0
2.491, 1, 0, 0, 0
2.502, 1, 0, 0, 0
2.513, 1, 0, 0, 0
2.525, 1, 0, 0, 0
2.536, 1, 0, 0, 0
2.548, 1, 0, 0, 0
2.56, 1, 0, 0, 0
2.571, 1, 0, 0, 0
2.582, 1, 0, 0, 0
2.594, 1, 0, 0, 0
2.606, 1, 0, 0, 0
2.617, 1, 0, 0, 0
2.629, 1, 0, 0, 0
2.64, 1, 0, 0, 0
2.652, 1, 0, 0, 0
2.664, 1, 0, 0, 0
2.675, 1, 0, 0, 0
2.687, 1, 0, 0, 0
2.698, 1, 0, 0, 0
2.709, 1, 0, 0, 0
2.721, 1, 0, 0, 0
2.732, 1, 0, 0, 0
2.744, 1, 0, 0, 0
2.755, 1, 0, 0, 0
2.767, 1, 0, 0, 0
2.778, 1, 0, 0, 0
2.789, 1, 0, 0, 0
2.801, 1, 0, 0, 0
2.812, 1, 0, 0, 0
2.824, 1, 0, 0, 0
2.836, 1, 0, 0, 0
2.848, 1, 0, 0, 0
2.859, 1, 0, 0, 0
2.871, 1, 0, 0, 0
2.882, 1, 0, 0, 0
2.894, 1, 0, 0, 0
2.905, 1, 0, 0, 0
2.916, 1, 0, 0, 0
2.927, 1, 0, 0, 0
2.938, 1, 0, 0, 0
2.948, 1, 0, 0, 0
2.959, 1, 0, 0, 0
2.97, 1, 0, 0, 0
2.981, 1, 0, 0, 0
2.993, 1, 0, 0, 0
3.004, 1, 0, 0, 0
3.016, 1, 0, 0, 0
3.027, 1, 0, 0, 0
3.039, 1, 0, 0, 0
3.05, 1, 0, 0, 0
3.063, 1, 0, 0, 0
3.074, 1, 0, 0, 0
3.086, 1, 0, 0, 0
3.097, 1, 0, 0, 0
3.109, 1, 0, 0, 0
3.12, 1, 0, 0, 0
3.131, 1, 0, 0, 0
3.142, 1, 0, 0, 0
3.154, 1, 0, 0, 0
3.165, 1, 0, 0, 0
3.176, 1, 0, 0, 0
3.188, 1, 0, 0, 0
3.199, 1, 0, 0, 0
3.21, 1, 0, 0, 0
3.222, 1, 0, 0, 0
3.233, 1, 0, 0, 0
3.245, 1, 0, 0, 0
3.256, 1, 0, 0, 0
3.267, 1, 0, 0, 0
3.279, 1, 0, 0, 0
3.291, 1, 0, 0, 0
3.301, 1, 0, 0, 0
3.313, 1, 0, 0, 0
3.324, 1, 0, 0, 0
3.335, 1, 0, 0, 0
3.347, 1, 0, 0, 0
3.357, 1, 0, 0, 0
3.368, 1, 0, 0, 0
3.38, 1, 0, 0, 0
3.391, 1, 0, 0, 0
3.403, 1, 0, 0, 0
3.414, 1, 0, 0, 0
3.425, 1, 0, 0, 0
3.437, 1, 0, 0, 0
3.448, 1, 0, 0, 0
3.459, 1, 0, 0, 0
3.47, 1, 0, 0, 0
3.482, 1, 0, 0, 0
3.493, 1, 0, 0, 0
3.505, 1, 0, 0, 0
3.516, 1, 0, 0, 0
3.527, 1, 0, 0, 0
3.538, 1, 0, 0, 0
3.55, 1, 0, 0, 0
3.561, 1, 0, 0, 0
3.573, 1, 0, 0, 0
3.584, 1, 0, 0, 0
3.595, 1, 0, 0, 0
3.606, 1, 0, 0, 0
3.616, 1, 0, 0, 0
3.628, 1, 0, 0, 0
3.64, 1, 0, 0, 0
3.651, 1, 0, 0, 0
3.663, 1, 0, 0, 0
3.674, 1, 0, 0, 0
3.685, 1, 0, 0, 0
3.697, 1, 0, 0, 0
3.708, 1, 0, 0, 0
3.719, 1, 0, 0, 0
3.731, 1, 0, 0, 0
3.742, 1, 0, 0, 0
3.753, 1, 0, 0, 0
3.764, 1, 0, 0, 0
3.776, 1, 0, 0, 0
3.787, 1, 0, 0, 0
3.798, 1, 0, 0, 0
3.81, 1, 0, 0, 0
3.821, 1, 0, 0, 0
3.831, 1, 0, 0, 0
3.843, 1, 0, 0, 0
3.854, 1, 0, 0, 0
3.865, 1, 0, 0, 0
3.877, 1, 0, 0, 0
3.888, 1, 0, 0, 0
3.899, 1, 0, 0, 0
3.911, 1, 0, 0, 0
3.922, 1, 0, 0, 0
3.933, 1, 0, 0, 0
3.945, 1, 0, 0, 0
3.956, 1, 0, 0, 0
3.967, 1, 0, 0, 0
3.978, 1, 0, 0, 0
3.989, 1, 0, 0, 0
4, 1, 0, 0, 0
4.012, 1, 0, 0, 0
4.023, 1, 0, 0, 0
4.034, 1, 0, 0, 0
4.046, 1, 0, 0, 0
4.057, 1, 0, 0, 0
4.068, 1, 0, 0, 0
4.08, 1, 0, 0, 0
4.091, 1, 0, 0, 0
4.103, 1, 0, 0, 0
4.113, 1, 0, 0, 0
4.125, 1, 0, 0, 0
4.136, 1, 0, 0, 0
4.148, 1, 0, 0, 0
4.159, 1, 0, 0, 0
4.171, 1, 0, 0, 0
4.182, 1, 0, 0, 0
4.194, 1, 0, 0, 0
4.205, 1, 0, 0, 0
4.217, 1, 0, 0, 0
4.228, 1, 0, 0, 0
4.24, 1, 0, 0, 0
4.251, 1, 0, 0, 0
4.263, 1, 0, 0, 0
4.274, 1, 0, 0, 0
4.284, 1, 0, 0, 0
4.294, 1, 0, 0, 0
4.305, 1, 0, 0, 0
4.316, 1, 0, 0, 0
4.326, 1, 0, 0, 0
4.337, 1, 0, 0, 0
4.349, 1, 0, 0, 0
4.359, 1, 0, 0, 0
4.372, 1, 0, 0, 0
4.383, 1, 0, 0, 0
4.395, 1, 0, 0, 0
4.407, 1, 0, 0, 0
4.418, 1, 0, 0, 0
4.43, 1, 0, 0, 0
4.441, 1, 0, 0, 0
4.453, 1, 0, 0, 0
4.464, 1, 0, 0, 0
4.476, 1, 0, 0, 0
4.488, 1, 0, 0, 0
4.499, 1, 0, 0, 0
4.511, 1, 0, 0, 0
4.522, 1, 0, 0, 0
4.534, 1, 0, 0, 0
4.545, 1, 0, 0, 0
4.557, 1, 0, 0, 0
4.569, 1, 0, 0, 0
4.58, 1, 0, 0, 0
4.591, 1, 0, 0, 0
4.602, 1, 0, 0, 0
4.613, 1, 0, 0, 0
4.625, 1, 0, 0, 0
4.636, 1, 0, 0, 0
4.648, 1, 0, 0, 0
4.659, 1, 0, 0, 0
4.671, 1, 0, 0, 0
4.683, 1, 0, 0, 0
4.694, 1, 0, 0, 0
4.705, 1, 0, 0, 0
4.716, 1, 0, 0, 0
4.728, 1, 0, 0, 0
4.739, 1, 0, 0, 0
4.751, 1, 0, 0, 0
4.763, 1, 0, 0, 0
4.773, 1, 0, 0, 0
4.785, 1, 0, 0, 0
4.796, 1, 0, 0, 0
4.808, 1, 0, 0, 0
4.819, 1, 0, 0, 0
4.831, 1, 0, 0, 0
4.842, 1, 0, 0, 0
4.854, 1, 0, 0, 0
4.865, 1, 0, 0, 0
4.877, 1, 0, 0, 0
4.887, 1, 0, 0, 0
4.899, 1, 0, 0, 0
4.91, 1, 0, 0, 0
4.921, 1, 0, 0, 0
4.932, 1, 0, 0, 0
4.944, 1, 0, 0, 0
4.955, 1, 0, 0, 0
4.967, 1, 0, 0, 0
4.978, 1, 0, 0, 0
4.99, 1, 0, 0, 0
5.001, 1, 0, 0, 0
5.013, 1, 0, 0, 0
5.024, 1, 0, 0, 0
5.035, 1, 0, 0, 0
5.047, 1, 0, 0, 0
5.059, 1, 0, 0, 0
5.07, 1, 0, 0, 0
5.081, 1, 0, 0, 0
5.092, 1, 0, 0, 0
5.103, 1, 0, 0, 0
5.114, 1, 0, 0, 0
5.126, 1, 0, 0, 0
5.137, 1, 0, 0, 0
5.149, 1, 0, 0, 0
5.161, 1, 0, 0, 0
5.173, 1, 0, 0, 0
5.184, 1, 0, 0, 0
5.196, 1, 0, 0, 0
5.206, 1, 0, 0, 0
5.218, 1, 0, 0, 0
5.229, 1, 0, 0, 0
5.241, 1, 0, 0, 0
5.252, 1, 0, 0, 0
5.264, 1, 0, 0, 0
5.275, 1, 0, 0, 0
5.287, 1, 0, 0, 0
5.298, 1, 0, 0, 0
5.31, 1, 0, 0, 0
5.321, 1, 0, 0, 0
5.333, 1, 0, 0, 0
5.345, 1, 0, 0, 0
5.356, 1, 0, 0, 0
5.368, 1, 0, 0, 0
5.379, 1, 0, 0, 0
5.391, 1, 0, 0, 0
5.403, 1, 0, 0, 0
5.414, 1, 0, 0, 0
5.425, 1, 0, 0, 0
5.437, 1, 0, 0, 0
5.449, 1, 0, 0, 0
5.461, 1, 0, 0, 0
5.472, 1, 0, 0, 0
5.484, 1, 0, 0, 0
5.495, 1, 0, 0, 0
5.506, 1, 0, 0, 0
5.518, 1, 0, 0, 0
5.53, 1, 0, 0, 0
5.541, 1, 0, 0, 0
5.553, 1, 0, 0, 0
5.564, 1, 0, 0, 0
5.576, 1, 0, 0, 0
5.586, 1, 0, 0, 0
5.598, 1, 0, 0, 0
5.61, 1, 0, 0, 0
5.621, 1, 0, 0, 0
5.633, 1, 0, 0, 0
5.644, 1, 0, 0, 0
5.656, 1, 0, 0, 0
5.667, 1, 0, 0, 0
5.679, 1, 0, 0, 0
5.69, 1, 0, 0, 0
5.702, 1, 0, 0, 0
5.713, 1, 0, 0, 0
5.725, 1, 0, 0, 0
5.736, 1, 0, 0, 0
5.748, 1, 0, 0, 0
5.76, 1, 0, 0, 0
5.771, 1, 0, 0, 0
5.783, 1, 0, 0, 0
5.794, 1, 0, 0, 0
5.806, 1, 0, 0, 0
5.817, 1, 0, 0, 0
5.829, 1, 0, 0, 0
5.839, 1, 0, 0, 0
5.851, 1, 0, 0, 0
5.863, 1, 0, 0, 0
5.874, 1, 0, 0, 0
5.886, 1, 0, 0, 0
5.898, 1, 0, 0, 0
5.909, 1, 0, 0, 0
5.921, 1, 0, 0, 0
5.932, 1, 0, 0, 0
5.944, 1, 0, 0, 0
5.955, 1, 0, 0, 0
5.967, 1, 0, 0, 0
5.978, 1, 0, 0, 0
5.99, 1, 0, 0, 0
6.002, 1, 0, 0, 0
6.013, 1, 0, 0, 0
6.024, 1, 0, 0, 0
6.035, 1, 0, 0, 0
6.047, 1, 0, 0, 0
6.058, 1, 0, 0, 0
6.07, 1, 0, 0, 0
6.081, 1, 0, 0, 0
6.093, 1, 0, 0, 0
6.105, 1, 0, 0, 0
6.116, 1, 0, 0, 0
6.128, 1, 0, 0, 0
6.139, 1, 0, 0, 0
6.151, 1, 0, 0, 0
6.162, 1, 0, 0, 0
6.174, 1, 0, 0, 0
6.186, 1, 0, 0, 0
6.197, 1, 0, 0, 0
6.208, 1, 0, 0, 0
6.219, 1, 0, 0, 0
6.231, 1, 0, 0, 0
6.243, 1, 0, 0, 0
6.254, 1, 0, 0, 0
6.265, 1, 0, 0, 0
6.277, 1, 0, 0, 0
6.288, 1, 0, 0, 0
6.3, 1, 0, 0, 0
6.311, 1, 0, 0, 0
6.323, 1, 0, 0, 0
6.334, 1, 0, 0, 0
6.346, 1, 0, 0, 0
6.357, 1, 0, 0, 0
6.369, 1, 0, 0, 0
6.381, 1, 0, 0, 0
6.393, 1, 0, 0, 0
6.404, 1, 0, 0, 0
6.416, 1, 0, 0, 0
6.428, 1, 0, 0, 0
6.44, 1, 0, 0, 0
6.451, 1, 0, 0, 0
6.463, 1, 0, 0, 0
6.474, 1, 0, 0, 0
6.486, 1, 0, 0, 0
6.497, 1, 0, 0, 0
6.509, 1, 0, 0, 0
6.52, 1, 0, 0, 0
6.532, 1, 0, 0, 0
6.543, 1, 0, 0, 0
6.555, 1, 0, 0, 0
6.567, 1, 0, 0, 0
6.578, 1, 0, 0, 0
6.59, 1, 0, 0, 0
6.601, 1, 0, 0, 0
6.612, 1, 0, 0, 0
6.623, 1, 0, 0, 0
6.634, 1, 0, 0, 0
6.646, 1, 0, 0, 0
6.657, 1, 0, 0, 0
6.669, 1, 0, 0, 0
6.68, 1, 0, 0, 0
6.692, 1, 0, 0, 0
6.703, 1, 0, 0, 0
6.715, 1, 0, 0, 0
6.726, 1, 0, 0, 0
6.738, 1, 0, 0, 0
6.749, 1, 0, 0, 0
6.76, 1, 0, 0, 0
6.771, 1, 0, 0, 0
6.783, 1, 0, 0, 0
6.795, 1, 0, 0, 0
6.806, 1, 0, 0, 0
6.818, 1, 0, 0, 0
6.829, 1, 0, 0, 0
6.841, 1, 0, 0, 0
6.852, 1, 0, 0, 0
6.863, 1, 0, 0, 0
6.874, 1, 0, 0, 0
6.884, 1, 0, 0, 0
6.896, 1, 0, 0, 0
6.907, 1, 0, 0, 0
6.917, 1, 0, 0, 0
6.929, 1, 0, 0, 0
6.94, 1, 0, 0, 0
6.952, 1, 0, 0, 0
6.963, 1, 0, 0, 0
6.975, 1, 0, 0, 0
6.987, 1, 0, 0, 0
6.998, 1, 0, 0, 0
7.01, 1, 0, 0, 0
7.021, 1, 0, 0, 0
7.032, 1, 0, 0, 0
7.044, 1, 0, 0, 0
7.055, 1, 0, 0, 0
7.065, 1, 0, 0, 0
7.077, 1, 0, 0, 0
7.089, 1, 0, 0, 0
7.1, 1, 0, 0, 0
7.112, 1, 0, 0, 0
7.123, 1, 0, 0, 0
7.134, 1, 0, 0, 0
7.146, 1, 0, 0, 0
7.157, 1, 0, 0, 0
7.169, 1, 0, 0, 0
7.181, 1, 0, 0, 0
7.192, 1, 0, 0, 0
7.204, 1, 0, 0, 0
7.215, 1, 0, 0, 0
7.227, 1, 0, 0, 0
7.238, 1, 0, 0, 0
7.25, 1, 0, 0, 0
7.261, 1, 0, 0, 0
7.273, 1, 0, 0, 0
7.284, 1, 0, 0, 0
7.296, 1, 0, 0, 0
7.307, 1, 0, 0, 0
7.319, 1, 0, 0, 0
7.33, 1, 0, 0, 0
7.342, 1, 0, 0, 0
7.353, 1, 0, 0, 0
7.364, 1, 0, 0, 0
7.376, 1, 0, 0, 0
7.387, 1, 0, 0, 0
7.398, 1, 0, 0, 0
7.41, 1, 0, 0, 0
7.421, 1, 0, 0, 0
7.433, 1, 0, 0, 0
7.444, 1, 0, 0, 0
7.456, 1, 0, 0, 0
7.467, 1, 0, 0, 0
7.478, 1, 0, 0, 0
7.49, 1, 0, 0, 0
7.502, 1, 0, 0, 0
7.513, 1, 0, 0, 0
7.525, 1, 0, 0, 0
7.536, 1, 0, 0, 0
7.548, 1, 0, 0, 0
7.56, 1, 0, 0, 0
7.571, 1, 0, 0, 0
7.581, 1, 0, 0, 0
7.592, 1, 0, 0, 0
7.604, 1, 0, 0, 0
7.615, 1, 0, 0, 0
7.627, 1, 0, 0, 0
7.638, 1, 0, 0, 0
7.65, 1, 0, 0, 0
7.661, 1, 0, 0, 0
7.673, 1, 0, 0, 0
7.685, 1, 0, 0, 0
7.696, 1, 0, 0, 0
7.707, 1, 0, 0, 0
7.719, 1, 0, 0, 0
7.731, 1, 0, 0, 0
7.741, 1, 0, 0, 0
7.753, 1, 0, 0, 0
7.764, 1, 0, 0, 0
7.776, 1, 0, 0, 0
7.787, 1, 0, 0, 0
7.799, 1, 0, 0, 0
7.81, 1, 0, 0, 0
7.821, 1, 0, 0, 0
7.833, 1, 0, 0, 0
7.844, 1, 0, 0, 0
7.856, 1, 0, 0, 0
7.868, 1, 0, 0, 0
7.879, 1, 0, 0, 0
7.891, 1, 0, 0, 0
7.902, 1, 0, 0, 0
7.914, 1, 0, 0, 0
7.925, 1, 0, 0, 0
7.936, 1, 0, 0, 0
7.948, 1, 0, 0, 0
7.96, 1, 0, 0, 0
7.971, 1, 0, 0, 0
7.983, 1, 0, 0, 0
7.994, 1, 0, 0, 0
8.006, 1, 0, 0, 0
8.017, 1, 0, 0, 0
8.028, 1, 0, 0, 0
8.04, 1, 0, 0, 0
8.051, 1, 0, 0, 0
8.063, 1, 0, 0, 0
8.074, 1, 0, 0, 0
8.086, 1, 0, 0, 0
8.097, 1, 0, 0, 0
8.109, 1, 0, 0, 0
8.12, 1, 0, 0, 0
8.132, 1, 0, 0, 0
8.143, 1, 0, 0, 0
8.155, 1, 0, 0, 0
8.166, 1, 0, 0, 0
8.178, 1, 0, 0, 0
8.19, 1, 0, 0, 0
8.201, 1, 0, 0, 0
8.213, 1, 0, 0, 0
8.225, 1, 0, 0, 0
8.235, 1, 0, 0, 0
8.247, 1, 0, 0, 0
8.258, 1, 0, 0, 0
8.27, 1, 0, 0, 0
8.281, 1, 0, 0, 0
8.293, 1, 0, 0, 0
8.305, 1, 0, 0, 0
8.316, 1, 0, 0, 0
8.328, 1, 0, 0, 0
8.339, 1, 0, 0, 0
8.35, 1, 0, 0, 0
8.362, 1, 0, 0, 0
8.374, 1, 0, 0, 0
8.385, 1, 0, 0, 0
8.396, 1, 0, 0, 0
8.407, 1, 0, 0, 0
8.418, 1, 0, 0, 0
8.429, 1, 0, 0, 0
8.441, 1, 0, 0, 0
8.453, 1, 0, 0, 0
8.463, 1, 0, 0, 0
8.474, 1, 0, 0, 0
8.485, 1, 0, 0, 0
8.497, 1, 0, 0, 0
8.508, 1, 0, 0, 0
8.52, 1, 0, 0, 0
8.531, 1, 0, 0, 0
8.543, 1, 0, 0, 0
8.554, 1, 0, 0, 0
8.566, 1, 0, 0, 0
8.577, 1, 0, 0, 0
8.589, 1, 0, 0, 0
8.6, 1, 0, 0, 0
8.612, 1, 0, 0, 0
8.624, 1, 0, 0, 0
8.635, 1, 0, 0, 0
8.647, 1, 0, 0, 0
8.658, 1, 0, 0, 0
8.67, 1, 0, 0, 0
8.682, 1, 0, 0, 0
8.693, 1, 0, 0, 0
8.705, 1, 0, 0, 0
8.716, 1, 0, 0, 0
8.728, 1, 0, 0, 0
8.739, 1, 0, 0, 0
8.75, 1, 0, 0, 0
8.762, 1, 0, 0, 0
8.773, 1, 0, 0, 0
8.785, 1, 0, 0, 0
8.797, 1, 0, 0, 0
8.809, 1, 0, 0, 0
8.82, 1, 0, 0, 0
8.832, 1, 0, 0, 0
8.842, 1, 0, 0, 0
8.853, 1, 0, 0, 0
8.865, 1, 0, 0, 0
8.876, 1, 0, 0, 0
8.888, 1, 0, 0, 0
8.899, 1, 0, 0, 0
8.911, 1, 0, 0, 0
8.923, 1, 0, 0, 0
8.934, 1, 0, 0, 0
8.946, 1, 0, 0, 0
8.957, 1, 0, 0, 0
8.969, 1, 0, 0, 0
8.98, 1, 0, 0, 0
8.992, 1, 0, 0, 0
9.003, 1, 0, 0, 0
9.015, 1, 0, 0, 0
9.026, 1, 0, 0, 0
9.038, 1, 0, 0, 0
9.049, 1, 0, 0, 0
9.061, 1, 0, 0, 0
9.073, 1, 0, 0, 0
9.084, 1, 0, 0, 0
9.096, 1, 0, 0, 0
9.107, 1, 0, 0, 0
9.119, 1, 0, 0, 0
9.13, 1, 0, 0, 0
9.141, 1, 0, 0, 0
9.153, 1, 0, 0, 0
9.164, 1, 0, 0, 0
9.176, 1, 0, 0, 0
9.187, 1, 0, 0, 0
9.199, 1, 0, 0, 0
9.21, 1, 0, 0, 0
9.222, 1, 0, 0, 0
9.233, 1, 0, 0, 0
9.245, 1, 0, 0, 0
9.255, 1, 0, 0, 0
9.267, 1, 0, 0, 0
9.278, 1, 0, 0, 0
9.289, 1, 0, 0, 0
9.3, 1, 0, 0, 0
9.312, 1, 0, 0, 0
9.323, 1, 0, 0, 0
9.335, 1, 0, 0, 0
9.347, 1, 0, 0, 0
9.359, 1, 0, 0, 0
9.369, 1, 0, 0, 0
9.381, 1, 0, 0, 0
9.392, 1, 0, 0, 0
9.404, 1, 0, 0, 0
9.415, 1, 0, 0, 0
9.427, 1, 0, 0, 0
9.438, 1, 0, 0, 0
9.448, 1, 0, 0, 0
9.458, 1, 0, 0, 0
9.47, 1, 0, 0, 0
9.481, 1, 0, 0, 0
9.493, 1, 0, 0, 0
9.505, 1, 0, 0, 0
9.516, 1, 0, 0, 0
9.528, 1, 0, 0, 0
9.539, 1, 0, 0, 0
9.551, 1, 0, 0, 0
9.561, 1, 0, 0, 0
9.572, 1, 0, 0, 0
9.584, 1, 0, 0, 0
9.595, 1, 0, 0, 0
9.607, 1, 0, 0, 0
9.618, 1, 0, 0, 0
9.63, 1, 0, 0, 0
9.642, 1, 0, 0, 0
9.653, 1, 0, 0, 0
9.664, 1, 0, 0, 0
9.676, 1, 0, 0, 0
9.687, 1, 0, 0, 0
9.699, 1, 0, 0, 0
9.711, 1, 0, 0, 0
9.722, 1, 0, 0, 0
9.734, 1, 0, 0, 0
9.745, 1, 0, 0, 0
9.757, 1, 0, 0, 0
9.768, 1, 0, 0, 0
9.779, 1, 0, 0, 0
9.791, 1, 0, 0, 0
9.803, 1, 0, 0, 0
9.815, 1, 0, 0, 0
9.826, 1, 0, 0, 0
9.838, 1, 0, 0, 0
9.85, 1, 0, 0, 0
9.861, 1, 0, 0, 0
9.873, 1, 0, 0, 0
9.884, 1, 0, 0, 0
9.896, 1, 0, 0, 0
9.907, 1, 0, 0, 0
9.919, 1, 0, 0, 0
9.93, 1, 0, 0, 0
9.942, 1, 0, 0, 0
9.953, 1, 0, 0, 0
9.964, 1, 0, 0, 0
9.975, 1, 0, 0, 0
9.985, 1, 0, 0, 0
9.997, 1, 0, 0, 0
10.009, 1, 0, 0, 0
10.02, 1, 0, 0, 0
10.032, 1, 0, 0, 0
10.044, 1, 0, 0, 0
10.054, 1, 0, 0, 0
10.066, 1, 0, 0, 0
10.077, 1, 0, 0, 0
10.088, 1, 0, 0, 0
10.1, 1, 0, 0, 0
10.11, 1, 0, 0, 0
10.121, 1, 0, 0, 0
10.132, 1, 0, 0, 0
10.144, 1, 0, 0, 0
10.155, 1, 0, 0, 0
10.167, 1, 0, 0, 0
10.177, 1, 0, 0, 0
10.189, 1, 0, 0, 0
10.2, 1, 0, 0, 0
10.212, 1, 0, 0, 0
10.223, 1, 0, 0, 0
10.235, 1, 0, 0, 0
10.247, 1, 0, 0, 0
10.258, 1, 0, 0, 0
10.27, 1, 0, 0, 0
10.281, 1, 0, 0, 0
10.293, 1, 0, 0, 0
10.305, 1, 0, 0, 0
10.316, 1, 0, 0, 0
10.328, 1, 0, 0, 0
10.339, 1, 0, 0, 0
10.351, 1, 0, 0, 0
10.362, 1, 0, 0, 0
10.374, 1, 0, 0, 0
10.386, 1, 0, 0, 0
10.397, 1, 0, 0, 0
10.409, 1, 0, 0, 0
10.42, 1, 0, 0, 0
10.432, 1, 0, 0, 0
10.443, 1, 0, 0, 0
10.455, 1, 0, 0, 0
10.466, 1, 0, 0, 0
10.478, 1, 0, 0, 0
10.488, 1, 0, 0, 0
10.499, 1, 0, 0, 0
10.511, 1, 0, 0, 0
10.522, 1, 0, 0, 0
10.534, 1, 0, 0, 0
10.545, 1, 0, 0, 0
10.557, 1, 0, 0, 0
10.568, 1, 0, 0, 0
10.58, 1, 0, 0, 0
10.592, 1, 0, 0, 0
10.603, 1, 0, 0, 0
10.615, 1, 0, 0, 0
10.626, 1, 0, 0, 0
10.638, 1, 0, 0, 0
10.649, 1, 0, 0, 0
10.661, 1, 0, 0, 0
10.673, 1, 0, 0, 0
10.684, 1, 0, 0, 0
10.695, 1, 0, 0, 0
10.707, 1, 0, 0, 0
10.718, 1, 0, 0, 0
10.729, 1, 0, 0, 0
10.741, 1, 0, 0, 0
10.753, 1, 0, 0, 0
10.764, 1, 0, 0, 0
10.776, 1, 0, 0, 0
10.787, 1, 0, 0, 0
10.799, 1, 0, 0, 0
10.81, 1, 0, 0, 0
10.822, 1, 0, 0, 0
10.834, 1, 0, 0, 0
10.845, 1, 0, 0, 0
10.857, 1, 0, 0, 0
10.868, 1, 0, 0, 0
10.88, 1, 0, 0, 0
10.892, 1, 0, 0, 0
10.903, 1, 0, 0, 0
10.915, 1, 0, 0, 0
10.926, 1, 0, 0, 0
10.938, 1, 0, 0, 0
10.95, 1, 0, 0, 0
10.961, 1, 0, 0, 0
10.972, 1, 0, 0, 0
10.983, 1, 0, 0, 0
10.995, 1, 0, 0, 0
11.006, 1, 0, 0, 0
11.018, 1, 0, 0, 0
11.029, 1, 0, 0, 0
11.041, 1, 0, 0, 0
11.053, 1, 0, 0, 0
11.065, 1, 0, 0, 0
11.077, 1, 0, 0, 0
11.088, 1, 0, 0, 0
11.1, 1, 0, 0, 0
11.111, 1, 0, 0, 0
11.123, 1, 0, 0, 0
11.134, 1, 0, 0, 0
11.145, 1, 0, 0, 0
11.157, 1, 0, 0, 0
11.168, 1, 0, 0, 0
11.18, 1, 0, 0, 0
11.191, 1, 0, 0, 0
11.203, 1, 0, 0, 0
11.214, 1, 0, 0, 0
11.226, 1, 0, 0, 0
11.238, 1, 0, 0, 0
11.249, 1, 0, 0, 0
11.261, 1, 0, 0, 0
11.272, 1, 0, 0, 0
11.284, 1, 0, 0, 0
11.296, 1, 0, 0, 0
11.307, 1, 0, 0, 0
11.319, 1, 0, 0, 0
11.33, 1, 0, 0, 0
11.341, 1, 0, 0, 0
11.353, 1, 0, 0, 0
11.365, 1, 0, 0, 0
11.376, 1, 0, 0, 0
11.387, 1, 0, 0, 0
11.399, 1, 0, 0, 0
11.411, 1, 0, 0, 0
11.421, 1, 0, 0, 0
11.432, 1, 0, 0, 0
11.443, 1, 0, 0, 0
11.454, 1, 0, 0, 0
11.465, 1, 0, 0, 0
11.477, 1, 0, 0, 0
11.488, 1, 0, 0, 0
11.499, 1, 0, 0, 0
11.511, 1, 0, 0, 0
11.523, 1, 0, 0, 0
11.533, 1, 0, 0, 0
11.545, 1, 0, 0, 0
11.557, 1, 0, 0, 0
11.568, 1, 0, 0, 0
11.579, 1, 0, 0, 0
11.591, 1, 0, 0, 0
11.603, 1, 0, 0, 0
11.614, 1, 0, 0, 0
11.626, 1, 0, 0, 0
11.637, 1, 0, 0, 0
11.649, 1, 0, 0, 0
11.661, 1, 0, 0, 0
11.673, 1, 0, 0, 0
11.684, 1, 0, 0, 0
11.696, 1, 0, 0, 0
11.707, 1, 0, 0, 0
11.719, 1, 0, 0, 0
11.73, 1, 0, 0, 0
11.742, 1, 0, 0, 0
11.754, 1, 0, 0, 0
11.765, 1, 0, 0, 0
11.777, 1, 0, 0, 0
11.788, 1, 0, 0, 0
11.799, 1, 0, 0, 0
11.81, 1, 0, 0, 0
11.822, 1, 0, 0, 0
11.834, 1, 0, 0, 0
11.845, 1, 0, 0, 0
11.857, 1, 0, 0, 0
11.868, 1, 0, 0, 0
11.88, 1, 0, 0, 0
11.891, 1, 0, 0, 0
11.902, 1, 0, 0, 0
11.914, 1, 0, 0, 0
11.925, 1, 0, 0, 0
11.937, 1, 0, 0, 0
11.949, 1, 0, 0, 0
11.96, 1, 0, 0, 0
11.972, 1, 0, 0, 0
11.983, 1, 0, 0, 0
11.995, 1, 0, 0, 0
12.006, 1, 0, 0, 0
12.018, 1, 0, 0, 0
12.029, 1, 0, 0, 0
12.041, 1, 0, 0, 0
12.052, 1, 0, 0, 0
12.064, 1, 0, 0, 0
12.075, 1, 0, 0, 0
12.087, 1, 0, 0, 0
12.098, 1, 0, 0, 0
12.11, 1, 0, 0, 0
12.122, 1, 0, 0, 0
12.133, 1, 0, 0, 0
12.145, 1, 0, 0, 0
12.156, 1, 0, 0, 0
12.168, 1, 0, 0, 0
12.179, 1, 0, 0, 0
12.19, 1, 0, 0, 0
12.202, 1, 0, 0, 0
12.213, 1, 0, 0, 0
12.225, 1, 0, 0, 0
12.237, 1, 0, 0, 0
12.248, 1, 0, 0, 0
12.259, 1, 0, 0, 0
12.27, 1, 0, 0, 0
12.282, 1, 0, 0, 0
12.292, 1, 0, 0, 0
12.304, 1, 0, 0, 0
12.315, 1, 0, 0, 0
12.327, 1, 0, 0, 0
12.339, 1, 0, 0, 0
12.35, 1, 0, 0, 0
12.362, 1, 0, 0, 0
12.374, 1, 0, 0, 0
12.385, 1, 0, 0, 0
12.396, 1, 0, 0, 0
12.408, 1, 0, 0, 0
12.419, 1, 0, 0, 0
12.431, 1, 0, 0, 0
12.443, 1, 0, 0, 0
12.454, 1, 0, 0, 0
12.466, 1, 0, 0, 0
12.477, 1, 0, 0, 0
12.488, 1, 0, 0, 0
12.5, 1, 0, 0, 0
12.51, 1, 0, 0, 0
12.521, 1, 0, 0, 0
12.532, 1, 0, 0, 0
12.544, 1, 0, 0, 0
12.555, 1, 0, 0, 0
12.566, 1, 0, 0, 0
12.577, 1, 0, 0, 0
12.588, 1, 0, 0, 0
12.599, 1, 0, 0, 0
12.611, 1, 0, 0, 0
12.622, 1, 0, 0, 0
12.632, 1, 0, 0, 0
12.643, 1, 0, 0, 0
12.654, 1, 0, 0, 0
12.665, 1, 0, 0, 0
12.677, 1, 0, 0, 0
12.688, 1, 0, 0, 0
12.7, 1, 0, 0, 0
12.711, 1, 0, 0, 0
12.722, 1, 0, 0, 0
12.733, 1, 0, 0, 0
12.744, 1, 0, 0, 0
12.754, 1, 0, 0, 0
12.765, 1, 0, 0, 0
12.776, 1, 0, 0, 0
12.786, 1, 0, 0, 0
12.797, 1, 0, 0, 0
12.807, 1, 0, 0, 0
12.819, 1, 0, 0, 0
12.83, 1, 0, 0, 0
12.842, 1, 0, 0, 0
12.854, 1, 0, 0, 0
12.866, 1, 0, 0, 0
12.877, 1, 0, 0, 0
12.888, 1, 0, 0, 0
12.9, 1, 0, 0, 0
12.911, 1, 0, 0, 0
12.922, 1, 0, 0, 0
12.934, 1, 0, 0, 0
12.945, 1, 0, 0, 0
12.956, 1, 0, 0, 0
12.968, 1, 0, 0, 0
12.979, 1, 0, 0, 0
12.989, 1, 0, 0, 0
13.001, 1, 0, 0, 0
13.012, 1, 0, 0, 0
13.024, 1, 0, 0, 0
13.035, 1, 0, 0, 0
13.047, 1, 0, 0, 119.249
13.058, 1, 0, 0.136778, 534.669
13.07, 1, 0, 1.77812, 300.479
13.081, 1, 0, 2.12006, 1234.46
13.093, 1, 0, 3.48784, 1247.76
13.104, 1, 0, 4.92401, 8642.57
13.115, 1, 0, 6.49696, 7123.86
13.125, 1, 0, 7.93313, 1217.09
13.137, 1, 0, 9.3693, 5597.68
13.148, 1, 0, 10.9422, 6446.51
13.159, 1, 0, 12.5152, 5632.04
13.17, 1, 0, 15.1824, 602.547
13.181, 1, 0, 15.5243, 1174.06
13.192, 1, 0, 16.8921, 1437.25
13.203, 1, 0, 17.7128, 2188.45
13.214, 1, 0, 17.9863, 0
13.225, 1, 0, 17.9863, 0
13.236, 1, 0, 17.9863, 0
13.246, 1, 0, 17.9863, 0
13.257, 1, 0, 17.9863, 0
13.268, 1, 0, 17.9863, 0
13.279, 1, 0, 17.9863, 0
13.289, 1, 0, 17.9863, 0
13.301, 1, 0, 17.9863, 0
13.312, 1, 0, 17.9863, 0
13.323, 1, 0, 17.9863, 0
13.334, 1, 0, 17.9863, 0
13.345, 1, 0, 17.9863, 0
13.355, 1, 0, 17.9863, 0
13.366, 1, 0, 17.9863, 0
13.377, 1, 0, 17.9863, 0
13.387, 1, 0, 17.9863, 0
13.399, 1, 0, 17.9863, 0
13.41, 1, 0, 17.9863, 0
13.421, 1, 0, 17.9863, 0
13.433, 1, 0, 17.9863, 0
13.444, 1, 0, 17.9863, 0
13.456, 1, 0, 17.9863, 0
13.468, 1, 0, 17.9863, 0
13.479, 1, 0, 17.9863, 0
13.49, 1, 0, 17.9863, 0
13.502, 1, 0, 17.9863, 0
13.513, 1, 0, 17.9863, 0
13.525, 1, 0, 17.9863, 0
13.536, 1, 0, 17.9863, 0
13.547, 1, 0, 17.9863, 0
13.559, 1, 0, 17.9863, 0
13.57, 1, 0, 17.9863, 0
13.581, 1, 0, 17.9863, 0
13.591, 1, 0, 17.9863, 0
13.602, 1, 0, 17.9863, 0
13.613, 1, 0, 17.9863, 0
13.624, 1, 0, 17.9863, 0
13.635, 1, 0, 17.9863, 0
13.646, 1, 0, 17.9863, 0
13.656, 1, 0, 17.9863, 0
13.667, 1, 0, 17.9863, 0
13.678, 1, 0, 17.9863, 0
13.689, 1, 0, 17.9863, 0
13.701, 1, 0, 17.9863, 0
13.712, 1, 0, 17.9863, 0
13.724, 1, 0, 17.9863, 0
13.736, 1, 0, 17.9863, 0
13.748, 1, 0, 17.9863, 0
13.759, 1, 0, 17.9863, 0
13.77, 1, 0, 17.9863, 0
13.782, 1, 0, 17.9863, 0
13.793, 1, 0, 17.9863, 0
13.805, 1, 0, 17.9863, 0
13.816, 1, 0, 17.9863, 0
13.828, 1, 0, 17.9863, 0
13.839, 1, 0, 17.9863, 0
13.851, 1, 0, 17.9863, 0
13.863, 1, 0, 17.9863, 0
13.874, 1, 0, 17.9863, 0
13.885, 1, 0, 0, 0
13.896, 1, 0, 0, 0
13.907, 1, 0, 17.9863, 0
13.917, 1, 0, 17.9863, 0
13.927, 1, 0, 17.9863, 0
13.938, 1, 0, 17.9863, 0
13.948, 1, 0, 17.9863, 0
13.959, 1, 0, 17.9863, 0
13.969, 1, 0, 17.9863, 0
13.98, 1, 0, 17.9863, 0
13.99, 1, 0, 17.9863, 0
14, 1, 0, 17.9863, 0
14.011, 1, 0, 17.9863, 0
14.021, 1, 0, 17.9863, 0
14.031, 1, 0, 17.9863, 0
14.042, 1, 0, 17.9863, 0
14.052, 1, 0, 17.9863, 0
14.063, 1, 0, 17.9863, 0
14.073, 1, 0, 17.9863, 0
14.084, 1, 0, 17.9863, 0
14.094, 1, 0, 17.9863, 0
14.105, 1, 0, 17.9863, 0
14.115, 1, 0, 17.9863, 0
14.126, 1, 0, 17.9863, 0
14.136, 1, 0, 17.9863, 0
14.147, 1, 0, 17.9863, 0
14.157, 1, 0, 17.9863, 0
14.168, 1, 0, 17.9863, 0
14.178, 1, 0, 17.9863, 0
14.189, 1, 0, 17.9863, 0
14.199, 1, 0, 17.9863, 0
14.209, 1, 0, 17.9863, 0
14.22, 1, 0, 17.9863, 0
14.23, 1, 0, 17.9863, 0
14.24, 1, 0, 17.9863, 0
14.251, 1, 0, 17.9863, 0
14.261, 1, 0, 17.9863, 0
14.272, 1, 0, 18.0547, 0
14.282, 1, 0, 18.5334, 9432.97
14.293, 1, 0, 19.5593, 0
14.303, 1, 0, 20.7219, 0
14.313, 1, 0, 21.9529, 0
14.324, 1, 0, 23.2523, 0
14.334, 1, 0, 24.6201, 0
14.345, 1, 0, 25.9878, 352.521
14.356, 1, 0, 27.4924, 0
14.367, 1, 0, 28.8602, 269.248
14.378, 1, 0, 30.3647, 0
14.388, 1, 0, 31.8009, 7952.22
14.399, 1, 0, 32.6216, 0
14.409, 1, 0, 32.8951, 0
14.419, 1, 0, 32.9635, 0
14.43, 1, 0, 32.9635, 0
14.44, 1, 0, 32.9635, 0
14.451, 1, 0, 32.9635, 0
14.461, 1, 0, 32.9635, 0
14.472, 1, 0, 32.9635, 0
14.483, 1, 0, 32.9635, 0
14.493, 1, 0, 32.9635, 0
14.504, 1, 0, 32.9635, 0
14.514, 1, 0, 32.9635, 0
14.524, 1, 0, 32.9635, 0
14.535, 1, 0, 32.9635, 0
14.545, 1, 0, 32.9635, 0
14.556, 1, 0, 32.9635, 0
14.566, 1, 0, 32.9635, 0
14.576, 1, 0, 32.9635, 0
14.587, 1, 0, 32.9635, 0
14.597, 1, 0, 32.9635, 0
14.608, 1, 0, 32.9635, 0
14.618, 1, 0, 32.9635, 0
14.63, 1, 0, 32.9635, 0
14.64, 1, 0, 32.9635, 0
14.651, 1, 0, 32.9635, 0
14.662, 1, 0, 32.9635, 0
14.673, 1, 0, 32.9635, 0
14.684, 1, 0, 32.9635, 0
14.694, 1, 0, 32.9635, 0
14.705, 1, 0, 32.9635, 0
14.716, 1, 0, 32.9635, 0
14.726, 1, 0, 32.9635, 0
14.736, 1, 0, 32.9635, 0
14.747, 1, 0, 32.9635, 0
14.757, 1, 0, 32.9635, 0
14.768, 1, 0, 32.9635, 0
14.778, 1, 0, 32.9635, 0
14.789, 1, 0, 32.9635, 0
14.8, 1, 0, 32.9635, 0
14.81, 1, 0, 32.9635, 0
14.821, 1, 0, 32.9635, 0
14.831, 1, 0, 32.9635, 0
14.842, 1, 0, 32.9635, 0
14.853, 1, 0, 32.9635, 0
14.864, 1, 0, 32.9635, 0
14.875, 1, 0, 32.9635, 0
14.885, 1, 0, 32.9635, 0
14.897, 1, 0, 32.9635, 0
14.907, 1, 0, 32.9635, 0
14.918, 1, 0, 32.9635, 0
14.928, 1, 0, 32.9635, 0
14.939, 1, 0, 32.9635, 0
14.95, 1, 0, 32.9635, 0
14.96, 1, 0, 32.9635, 0
14.971, 1, 0, 32.9635, 0
14.981, 1, 0, 32.9635, 0
14.992, 1, 0, 32.9635, 0
15.002, 1, 0, 32.9635, 0
15.012, 1, 0, 32.9635, 0
15.023, 1, 0, 32.9635, 0
15.033, 1, 0, 32.9635, 0
15.043, 1, 0, 32.9635, 0
15.054, 1, 0, 32.9635, 0
15.064, 1, 0, 32.9635, 0
15.075, 1, 0, 32.9635, 0
15.085, 1, 0, 32.9635, 0
15.096, 1, 0, 32.9635, 0
15.106, 1, 0, 32.9635, 0
15.117, 1, 0, 32.9635, 0
15.127, 1, 0, 32.9635, 0
15.137, 1, 0, 32.9635, 0
15.148, 1, 0, 32.9635, 0
15.158, 1, 0, 32.9635, 0
15.168, 1, 0, 32.9635, 0
15.179, 1, 0, 32.9635, 0
15.189, 1, 0, 32.9635, 0
15.2, 1, 0, 32.9635, 0
15.211, 1, 0, 32.9635, 0
15.221, 1, 0, 32.9635, 0
15.232, 1, 0, 32.9635, 0
15.242, 1, 0, 32.9635, 0
15.252, 1, 0, 32.9635, 0
15.263, 1, 0, 32.9635, 0
15.274, 1, 0, 32.9635, 0
15.284, 1, 0, 32.9635, 0
15.295, 1, 0, 32.9635, 0
15.305, 1, 0, 32.9635, 0
15.316, 1, 0, 32.9635, 0
15.326, 1, 0, 32.9635, 0
15.336, 1, 0, 32.9635, 0
15.347, 1, 0, 32.9635, 0
15.357, 1, 0, 33.3055, 0
15.368, 1, 0, 34.1261, 0
15.378, 1, 0, 35.2204, 0
15.389, 1, 0, 36.383, 0
15.399, 1, 0, 37.6824, 0
