0, 0, 0, 0, 0
0.018, 1, 360, 0.547112, 78.2663
0.039, 1, 360, 2.05167, 43.5414
0.061, 1, 360, 4.17173, 117.608
0.085, 1, 360, 5.6079, 68.1053
0.109, 1, 360, 7.45441, 93.3512
0.133, 1, 360, 9.09574, 81.7725
0.153, 1, 360, 11.3526, 62.2001
0.177, 1, 360, 12.5152, 0
0.191, 1, 360, 13.9514, -677.711
0.238, 1, 360, 18.3967, 67.7656
0.268, 1, 360, 19.9012, -818.331
0.281, 1, 360, 20.7903, 149.648
0.294, 1, 360, 22.0213, 120.403
0.308, 1, 360, 23.3207, 179.185
0.324, 1, 360, 24.4149, 0
0.339, 1, 360, 25.6459, 0
0.353, 1, 360, 26.7401, 0
0.367, 1, 360, 27.9027, 81.532
0.386, 1, 360, 29.8176, 30.8476
0.405, 1, 360, 31.0486, -35.243
0.424, 1, 360, 32.4164, 147.39
0.439, 1, 360, 33.579, 122.671
0.452, 1, 360, 34.7416, 51.7707
0.466, 1, 360, 35.6307, 0
0.48, 1, 360, 36.8617, 61.9466
0.493, 1, 360, 37.8875, 66.8188
0.51, 1, 360, 38.9818, 522.453
0.527, 1, 360, 40.5547, 121.15
0.54, 1, 360, 41.5805, 198.805
0.555, 1, 360, 42.7432, 140.429
0.569, 1, 360, 43.8374, 56.8015
0.582, 1, 360, 45, 63.0604
0.596, 1, 360, 46.0942, 52.5262
0.61, 1, 360, 47.2568, 31.3567
0.624, 1, 360, 48.2143, 73.3395
0.638, 1, 360, 49.4453, 91.7563
0.654, 1, 360, 50.6079, 108.554
0.666, 1, 360, 51.7021, 30.9873
0.681, 1, 360, 52.728, 60.6286
0.693, 1, 360, 53.6854, 71.3873
0.707, 1, 360, 54.9164, 62.4273
0.722, 1, 360, 56.7629, 82.7354
0.749, 1, 360, 58.541, 0
0.767, 1, 360, 59.9088, 68.6361
0.789, 1, 360, 61.7553, 61.1983
0.81, 1, 360, 64.0805, 79.754
0.851, 1, 360, 67.8419, 83.3722
0.893, 1, 360, 71.1246, 93.2366
0.938, 1, 360, 76.117, 82.0856
1.013, 1, 360, 82.0669, 98.8996
1.057, 1, 360, 83.4347, 182.533
1.073, 1, 360, 84.6657, 53.7439
1.09, 1, 360, 86.1018, 87.7721
1.11, 1, 360, 88.0167, 88.206
1.134, 1, 360, 89.5897, 88.3199
1.154, 1, 360, 91.4362, 63.5586
1.174, 1, 360, 93.0091, 80.6475
1.195, 1, 360, 94.5137, 37.1075
1.212, 1, 360, 95.9498, 92.21
1.229, 1, 360, 97.1125, 109.498
1.246, 1, 360, 98.959, 94.46
1.268, 1, 360, 100.464, 54.4066
1.286, 1, 360, 101.695, 45.9604
1.3, 1, 360, 102.857, 0
1.315, 1, 360, 104.088, 101.167
1.329, 1, 360, 105.251, 71.5367
1.344, 1, 360, 106.413, 279.139
1.357, 1, 360, 107.781, 33.7891
1.377, 1, 360, 109.354, 91.4781
1.398, 1, 360, 111.064, 88.5486
1.417, 1, 360, 112.637, 73.8065
1.439, 1, 360, 114.415, 0
1.458, 1, 360, 115.919, 69.2477
1.48, 1, 360, 117.766, 60.3344
1.5, 1, 360, 119.339, 0
1.518, 1, 360, 120.433, 227.206
1.533, 1, 360, 121.596, 201.144
1.546, 1, 360, 122.758, 89.4559
1.565, 1, 360, 124.468, 91.6334
1.584, 1, 360, 126.041, 74.0462
1.606, 1, 360, 127.477, 88.7785
1.624, 1, 360, 127.956, 0
1.642, 1, 360, 130.35, 0
1.655, 1, 360, 131.444, 74.4168
1.67, 1, 360, 132.675, 31.2421
1.684, 1, 360, 133.769, 92.501
1.699, 1, 360, 134.863, 46.7777
1.712, 1, 360, 136.026, 129.525
1.727, 1, 360, 137.12, 130.265
1.739, 1, 360, 138.146, 91.3072
1.754, 1, 360, 139.24, 73.7348
1.768, 1, 360, 140.403, 118.218
1.781, 1, 360, 141.497, 0
1.796, 1, 360, 142.66, 148.672
1.81, 1, 360, 143.754, 141.008
1.824, 1, 360, 144.916, 0
1.839, 1, 360, 146.079, 118.32
1.852, 1, 360, 147.447, 81.7464
1.874, 1, 360, 148.883, 68.8712
1.892, 1, 360, 150.729, 61.9466
1.911, 1, 360, 152.166, 121.797
1.928, 1, 360, 154.081, 61.6395
1.953, 1, 360, 155.585, 61.3905
1.972, 1, 360, 157.158, 80.3092
2.006, 1, 360, 161.261, 88.9325
2.057, 1, 360, 167.622, 318.385
2.136, 1, 360, 170.152, 30.8476
2.15, 1, 360, 171.315, 60.7633
2.165, 1, 360, 172.477, 55.197
2.18, 1, 360, 173.64, 51.8099
2.193, 1, 360, 174.734, 49.2362
2.207, 1, 360, 175.76, 121.257
2.22, 1, 360, 176.854, 120.192
2.234, 1, 360, 178.017, 94.5907
2.249, 1, 360, 179.179, 61.5563
2.264, 1, 360, 180.342, 60.3877
2.278, 1, 360, 181.436, 62.5128
2.292, 1, 360, 182.941, 0
2.311, 1, 360, 184.377, 78.7529
2.332, 1, 360, 185.745, 557.015
2.346, 1, 360, 186.907, 103.777
2.36, 1, 360, 188.002, 186.516
2.373, 1, 360, 189.096, 92.4176
2.388, 1, 360, 190.327, 61.4457
2.403, 1, 360, 191.421, 0
2.416, 1, 360, 192.515, 87.1568
2.432, 1, 360, 193.678, 61.1983
2.446, 1, 360, 194.84, 184.503
2.459, 1, 360, 196.14, 90.7017
2.476, 1, 360, 197.508, 121.473
2.492, 1, 360, 200.243, -29.3641
2.528, 1, 360, 201.816, 85.9339
2.55, 1, 360, 203.731, 92.5427
2.573, 1, 360, 205.167, 121.257
2.587, 1, 360, 206.261, 93.4702
2.602, 1, 360, 207.356, 33.524
2.615, 1, 360, 208.518, 60.7363
2.63, 1, 360, 209.612, 61.501
2.644, 1, 360, 0, 479.923
2.656, 1, 360, 217.682, 191749
2.672, 1, 360, 212.964, 141.008
2.686, 1, 360, 214.126, 79.5222
2.701, 1, 360, 215.357, 61.6673
2.715, 1, 360, 216.383, 30.8754
2.729, 1, 360, 217.614, 31.4867
2.743, 1, 360, 218.708, 121.906
2.757, 1, 360, 219.734, 61.0617
2.77, 1, 360, 220.76, 173.576
2.785, 1, 360, 221.922, 542.77
2.8, 1, 360, 223.153, 188.92
2.814, 1, 360, 224.248, 119.353
2.828, 1, 360, 225.342, 0
2.842, 1, 360, 226.436, 35.4715
2.856, 1, 360, 227.599, 31.1709
2.869, 1, 360, 228.761, 62.8576
2.885, 1, 360, 229.924, 59.9378
2.9, 1, 360, 231.087, 44.2075
2.914, 1, 360, 232.181, 31.0718
2.928, 1, 360, 233.002, 0
2.942, 1, 360, 233.959, 121.581
2.955, 1, 360, 234.985, 34.4529
2.969, 1, 360, 236.147, 60.9528
2.982, 1, 360, 237.173, 58.9053
2.996, 1, 360, 238.336, 73.8065
3.016, 1, 360, 239.772, 109.95
3.03, 1, 360, 240.866, 93.7479
3.043, 1, 360, 242.029, 0
3.059, 1, 360, 243.26, 61.5286
3.074, 1, 360, 244.286, 77.0147
3.087, 1, 360, 245.517, 31.328
3.102, 1, 360, 246.748, 121.581
3.117, 1, 360, 248.252, 66.8776
3.141, 1, 360, 250.03, 0
3.163, 1, 360, 251.809, 91.47
3.182, 1, 360, 253.108, 86.8616
3.198, 1, 360, 254.407, 121.851
3.215, 1, 360, 255.57, 67.2459
3.233, 1, 360, 257.485, 121.761
3.263, 1, 360, 259.605, 58.6276
3.278, 1, 360, 260.767, 61.9466
3.293, 1, 360, 261.862, 104.731
3.306, 1, 360, 262.956, 49.6653
3.321, 1, 360, 264.187, 61.8906
3.336, 1, 360, 265.35, 52.7897
3.351, 1, 360, 266.581, 59.9378
3.366, 1, 360, 267.743, 51.8492
3.381, 1, 360, 268.906, 80.2124
3.396, 1, 360, 270.068, 118.218
3.409, 1, 360, 271.094, 67.1798
3.423, 1, 360, 272.257, 122.451
3.436, 1, 360, 273.283, 121.311
3.451, 1, 360, 274.514, 621.719
3.464, 1, 360, 275.608, 0
3.478, 1, 360, 276.565, 60.8444
3.49, 1, 360, 277.728, 61.6951
3.506, 1, 360, 278.891, 61.4181
3.52, 1, 360, 280.053, 60.6555
3.536, 1, 360, 281.147, 29.0276
3.55, 1, 360, 282.31, 40.9515
3.563, 1, 360, 283.404, 59.0579
3.577, 1, 360, 284.498, 189.97
3.592, 1, 360, 285.661, 121.906
3.605, 1, 360, 286.687, 59.5723
3.618, 1, 360, 287.713, 41.3227
3.638, 1, 360, 289.354, 43.2022
3.652, 1, 360, 290.517, 45.0521
3.667, 1, 360, 291.679, 87.9037
3.683, 1, 360, 292.91, 59.2626
3.697, 1, 360, 294.005, 200.554
3.709, 1, 360, 295.099, 95.649
3.724, 1, 360, 296.261, 68.0353
3.743, 1, 360, 297.834, 60.1751
3.758, 1, 360, 299.339, 78.0519
3.781, 1, 360, 301.185, 60.9528
3.8, 1, 360, 302.348, 60.6555
3.814, 1, 360, 303.647, 100.839
3.834, 1, 360, 305.22, 81.8051
3.853, 1, 360, 306.657, 94.1566
3.868, 1, 360, 308.093, 93.0463
3.886, 1, 360, 309.255, 274771
3.899, 1, 360, 310.35, 118.628
3.913, 1, 360, 311.444, 87.5287
3.928, 1, 360, 312.675, 57.6879
3.942, 1, 360, 313.769, 95.0508
3.956, 1, 360, 314.863, 92.7938
3.971, 1, 360, 316.094, 62.5987
3.985, 1, 360, 317.257, 62.0309
4, 1, 360, 318.351, 179.499
4.013, 1, 360, 319.377, 57.494
4.027, 1, 360, 321.018, 71.1349
4.051, 1, 360, 322.865, 76.2632
4.074, 1, 360, 324.438, 116.904
4.089, 1, 360, 325.874, 83.8958
4.112, 1, 360, 327.72, 86.459
4.134, 1, 360, 329.293, 91.2665
4.15, 1, 360, 330.593, 90.5815
4.167, 1, 360, 332.644, 121.473
4.19, 1, 360, 334.833, 0
4.219, 1, 360, 336.337, 82.0603
4.24, 1, 360, 338.116, 80.7028
4.258, 1, 360, 339.21, 93.7479
4.274, 1, 360, 340.646, 105.539
4.298, 1, 360, 342.561, 55.108
4.315, 1, 360, 343.792, 77.206
4.334, 1, 360, 345.502, 73.7746
4.355, 1, 360, 347.416, 99.8089
4.378, 1, 360, 349.058, 59.7024
4.394, 1, 360, 350.562, 77.0494
4.417, 1, 360, 352.546, 97.7452
4.445, 1, 360, 354.324, 101.694
4.463, 1, 360, 355.691, 180.764
4.477, 1, 360, 356.991, 52.0861
4.49, 1, 360, 358.29, 33.1342
4.509, 0.384901, 360, 358.427, 59.007
4.523, 0.011497, 360, 360.274, 0
4.537, 0.202561, 360, 360.479, 0
4.552, 0.251117, 360, 360.479, 0
4.567, 0.267872, 360, 360.479, 0
4.58, 0.275053, 360, 360.479, 0
4.6, 0.287021, 360, 360.479, 0
4.621, 0.294202, 360, 360.479, 0
4.642, 0.320532, 360, 360.479, 0
4.657, 0.334894, 360, 360.479, 0
4.671, 0.349255, 360, 360.479, 0
4.685, 0.363617, 360, 360.479, 0
4.699, 0.377979, 360, 360.479, 0
4.713, 0.389947, 360, 360.479, 0
4.728, 0.371482, 360, 360.41, 0
4.742, 0.349255, 360, 360.342, 0
4.755, 0.357804, 360, 360.342, 0
4.769, 0.368062, 360, 360.342, 0
4.785, 0.378321, 360, 360.342, 0
4.799, 0.390289, 360, 360.342, 0
4.814, 0.400547, 360, 360.342, 0
4.829, 0.410805, 360, 360.342, 0
4.844, 0.421064, 360, 360.342, 0
4.858, 0.431322, 360, 360.342, 0
4.872, 0.44329, 360, 360.342, 0
4.887, 0.453549, 360, 360.342, -30.8894
4.901, 0.428245, 360, 360.274, 0
4.916, 0.436451, 360, 360.274, 0
4.94, 0.436451, 360, 360.274, -14.4403
4.983, 0.446026, 360, 360.205, 0
5.035, 0.38345, 360, 360.137, 0
5.102, 0.389605, 360, 360.137, 0
5.152, 0.397128, 360, 360.137, 0
5.17, 0.400547, 360, 360.137, 0
5.188, 0.40465, 360, 360.137, 0
5.207, 0.407386, 360, 360.137, 0
5.225, 0.409438, 360, 360.137, 0
5.244, 0.415593, 360, 360.137, 0
5.267, 0.419012, 360, 360.137, 0
5.285, 0.42038, 360, 360.137, 0
5.302, 0.425851, 360, 360.137, 0
5.316, 0.425851, 360, 360.137, 0
5.344, 0.429271, 360, 360.137, 0
5.374, 0.434742, 360, 360.137, 0
5.396, 0.438845, 360, 360.137, 0
5.413, 0.442264, 360, 360.137, 0
5.429, 0.445, 360, 360.137, 0
5.451, 0.450471, 360, 360.137, 0
5.465, 0.41867, 360, 360.068, 0
5.48, 0.421064, 360, 360.068, 0
5.495, 0.423116, 360, 360, 0
5.508, 0.388921, 360, 360, 0
5.521, 0.388921, 360, 360, 0
5.541, 0.388921, 360, 360, 0
5.56, 0.388921, 360, 360, 0
5.587, 0.388921, 360, 360, 0
5.606, 0.388921, 360, 360, 0
5.625, 0.388921, 360, 360, 0
5.65, 0.388921, 360, 360, 0
5.667, 0.388921, 360, 360, 0
5.683, 0.388921, 360, 360, 0
5.704, 0.388921, 360, 360, 0
5.723, 0.388921, 360, 360, 0
5.755, 0.388921, 360, 360, 0
5.771, 0.388921, 360, 360, 0
5.793, 0.388921, 360, 360, 0
5.808, 0.388921, 360, 360, 0
5.821, 0.388921, 360, 360, 0
5.836, 0.005, 360, 360, 0
5.853, 0.005, 360, 360, 0
5.873, 0.005, 360, 360, 0
5.89, 0.005, 360, 360, 0
5.913, 0.005, 360, 360, 0
5.934, 0.005, 360, 360, 0
5.956, 0.005, 360, 360, 0
5.968, 0.005, 360, 360, 0
5.983, 0.005, 360, 360, -334572
6.001, 0.005, 360, 360, 0
6.019, 0.005, 360, 360, 0
6.042, 0.005, 360, 360, 0
6.064, 0.005, 360, 360, 0
6.08, 0.005, 360, 360, 0
6.102, 0.005, 360, 360, 0
6.119, 0.005, 360, 360, 0
6.142, 0.005, 360, 360, 0
6.156, 0.005, 360, 360, 0
6.169, 0.005, 360, 360, 0
6.183, 0.005, 360, 360, 0
6.198, 0.005, 360, 360, 0
6.212, 0.005, 360, 360, 0
6.225, 0.005, 360, 360, 0
6.238, 0.005, 360, 360, 0
6.252, 0.005, 360, 360, 176564
6.265, 0.005, 360, 360, 0
6.276, 0.005, 360, 360, 0
6.291, 0.005, 360, 360, 0
6.305, 0.005, 360, 360, 0
6.319, 0.005, 360, 360, 0
6.337, 0.005, 360, 360, 0
6.354, 0.005, 360, 360, 0
6.373, 0.005, 360, 360, 0
6.393, 0.005, 360, 360, 0
6.414, 0.005, 360, 360, 0
6.434, 0.005, 360, 360, 0
6.451, 0.005, 360, 360, 0
6.464, 0.005, 360, 360, 0
6.479, 0.005, 360, 360, 0
6.496, 0.005, 360, 360, 0
6.519, 0.005, 360, 360, 0
6.537, 0.005, 360, 360, -3.12799e+08
6.581, 1, 360, 361.299, 23.435
6.612, 0.517918, 360, 361.778, -63770.2
6.686, 0.75728, 360, 361.231, 0
6.704, 0.552112, 360, 361.094, 0
6.719, 0.517918, 360, 360.889, 0
6.734, 0.488511, 360, 360.821, 0
6.757, 0.453974, 360, 360.752, 0
6.779, 0.450555, 360, 360.684, 0
6.797, 0.433457, 360, 360.684, 0
6.819, 0.447135, 360, 360.684, 0
6.833, 0.460813, 360, 360.684, 0
6.848, 0.47791, 360, 360.684, 0
6.869, 0.491588, 360, 360.684, -14.9746
6.891, 0.512105, 360, 360.547, 0
6.908, 0.487143, 360, 360.547, 0
6.927, 0.448161, 360, 360.479, 0
6.941, 0.427986, 360, 360.41, 0
6.956, 0.40576, 360, 360.342, 0
6.969, 0.381482, 360, 360.274, 0
6.985, 0.389688, 360, 360.274, 0
6.999, 0.397895, 360, 360.274, 0
7.013, 0.40747, 360, 360.274, 0
7.027, 0.415676, 360, 360.274, 0
7.04, 0.422515, 360, 360.274, 0
7.054, 0.430722, 360, 360.274, 0
7.071, 0.437561, 360, 360.274, -5.84522
7.115, 0.441664, 360, 360.137, -inf
7.141, 0.380798, 360, 360.137, 0
7.16, 0.384901, 360, 360.137, 0
7.184, 0.387637, 360, 360.137, 0
7.204, 0.392424, 360, 360.137, 0
7.223, 0.397211, 360, 360.137, 0
7.236, 0.400631, 360, 360.137, 0
7.253, 0.40405, 360, 360.137, 0
7.275, 0.408153, 360, 360.137, 0
7.307, 0.412941, 360, 360.137, 0
7.322, 0.41636, 360, 360.137, 0
7.337, 0.419096, 360, 360.137, 0
7.354, 0.422515, 360, 360.137, 0
7.375, 0.425935, 360, 360.137, 0
7.395, 0.42867, 360, 360.137, 0
7.417, 0.434141, 360, 360.137, 0
7.432, 0.436877, 360, 360.137, 0
7.454, 0.44098, 360, 360.068, 0
7.471, 0.409521, 360, 360.068, 0
7.484, 0.411573, 360, 360, 0
7.498, 0.377378, 360, 360, 0
7.511, 0.377378, 360, 360, 0
7.535, 0.377378, 360, 360, 0
7.55, 0.377378, 360, 360, 0
7.572, 0.377378, 360, 360, 0
7.59, 0.377378, 360, 360, 0
7.618, 0.377378, 360, 360, 0
7.636, 0.377378, 360, 360, 0
7.664, 0.377378, 360, 360, 0
7.681, 0.377378, 360, 360, 0
7.698, 0.377378, 360, 360, 0
7.72, 0.377378, 360, 360, 0
7.743, 0.377378, 360, 360, 0
7.765, 0.377378, 360, 360, 0
7.782, 0.377378, 360, 360, 0
7.801, 0.377378, 360, 360, 0
7.82, 0.377378, 360, 360, 0
7.833, 0.377378, 360, 360, 0
7.845, 0.377378, 360, 360, 0
7.859, 0.377378, 360, 360, 0
7.874, 0.377378, 360, 360, 0
7.887, 0.377378, 360, 360, 0
7.902, 0.377378, 360, 360, 0
7.915, 0.377378, 360, 360, 0
7.929, 0.377378, 360, 360, 0
7.944, 0.377378, 360, 360, 0
7.959, 0.377378, 360, 360, 0
7.973, 0.377378, 360, 360, 0
7.986, 0.377378, 360, 360, 0
8, 0.377378, 360, 360, 0
8.013, 0.377378, 360, 360, 0
8.027, 0.377378, 360, 360, 0
8.043, 0.377378, 360, 360, 0
8.058, 0.377378, 360, 360, 0
8.073, 0.377378, 360, 360, 0
8.086, 0.377378, 360, 360, 0
8.1, 0.377378, 360, 360, 0
8.114, 0.377378, 360, 360, 0
8.129, 0.377378, 360, 360, 0
8.143, 0.377378, 360, 360, 0
8.158, 0.377378, 360, 360, 0
8.174, 0.377378, 360, 360, 0
8.196, 0.377378, 360, 360, 0
8.214, 0.377378, 360, 360, 0
8.242, 0.377378, 360, 360, 0
8.265, 0.377378, 360, 360, 0
8.277, 0.377378, 360, 360, 0
8.291, 0.377378, 360, 360, 0
8.308, 0.377378, 360, 360, 0
8.321, 0.377378, 360, 360, 0
8.336, 0.377378, 360, 360, 0
8.349, 0.377378, 360, 360, 0
8.364, 0.377378, 360, 360, 0
8.379, 0.377378, 360, 360, 0
8.393, 0.377378, 360, 360, 0
8.408, 0.377378, 360, 360, 0
8.42, 0.377378, 360, 360, 0
8.435, 0.377378, 360, 360, 0
8.449, 0.377378, 360, 360, 0
8.463, 0.377378, 360, 360, 0
8.476, 0.377378, 360, 360, 0
8.491, 0.377378, 360, 360, 0
8.505, 0.377378, 360, 360, 0
8.517, 0.377378, 360, 360, 0
8.531, 0.377378, 360, 360, 0
8.543, 0.377378, 360, 360, 0
8.556, 0.377378, 360, 360, 0
8.571, 0.377378, 360, 360, 0
8.588, 0.377378, 360, 360, 0
8.604, 0.377378, 360, 360, 0
8.624, 0.377378, 360, 360, 0
8.654, 0.377378, 360, 360, 0
8.671, 0.377378, 360, 360, 0
8.71, 0.377378, 360, 360, 0
8.752, 0.377378, 360, 360, 0
8.765, 0.377378, 360, 360, 0
8.779, 0.377378, 360, 360, 0
8.793, 0.377378, 360, 360, 0
8.814, 0.377378, 360, 360, 0
8.829, 0.377378, 360, 360, 0
8.845, 0.377378, 360, 360, 0
8.871, 0.377378, 360, 360, 0
8.892, 0.377378, 360, 360, 0
8.91, 0.377378, 360, 360, 0
8.932, 0.377378, 360, 360, 0
8.955, 0.377378, 360, 360, 0
8.983, 0.377378, 360, 360, 0
9.011, 0.377378, 360, 360, 0
9.034, 0.377378, 360, 360, 0
9.051, 0.377378, 360, 360, 0
9.069, 0.377378, 360, 360, 0
9.086, 0.377378, 360, 360, 0
9.108, 0.377378, 360, 360, 0
9.124, 0.377378, 360, 360, 0
