0, 0, 0, 0, 0
0.016, 0, 360, 0, 0
0.032, 0, 360, 0, 0
0.048, 0, 360, 0, 0
0.062, 0, 360, 0, 0
0.077, 0, 360, 0, 0
0.092, 0, 360, 0, 0
0.106, 0, 360, 0, 0
0.121, 0, 360, 0, 0
0.135, 0, 360, 0, 0
0.15, 0, 360, 0, 0
0.162, 0, 360, 0, 0
0.177, 0, 360, 0, 0
0.191, 0, 360, 0, 0
0.206, 0, 360, 0, 0
0.22, 0, 360, 0, 0
0.234, 0, 360, 0, 0
0.305, 0, 360, 0, 0
0.366, 0, 360, 0, 0
0.394, 0, 360, 0, 0
0.427, 0, 360, 0, 0
0.497, 0, 360, 0, 0
0.544, 0, 360, 0, 0
0.595, 0, 360, 0, 0
0.641, 0, 360, 0, 0
0.656, 0, 360, 0, 0
0.704, 0, 360, 0, 0
0.751, 0, 360, 0, 0
0.781, 0, 360, 0, 0
0.837, 0, 360, 0, 0
0.901, 0, 360, 0, 0
1.121, 0, 360, 0, 0
1.161, 0, 360, 0, 0
1.199, 0, 360, 0, 0
1.255, 0, 360, 0, 0
1.271, 0, 360, 0, 0
1.285, 0, 360, 0, 0
1.299, 0, 360, 0, 0
1.313, 0, 360, 0, 0
1.329, 0, 360, 0, 0
1.344, 0, 360, 0, 0
1.358, 0, 360, 0, 0
1.372, 0, 360, 0, 0
1.388, 0, 360, 0, 0
1.402, 0, 360, 0, 0
1.419, 0, 360, 0, 0
1.435, 0, 360, 0, 0
1.448, 0, 360, 0, 0
1.463, 0, 360, 0, 0
1.478, 0, 360, 0, 0
1.494, 0, 360, 0, 0
1.508, 0, 360, 0, 0
1.523, 0, 360, 0, 0
1.537, 0, 360, 0, 0
1.553, 0, 360, 0, 0
1.568, 0, 360, 0, 0
1.582, 0, 360, 0, 0
1.597, 0, 360, 0, 0
1.612, 0, 360, 0, 0
1.626, 0, 360, 0, 0
1.641, 0, 360, 0, 0
1.656, 0, 360, 0, 0
1.672, 0, 360, 0, 0
1.687, 0, 360, 0, 0
1.7, 0, 360, 0, 0
1.715, 0, 360, 0, 0
1.73, 0, 360, 0, 0
1.744, 0, 360, 0, 0
1.759, 0, 360, 0, 0
1.774, 0, 360, 0, 0
1.79, 0, 360, 0, 0
1.805, 0, 360, 0, 0
1.821, 0, 360, 0, 0
1.836, 0, 360, 0, 0
1.852, 0, 360, 0, 0
1.867, 0, 360, 0, 0
1.881, 0, 360, 0, 0
1.896, 0, 360, 0, 0
1.911, 0, 360, 0, 0
1.926, 0, 360, 0, 0
1.941, 0, 360, 0, 0
1.956, 0, 360, 0, 0
1.97, 0, 360, 0, 0
1.985, 0, 360, 0, 0
2, 0, 360, 0, 0
2.015, 0, 360, 0, 0
2.03, 0, 360, 0, 0
2.043, 0, 360, 0, 0
2.058, 0, 360, 0, 0
2.071, 0, 360, 0, 0
2.086, 0, 360, 0, 0
2.101, 0, 360, 0, 0
2.116, 0, 360, 0, 0
2.13, 0, 360, 0, 0
2.145, 0, 360, 0, 0
2.161, 0, 360, 0, 0
2.176, 0, 360, 0, 0
2.191, 0, 360, 0, 0
2.207, 0, 360, 0, 0
2.221, 0, 360, 0, 0
2.272, 0, 360, 0, 0
2.301, 0, 360, 0, 0
2.347, 0, 360, 0, 0
2.365, 0, 360, 0, 0
2.392, 0, 360, 0, 0
2.438, 0, 360, 0, 0
2.452, 0, 360, 0, 0
2.467, 0, 360, 0, 0
2.482, 0, 360, 0, 0
2.496, 0, 360, 0, 0
2.51, 0, 360, 0, 0
2.525, 0, 360, 0, 0
2.539, 0, 360, 0, 0
2.554, 0, 360, 0, 0
2.569, 0, 360, 0, 0
2.583, 0, 360, 0, 0
2.597, 0, 360, 0, 0
2.612, 0, 360, 0, 0
2.626, 0, 360, 0, 0
2.641, 0, 360, 0, 0
2.655, 0, 360, 0, 0
2.668, 0, 360, 0, 0
2.682, 0, 360, 0, 0
2.697, 0, 360, 0, 0
2.712, 0, 360, 0, 0
2.726, 0, 360, 0, 0
2.74, 0, 360, 0, 0
2.754, 0, 360, 0, 0
2.769, 0, 360, 0, 0
2.783, 0, 360, 0, 0
2.798, 0, 360, 0, 0
2.812, 0, 360, 0, 0
2.827, 0, 360, 0, 0
2.842, 0, 360, 0, 0
2.856, 0, 360, 0, 0
2.871, 0, 360, 0, 0
2.886, 0, 360, 0, 0
2.901, 0, 360, 0, 0
2.915, 0, 360, 0, 0
2.93, 0, 360, 0, 0
2.945, 0, 360, 0, 0
2.959, 0, 360, 0, 0
2.974, 0, 360, 0, 0
2.989, 0, 360, 0, 0
3.004, 0, 360, 0, 0
3.018, 0, 360, 0, 0
3.033, 0, 360, 0, 0
3.047, 0, 360, 0, 0
3.062, 0, 360, 0, 0
3.077, 0, 360, 0, 0
3.092, 0, 360, 0, 0
3.105, 0, 360, 0, 0
3.12, 0, 360, 0, 0
3.135, 0, 360, 0, 0
3.15, 0, 360, 0, 0
3.164, 0, 360, 0, 0
3.178, 0, 360, 0, 0
3.192, 0, 360, 0, 0
3.207, 0, 360, 0, 0
3.22, 0, 360, 0, 0
3.235, 0, 360, 0, 0
3.249, 0, 360, 0, 0
3.266, 0, 360, 0, 0
3.281, 0, 360, 0, 0
3.295, 0, 360, 0, 0
3.335, 0, 360, 0, 0
3.37, 0, 360, 0, 0
3.397, 0, 360, 0, 0
3.434, 0, 360, 0, 0
3.461, 0, 360, 0, 0
3.488, 0, 360, 0, 0
3.503, 0, 360, 0, 0
3.518, 0, 360, 0, 0
3.532, 0, 360, 0, 0
3.547, 0, 360, 0, 0
3.561, 0, 360, 0, 0
3.576, 0, 360, 0, 0
3.591, 0, 360, 0, 0
3.605, 0, 360, 0, 0
3.62, 0, 360, 0, 0
3.634, 0, 360, 0, 0
3.648, 0, 360, 0, 0
3.663, 0, 360, 0, 0
3.683, 0, 360, 0, 0
3.698, 0, 360, 0, 0
3.713, 0, 360, 0, 0
3.728, 0, 360, 0, 0
3.743, 0, 360, 0, 0
3.757, 0, 360, 0, 0
3.772, 0, 360, 0, 0
3.786, 0, 360, 0, 0
3.8, 0, 360, 0, 0
3.815, 0, 360, 0, 0
3.837, 0, 360, 0, 0
3.889, 0, 360, 0, 0
3.93, 0, 360, 0, 0
3.974, 0, 360, 0, 0
3.989, 0, 360, 0, 0
4.004, 0, 360, 0, 0
4.019, 0, 360, 0, 0
4.034, 0, 360, 0, 0
4.048, 0, 360, 0, 0
4.065, 0, 360, 0, 0
4.079, 0, 360, 0, 0
4.094, 0, 360, 0, 0
4.109, 0, 360, 0, 0
4.124, 0, 360, 0, 0
4.139, 0, 360, 0, 0
4.154, 0, 360, 0, 0
4.169, 0, 360, 0, 0
4.184, 0, 360, 0, 0
4.198, 0, 360, 0, 0
4.213, 0, 360, 0, 0
4.228, 0, 360, 0, 0
4.243, 0, 360, 0, 0
4.258, 0, 360, 0, 0
4.271, 0, 360, 0, 0
4.286, 0, 360, 0, 0
4.301, 0, 360, 0, 0
4.316, 0, 360, 0, 0
4.331, 0, 360, 0, 0
4.344, 0, 360, 0, 0
4.358, 0, 360, 0, 0
4.371, 0, 360, 0, 0
4.386, 0, 360, 0, 0
4.401, 0, 360, 0, 0
4.415, 0, 360, 0, 0
4.429, 0, 360, 0, 0
4.444, 0, 360, 0, 0
4.46, 0, 360, 0, 0
4.473, 0, 360, 0, 0
4.488, 0, 360, 0, 0
4.502, 0, 360, 0, 0
4.516, 0, 360, 0, 0
4.53, 0, 360, 0, 0
4.546, 0, 360, 0, 0
4.559, 0, 360, 0, 0
4.575, 0, 360, 0, 0
4.625, 0, 360, 0, 0
4.638, 0, 360, 0, 0
4.652, 0, 360, 0, 0
4.694, 0, 360, 0, 0
4.74, 0, 360, 0, 0
4.766, 0, 360, 0, 0
4.793, 0, 360, 0, 0
4.82, 0, 360, 0, 0
4.862, 0, 360, 0, 0
4.892, 0, 360, 0, 0
4.932, 0, 360, 0, 0
4.971, 0, 360, 0, 0
4.998, 0, 360, 0, 0
5.026, 0, 360, 0, 0
5.058, 0, 360, 0, 0
5.089, 0, 360, 0, 0
5.136, 0, 360, 0, 0
5.171, 0, 360, 0, 0
5.186, 0, 360, 0, 0
5.206, 0, 360, 0, 0
5.25, 0, 360, 0, 0
5.286, 0, 360, 0, 0
5.323, 0, 360, 0, 0
5.373, 0, 360, 0, 0
5.407, 0, 360, 0, 0
5.455, 0, 360, 0, 0
5.51, 0, 360, 0, 0
5.539, 0, 360, 0, 0
5.553, 0, 360, 0, 0
5.599, 0, 360, 0, 0
5.625, 0, 360, 0, 0
5.66, 0, 360, 0, 0
5.697, 0, 360, 0, 0
5.726, 0, 360, 0, 0
5.778, 0, 360, 0, 0
5.821, 0, 360, 0, 0
5.85, 0, 360, 0, 0
5.896, 0, 360, 0, 0
5.996, 0, 360, 0, 0
6.026, 0, 360, 0, 0
6.056, 0, 360, 0, 0
6.1, 0, 360, 0, 0
6.158, 0, 360, 0, 0
6.194, 0, 360, 0, 0
6.241, 0, 360, 0, 0
6.255, 0, 360, 0, 0
6.308, 0, 360, 0, 0
6.352, 0, 360, 0, 0
6.37, 0, 360, 0, 0
6.413, 0, 360, 0, 0
6.444, 0, 360, 0, 0
6.476, 0, 360, 0, 0
6.504, 0, 360, 0, 0
6.518, 0, 360, 0, 0
6.532, 0, 360, 0, 0
6.547, 0, 360, 0, 0
6.562, 0, 360, 0, 0
6.576, 0, 360, 0, 0
6.591, 0, 360, 0, 0
6.605, 0, 360, 0, 0
6.619, 0, 360, 0, 0
6.668, 0, 360, 0, 0
6.696, 0, 360, 0, 0
6.723, 0, 360, 0, 0
6.764, 0, 360, 0, 0
6.779, 0, 360, 0, 0
6.794, 0, 360, 0, 0
6.808, 0, 360, 0, 0
6.822, 0, 360, 0, 0
6.835, 0, 360, 0, 0
6.849, 0, 360, 0, 0
6.864, 0, 360, 0, 0
6.878, 0, 360, 0, 0
6.896, 0, 360, 0, 0
6.911, 0, 360, 0, 0
6.925, 0, 360, 0, 0
6.94, 0, 360, 0, 0
6.954, 0, 360, 0, 0
6.969, 0, 360, 0, 0
6.985, 0, 360, 0, 0
6.999, 0, 360, 0, 0
7.014, 0, 360, 0, 0
7.029, 0, 360, 0, 0
7.041, 0, 360, 0, 0
7.054, 0, 360, 0, 0
7.066, 0, 360, 0, 0
7.079, 0, 360, 0, 0
7.091, 0, 360, 0, 0
7.138, 0, 360, 0, 0
7.196, 0, 360, 0, 0
7.215, 0, 360, 0, 0
7.23, 0, 360, 0, 0
7.245, 0, 360, 0, 0
7.259, 0, 360, 0, 0
7.274, 0, 360, 0, 0
7.287, 0, 360, 0, 0
7.302, 0, 360, 0, 0
7.317, 0, 360, 0, 0
7.333, 0, 360, 0, 0
7.347, 0, 360, 0, 0
7.362, 0, 360, 0, 0
7.377, 0, 360, 0, 0
7.392, 0, 360, 0, 0
7.406, 0, 360, 0, 0
7.421, 0, 360, 0, 0
7.436, 0, 360, 0, 0
7.45, 0, 360, 0, 0
7.465, 0, 360, 0, 0
7.48, 0, 360, 0, 0
7.494, 0, 360, 0, 0
7.509, 0, 360, 0, 0
7.524, 0, 360, 0, 0
7.539, 0, 360, 0, 0
7.554, 0, 360, 0, 0
7.569, 0, 360, 0, 0
7.584, 0, 360, 0, 0
7.598, 0, 360, 0, 0
7.613, 0, 360, 0, 0
7.628, 0, 360, 0, 0
7.643, 0, 360, 0, 0
7.658, 0, 360, 0, 0
7.672, 0, 360, 0, 0
7.687, 0, 360, 0, 0
7.702, 0, 360, 0, 0
7.716, 0, 360, 0, 0
7.731, 0, 360, 0, 0
7.746, 0, 360, 0, 0
7.76, 0, 360, 0, 0
7.775, 0, 360, 0, 0
7.788, 0, 360, 0, 0
7.803, 0, 360, 0, 0
7.818, 0, 360, 0, 0
7.832, 0, 360, 0, 0
7.847, 0, 360, 0, 0
7.861, 0, 360, 0, 0
7.875, 0, 360, 0, 0
7.89, 0, 360, 0, 0
7.905, 0, 360, 0, 0
7.92, 0, 360, 0, 0
7.935, 0, 360, 0, 0
7.949, 0, 360, 0, 0
7.964, 0, 360, 0, 0
7.978, 0, 360, 0, 0
7.992, 0, 360, 0, 0
8.006, 0, 360, 0, 0
8.021, 0, 360, 0, 0
8.036, 0, 360, 0, 0
8.051, 0, 360, 0, 0
8.065, 0, 360, 0, 0
8.079, 0, 360, 0, 0
8.094, 0, 360, 0, 0
8.108, 0, 360, 0, 0
8.123, 0, 360, 0, 0
8.138, 0, 360, 0, 0
8.152, 0, 360, 0, 0
8.167, 0, 360, 0, 0
8.182, 0, 360, 0, 0
8.197, 0, 360, 0, 0
8.211, 0, 360, 0, 0
8.226, 0, 360, 0, 0
8.252, 0, 360, 0, 0
8.271, 0, 360, 0, 0
8.286, 0, 360, 0, 0
8.3, 0, 360, 0, 0
8.315, 0, 360, 0, 0
