0, 0, 0, 0, 0
0.013, 1, 360, 0.136778, 58.3773
0.028, 1, 360, 1.231, 123.893
0.048, 1, 360, 2.80395, 110.513
0.074, 1, 360, 4.51368, 82.0856
0.121, 1, 360, 8.82219, 82.4532
0.158, 1, 360, 11.8313, 84.1366
0.222, 1, 360, 16.9605, 445.663
0.27, 1, 360, 20.1064, 71.5367
0.29, 1, 360, 22.1581, 478963
0.315, 1, 360, 23.8678, 74.1211
0.335, 1, 360, 25.5091, 67.9812
0.355, 1, 360, 26.9453, 141.886
0.372, 1, 360, 28.0395, 91.8282
0.388, 1, 360, 29.5441, 89.5535
0.405, 1, 360, 31.1854, 75.3598
0.427, 1, 360, 32.6216, 115.522
0.444, 1, 360, 34.1261, 6062.02
0.464, 1, 360, 35.4939, 112.403
0.483, 1, 360, 37.3404, 34.6449
0.503, 1, 360, 38.7766, 44.2361
0.52, 1, 360, 40.0076, 0
0.536, 1, 360, 41.5122, 60.6017
0.553, 1, 360, 42.6064, 94.0487
0.57, 1, 360, 44.0426, 90.4617
0.585, 1, 360, 45.2736, 72.7079
0.604, 1, 360, 47.1201, 87.1198
0.623, 1, 360, 48.693, 122.014
0.641, 1, 360, 50.1976, 83.5643
0.664, 1, 360, 51.5653, 61.501
0.678, 1, 360, 52.728, 93.5128
0.693, 1, 360, 54.3009, 116.209
0.711, 1, 360, 55.8055, 30.8198
0.73, 1, 360, 57.0365, 70.2868
0.75, 1, 360, 58.883, -87.566
0.77, 1, 360, 60.1824, 58.7872
0.787, 1, 360, 61.8237, 184.835
0.805, 1, 360, 62.8495, 80.2796
0.823, 1, 360, 64.696, 109.774
0.844, 1, 360, 66.4742, 61.6673
0.862, 1, 360, 67.9103, 74.5927
0.886, 1, 360, 69.7568, 66.4617
0.907, 1, 360, 71.193, 76.6264
0.924, 1, 360, 72.6292, 70.4026
0.945, 1, 360, 74.4757, 0
0.964, 1, 360, 75.5699, 222.766
0.977, 1, 360, 76.6641, 93.7693
0.991, 1, 360, 77.8951, 62.6847
1.006, 1, 360, 78.9894, 49.4498
1.02, 1, 360, 80.0836, 165.191
1.034, 1, 360, 81.1778, 92.5218
1.061, 1, 360, 83.7082, 65.9999
1.112, 1, 360, 87.8799, 93.3002
1.131, 1, 360, 89.4529, 41.8282
1.153, 1, 360, 91.1626, 60.8714
1.171, 1, 360, 92.6672, 117.155
1.191, 1, 360, 92.9407, 138.16
1.208, 1, 360, 95.266, 177.788
1.222, 1, 360, 96.7705, 95.7606
1.245, 1, 360, 98.2751, 85.522
1.263, 1, 360, 99.848, 608.182
1.289, 1, 360, 101.763, 81.1836
1.307, 1, 360, 103.199, 165.191
1.326, 1, 360, 104.772, 401.152
1.343, 1, 360, 106.208, 87.1568
1.362, 1, 360, 108.123, 683.891
1.385, 1, 360, 109.97, 87.7908
1.406, 1, 360, 111.269, 82.1326
1.425, 1, 360, 113.184, 67.1359
1.446, 1, 360, 114.62, 83.4013
1.463, 1, 360, 116.056, 72.2776
1.485, 1, 360, 117.971, 72.3388
1.508, 1, 360, 119.476, 82.8958
1.525, 1, 360, 120.843, 80.7109
1.543, 1, 360, 122.758, 111.292
1.567, 1, 360, 124.536, 91.3072
1.585, 1, 360, 126.109, 1174.06
1.625, 1, 360, 128.845, 118.014
1.638, 1, 360, 130.691, 77.9274
1.664, 1, 360, 131.17, 49.2362
1.678, 1, 360, 133.222, 60.4678
1.692, 1, 360, 134.316, 258.072
1.706, 1, 360, 135.616, 60.5749
1.721, 1, 360, 136.71, 106.525
1.735, 1, 360, 137.804, 705.042
1.75, 1, 360, 138.078, 2973.44
1.761, 1, 360, 139.787, 67.2459
1.775, 1, 360, 140.881, 184.835
1.788, 1, 360, 142.044, 59.314
1.803, 1, 360, 143.07, 123.335
1.817, 1, 360, 144.301, 61.1983
1.831, 1, 360, 145.464, 31.0436
1.846, 1, 360, 146.558, 62.059
1.86, 1, 360, 147.857, 74.9223
1.88, 1, 360, 149.635, 83.2997
1.903, 1, 360, 151.482, 82.3468
1.925, 1, 360, 152.986, 0
1.95, 1, 360, 155.175, 85.7006
1.97, 1, 360, 156.611, 102.819
1.991, 1, 360, 158.594, 193.189
2.01, 1, 360, 160.03, 83.6393
2.032, 1, 360, 161.877, 86.1594
2.054, 1, 360, 163.381, 80.9338
2.07, 1, 360, 164.818, 76.4807
2.091, 1, 360, 166.664, 65.0705
2.114, 1, 360, 168.1, 68.6775
2.132, 1, 360, 169.947, 80.6659
2.154, 1, 360, 171.383, 96.3226
2.169, 1, 360, 172.546, 108.949
2.192, 1, 360, 166.596, 3475.86
2.204, 1, 360, 175.418, 59.8329
2.218, 1, 360, 176.444, 123.669
2.231, 1, 360, 177.538, 0
2.245, 1, 360, 178.632, 123.002
2.258, 1, 360, 179.726, 61.6118
2.273, 1, 360, 180.752, 28.6987
2.287, 1, 360, 181.915, 111.141
2.3, 1, 360, 183.078, 62.3988
2.315, 1, 360, 184.24, 59.5205
2.33, 1, 360, 185.266, 60.9528
2.342, 1, 360, 186.292, 50.6211
2.356, 1, 360, 187.386, 117.105
2.369, 1, 360, 188.48, 82.0997
2.388, 1, 360, 190.327, 77.5973
2.409, 1, 360, 191.831, 120.297
2.424, 1, 360, 193.336, 87.1198
2.447, 1, 360, 194.635, 33.0861
2.46, 1, 360, 195.866, 31.0718
2.475, 1, 360, 196.892, 41.2977
2.488, 1, 360, 198.055, 0
2.502, 1, 360, 199.149, 181.886
2.517, 1, 360, 200.243, 94.7654
2.531, 1, 360, 201.337, 73.2217
2.545, 1, 360, 202.5, 121.581
2.559, 1, 360, 203.594, 92.6263
2.573, 1, 360, 204.757, 113.698
2.587, 1, 360, 205.919, 60.0694
2.603, 1, 360, 207.014, 33.3768
2.616, 1, 360, 208.176, 62.0028
2.631, 1, 360, 209.339, 61.8066
2.645, 1, 360, 210.433, 100.13
2.659, 1, 360, 211.527, 0
2.674, 1, 360, 212.622, 0
2.686, 1, 360, 213.647, 60.5749
2.699, 1, 360, 214.947, 73.8065
2.72, 1, 360, 216.793, 68.3207
2.743, 1, 360, 218.571, 88.6443
2.766, 1, 360, 220.076, 69.2758
2.783, 1, 360, 221.854, 46.5232
2.806, 1, 360, 223.564, 80.034
2.856, 1, 360, 227.667, 84.306
2.878, 1, 360, 229.445, 61.2531
2.897, 1, 360, 230.881, 70.6207
2.919, 1, 360, 232.796, 90.3422
2.939, 1, 360, 234.643, 60.4144
2.96, 1, 360, 236.011, 73.8052
2.994, 1, 360, 238.883, 72.2547
3.016, 1, 360, 240.182, 36.3772
3.03, 1, 360, 240.319, 565.458
3.044, 1, 360, 242.508, 62.3419
3.059, 1, 360, 243.67, 47.6911
3.073, 1, 360, 244.696, 117.811
3.086, 1, 360, 245.79, 722.42
3.101, 1, 360, 247.021, 61.2805
3.115, 1, 360, 248.047, 120.086
3.128, 1, 360, 249.073, 36.5131
3.141, 1, 360, 250.167, 72.1251
3.158, 1, 360, 251.945, 130.017
3.177, 1, 360, 253.04, 99.2224
3.193, 1, 360, 254.681, 60.0431
3.216, 1, 360, 256.596, 72.2776
3.24, 1, 360, 256.733, 49.4856
3.253, 1, 360, 259.263, 27.8457
3.268, 1, 360, 260.426, 124.912
3.283, 1, 360, 261.52, 92.71
3.297, 1, 360, 262.751, 120.722
3.311, 1, 360, 263.845, 58.1046
3.324, 1, 360, 264.871, 84.3615
3.339, 1, 360, 265.965, 23.9877
3.354, 1, 360, 267.264, 322.59
3.37, 1, 360, 268.495, 120.297
3.384, 1, 360, 269.521, 399.936
3.398, 1, 360, 270.752, 183.842
3.412, 1, 360, 272.052, 68.2934
3.433, 1, 360, 273.761, 94.3297
3.451, 1, 360, 275.198, 82.5124
3.472, 1, 360, 277.044, 128.31
3.491, 1, 360, 278.48, 118.834
3.508, 1, 360, 280.19, 32.7848
3.532, 1, 360, 281.489, 0
3.549, 1, 360, 282.926, 74.2552
3.571, 1, 360, 284.02, 85.1139
3.585, 1, 360, 285.456, 79.1191
3.598, 1, 360, 286.482, 92.71
3.613, 1, 360, 287.781, 90.8221
3.629, 1, 360, 288.944, 0
3.642, 1, 360, 290.312, 66.5911
3.663, 1, 360, 292.09, 89.2808
3.682, 1, 360, 293.252, 56.3337
3.699, 1, 360, 294.62, 73.8543
3.719, 1, 360, 295.236, 0
3.737, 1, 360, 297.629, 61.0072
3.749, 1, 360, 298.587, 118.834
3.762, 1, 360, 299.544, 120.403
3.774, 1, 360, 300.502, 113.603
3.787, 1, 360, 301.459, 186.855
3.799, 1, 360, 302.416, 178.873
3.812, 1, 360, 303.442, 177.942
3.824, 1, 360, 304.4, 804.577
3.837, 1, 360, 305.357, 0
3.849, 1, 360, 306.315, 97.1435
3.862, 1, 360, 307.477, 0
3.874, 1, 360, 308.571, 228.471
3.887, 1, 360, 309.46, 62.0028
3.899, 1, 360, 310.486, 0
3.912, 1, 360, 311.375, 119.666
3.924, 1, 360, 312.333, 107.193
3.937, 1, 360, 313.29, 184.337
3.949, 1, 360, 314.248, 179.971
3.962, 1, 360, 315.205, 177.174
3.974, 1, 360, 316.436, 120.509
3.991, 1, 360, 317.736, 133.572
4.006, 1, 360, 318.898, 52.0465
4.023, 1, 360, 320.334, 60.5749
4.038, 1, 360, 321.497, 91.6334
4.053, 1, 360, 322.66, 92.0445
4.068, 1, 360, 323.822, 37.0873
4.081, 1, 360, 325.258, 122.123
4.099, 1, 360, 326.695, 37.7631
4.121, 1, 360, 328.473, 60.6555
4.14, 1, 360, 329.977, 93.0042
4.159, 1, 360, 331.55, 61.1709
4.177, 1, 360, 332.986, 71.6366
4.201, 1, 360, 335.243, 83.9748
4.227, 1, 360, 337.568, 89.828
4.253, 1, 360, 339.141, 59.9904
4.27, 1, 360, 340.304, 63.0314
4.287, 1, 360, 341.74, 72.3694
4.308, 1, 360, 343.313, 92.2514
4.324, 1, 360, 344.954, 0
4.347, 1, 360, 346.322, 77.759
4.364, 1, 360, 347.827, 83.0166
4.382, 1, 360, 350.426, 72.4154
4.415, 1, 360, 351.862, 114.459
4.429, 1, 360, 353.093, 117.659
4.446, 1, 360, 353.435, 554.007
4.461, 1, 360, 355.691, 57.8343
4.476, 1, 360, 356.854, 61.1435
4.491, 1, 360, 358.017, 58.3027
4.504, 1, 360, 359.111, 55.5557
4.519, 1, 360, 360.274, 57.8343
4.534, 1, 360, 361.368, 64.1849
4.548, 1, 360, 362.53, 92.1272
4.564, 1, 360, 363.693, 70.8401
4.581, 1, 360, 364.172, 0
4.604, 1, 360, 366.907, 91.7728
4.621, 1, 360, 368.412, 72.446
4.643, 1, 360, 370.874, 90.4218
4.667, 1, 360, 371.079, 60.4144
4.682, 1, 360, 373.267, 120.936
4.695, 1, 360, 374.293, 94.9848
4.709, 1, 360, 375.456, 57.2293
4.723, 1, 360, 376.413, 0
4.734, 1, 360, 34.4681, 154244
4.748, 1, 360, 378.533, 30.9173
4.762, 1, 360, 379.97, 35.5637
4.782, 1, 360, 381.543, 59.8329
4.799, 1, 360, 382.979, 84.2853
4.821, 1, 360, 384.825, 0
4.845, 1, 360, 386.261, 93.3639
4.861, 1, 360, 388.04, -89.5927
4.876, 1, 360, 388.792, 70.7668
4.893, 1, 360, 390.638, 122.123
4.912, 1, 360, 392.074, 64.8238
4.934, 1, 360, 393.579, 89.2031
4.953, 1, 360, 395.357, 219.724
4.973, 1, 360, 396.93, 74.6932
4.995, 1, 360, 398.366, 90.6015
5.013, 1, 360, 400.213, 47.5695
5.034, 1, 360, 401.854, -768.416
5.086, 1, 360, 406.163, 75.1859
5.111, 1, 360, 408.488, 107.756
5.137, 1, 360, 410.129, 0
5.152, 1, 360, 411.497, 51.2534
5.199, 1, 360, 413.617, 83.6819
5.258, 1, 360, 422.029, 79.1605
5.313, 1, 360, 425.448, 83.474
5.354, 1, 360, 428.457, 90.1437
5.4, 1, 360, 432.287, 246.669
5.441, 0.246201, 360, 432.492, 0
5.461, 0.246201, 360, 432.492, 0
5.475, 0.246201, 360, 432.492, 0
5.489, 0.246201, 360, 432.492, 0
5.504, 0.246201, 360, 432.492, 0
5.516, 0.246201, 360, 432.492, 0
5.532, 0.246201, 360, 432.492, 0
5.55, 0.246201, 360, 432.492, 0
5.583, 0.246201, 360, 432.492, 0
5.604, 0.246201, 360, 432.492, 0
5.618, 0.246201, 360, 432.492, 0
5.633, 0.246201, 360, 432.492, 0
5.646, 0.246201, 360, 432.492, 0
5.661, 0.246201, 360, 432.492, 0
5.68, 0.246201, 360, 432.492, 0
5.699, 0.246201, 360, 432.492, 0
5.721, 0.246201, 360, 432.492, 0
5.738, 0.246201, 360, 432.492, 0
5.76, 0.246201, 360, 432.492, 0
5.787, 0.246201, 360, 432.492, 0
5.815, 0.246201, 360, 432.492, 0
5.838, 0.246201, 360, 432.492, 0
5.86, 0.246201, 360, 432.492, 0
5.885, 0.246201, 360, 432.492, 0
5.902, 0.246201, 360, 432.492, 0
5.919, 0.246201, 360, 432.492, 0
5.932, 0.246201, 360, 432.492, 0
5.951, 0.246201, 360, 432.492, 0
5.971, 0.246201, 360, 432.492, 0
5.992, 0.246201, 360, 432.492, 0
6.013, 0.246201, 360, 432.492, 0
6.032, 0.246201, 360, 432.492, 0
6.052, 0.246201, 360, 432.492, 0
6.065, 0.246201, 360, 432.492, 0
6.079, 0.246201, 360, 432.492, 0
6.093, 0.246201, 360, 432.492, 0
6.108, 0.246201, 360, 432.492, 0
6.123, 0.246201, 360, 432.492, 0
6.139, 0.246201, 360, 432.492, 0
6.153, 0.246201, 360, 432.492, 0
6.167, 0.246201, 360, 432.492, 0
6.182, 0.246201, 360, 432.492, 0
6.199, 0.246201, 360, 432.492, 0
6.215, 0.246201, 360, 432.492, 0
6.232, 0.246201, 360, 432.492, 0
6.254, 0.246201, 360, 432.492, 0
6.27, 0.246201, 360, 432.492, 0
6.288, 0.246201, 360, 432.492, 0
6.31, 0.246201, 360, 432.492, 0
6.326, 0.246201, 360, 432.492, 0
6.348, 0.246201, 360, 432.492, 0
6.366, 0.246201, 360, 432.492, 0
6.391, 0.246201, 360, 432.492, 0
6.412, 0.246201, 360, 432.492, 0
6.426, 0.246201, 360, 432.492, 0
6.439, 0.246201, 360, 4535.84, 0
6.458, 0.31459, 360, 432.629, 0
6.479, 0.348784, 360, 432.698, 0
6.5, 0.348784, 360, 432.698, 0
6.54, 0.348784, 360, 432.698, 0.643365
6.569, 0.348784, 360, 432.698, 0
6.59, 0.348784, 360, 432.698, 0
6.612, 0.348784, 360, 432.698, 0
6.627, 0.348784, 360, 432.698, 0
6.642, 0.348784, 360, 432.698, 0
6.661, 0.348784, 360, 432.698, 0
6.688, 0.348784, 360, 432.698, 0
6.703, 0.348784, 360, 432.698, 0
6.728, 0.348784, 360, 432.698, 0
6.752, 0.348784, 360, 432.698, 0
6.77, 0.348784, 360, 432.698, 0
6.798, 0.348784, 360, 432.698, 0
6.859, 0.348784, 360, 432.698, 0
6.886, 0.348784, 360, 432.698, 0
6.901, 0.348784, 360, 432.698, 0
6.923, 0.348784, 360, 432.698, 0
6.946, 0.348784, 360, 432.698, 0
6.967, 0.348784, 360, 432.698, 0
6.986, 0.348784, 360, 432.698, 0
7.005, 0.348784, 360, 432.698, 0
7.02, 0.348784, 360, 432.698, 0
7.043, 0.348784, 360, 432.698, 0
7.057, 0.348784, 360, 432.698, 0
7.075, 0.348784, 360, 432.698, 0
7.099, 0.348784, 360, 432.698, 0
7.116, 0.348784, 360, 432.698, 0
7.133, 0.348784, 360, 432.698, 0
7.155, 0.348784, 360, 432.698, 0
7.178, 0.348784, 360, 432.698, 0
7.199, 0.348784, 360, 432.698, 196803
7.214, 0.348784, 360, 432.698, 0
7.227, 0.348784, 360, 432.698, 0
7.242, 0.348784, 360, 432.698, 0
7.258, 0.348784, 360, 432.698, 0
7.272, 0.348784, 360, 432.698, 0
7.286, 0.348784, 360, 432.698, 0
7.299, 0.348784, 360, 432.698, 0
7.314, 0.348784, 360, 432.698, 0
7.332, 0.348784, 360, 432.698, 0
7.347, 0.348784, 360, 432.698, 0
7.36, 0.348784, 360, 432.698, 0
7.375, 0.348784, 360, 432.698, 0
7.39, 0.348784, 360, 432.698, 0
7.403, 0.348784, 360, 432.698, 0
7.418, 0.348784, 360, 432.698, 0
7.431, 0.348784, 360, 432.698, 0
7.446, 0.348784, 360, 432.698, 0
7.46, 0.348784, 360, 432.698, 0
7.474, 0.348784, 360, 432.698, 0
7.487, 0.348784, 360, 432.698, 0
7.5, 0.348784, 360, 432.698, 0
7.514, 0.348784, 360, 432.698, 0
7.528, 0.348784, 360, 432.698, 0
7.541, 0.348784, 360, 432.698, 0
7.555, 0.348784, 360, 432.698, 0
7.57, 0.348784, 360, 432.698, 0
7.583, 0.348784, 360, 432.698, 0
7.597, 0.348784, 360, 432.698, 0
7.613, 0.348784, 360, 432.698, 0
7.629, 0.348784, 360, 432.698, 0
7.644, 0.348784, 360, 432.698, 0
7.656, 0.348784, 360, 432.698, 0
7.671, 0.348784, 360, 432.698, 0
7.684, 0.348784, 360, 432.698, 0
7.699, 0.348784, 360, 432.698, 0
7.714, 0.348784, 360, 432.698, 0
7.727, 0.348784, 360, 432.698, 0
7.741, 0.348784, 360, 432.698, 0
7.754, 0.348784, 360, 432.698, 0
7.768, 0.348784, 360, 432.698, 0
7.781, 0.348784, 360, 432.698, 0
7.801, 0.348784, 360, 432.698, 0
7.818, 0.348784, 360, 432.698, 0
7.839, 0.348784, 360, 432.698, 0
7.858, 0.348784, 360, 432.698, 0
7.879, 0.348784, 360, 432.698, 0
7.897, 0.348784, 360, 432.698, 0
7.915, 0.348784, 360, 432.698, 0
7.951, 0.348784, 360, 432.698, 0
7.981, 0.348784, 360, 432.698, 0
7.998, 0.348784, 360, 432.698, 0
8.013, 0.382979, 360, 432.766, 0
8.028, 0.382979, 360, 432.766, 0
8.043, 0.382979, 360, 432.766, 0
8.058, 0.382979, 360, 432.766, 0
8.071, 0.382979, 360, 432.766, 0
8.086, 0.382979, 360, 432.766, 0
8.101, 0.382979, 360, 432.766, 0
8.114, 0.382979, 360, 432.766, 0
8.13, 0.382979, 360, 432.766, 0
8.152, 0.382979, 360, 432.766, 0
8.203, 0.382979, 360, 432.766, 0
8.238, 0.382979, 360, 432.698, 0
8.271, 0.348784, 360, 432.698, 0
8.287, 0.348784, 360, 432.698, 0
8.31, 0.348784, 360, 432.698, 0
8.327, 0.348784, 360, 432.698, 0
8.34, 0.348784, 360, 432.698, 0
8.354, 0.348784, 360, 432.698, 0
8.367, 0.348784, 360, 432.698, 0
8.381, 0.348784, 360, 432.698, 0
8.398, 0.348784, 360, 432.698, 0
8.421, 0.348784, 360, 432.698, 0
8.443, 0.348784, 360, 432.698, 0
8.464, 0.348784, 360, 432.698, 0
8.486, 0.348784, 360, 432.698, 0
8.504, 0.348784, 360, 432.698, 0
8.522, 0.348784, 360, 432.698, 0
8.537, 0.348784, 360, 432.698, 0
8.56, 0.348784, 360, 432.698, 0
8.583, 0.348784, 360, 432.698, 0
8.598, 0.348784, 360, 432.698, 0
8.619, 0.348784, 360, 432.698, 0
8.639, 0.348784, 360, 432.698, 0
8.665, 0.348784, 360, 432.698, 0
8.68, 0.348784, 360, 432.698, 0
8.693, 0.348784, 360, 432.698, 0
8.708, 0.348784, 360, 432.698, 0
8.722, 0.348784, 360, 432.698, 0
8.736, 0.348784, 360, 432.698, 0
8.749, 0.348784, 360, 432.698, 0
8.763, 0.348784, 360, 432.698, 0
8.778, 0.348784, 360, 432.698, 0
8.791, 0.348784, 360, 432.698, 0
8.806, 0.348784, 360, 432.698, 0
8.821, 0.348784, 360, 432.698, 0
8.833, 0.348784, 360, 432.698, 0
8.848, 0.348784, 360, 432.698, 0
8.861, 0.348784, 360, 432.698, 0
8.876, 0.348784, 360, 432.698, 0
8.892, 0.348784, 360, 432.698, 0
8.906, 0.348784, 360, 432.698, 0
8.927, 0.348784, 360, 432.698, 0
8.968, 0.348784, 360, 432.698, 0
9.004, 0.348784, 360, 432.698, 0
9.031, 0.348784, 360, 432.698, 0
9.045, 0.348784, 360, 432.698, 0
9.066, 0.348784, 360, 432.698, 0
9.09, 0.348784, 360, 432.698, 0
9.103, 0.348784, 360, 432.698, 0
9.137, 0.348784, 360, 432.698, 0
9.182, 0.348784, 360, 432.698, 0
9.209, 0.348784, 360, 432.698, 0
9.229, 0.348784, 360, 432.698, 0
9.246, 0.348784, 360, 432.698, 0
9.264, 0.348784, 360, 432.698, 0
9.285, 0.348784, 360, 432.698, 0
9.299, 0.348784, 360, 432.698, 0
9.319, 0.348784, 360, 432.698, 0
9.343, 0.348784, 360, 432.698, 0
9.366, 0.348784, 360, 432.698, 0
9.383, 0.348784, 360, 432.698, 0
9.402, 0.348784, 360, 432.698, 0
9.426, 0.348784, 360, 432.698, 0
9.446, 0.348784, 360, 432.698, 0
9.468, 0.348784, 360, 432.698, 0
9.486, 0.348784, 360, 432.698, 0
9.508, 0.348784, 360, 432.698, 0
9.532, 0.348784, 360, 432.698, 0
9.547, 0.348784, 360, 432.698, 0
9.567, 0.348784, 360, 432.698, 0
9.588, 0.348784, 360, 432.698, 0
9.613, 0.348784, 360, 432.698, 0
9.641, 0.348784, 360, 432.698, 0
9.693, 0.348784, 360, 432.698, 0
9.735, 0.348784, 360, 432.698, 0
9.758, 0.348784, 360, 432.698, 0
9.782, 0.348784, 360, 432.698, 0
9.806, 0.348784, 360, 432.698, 0
9.826, 0.348784, 360, 432.698, 0
9.851, 0.348784, 360, 432.698, 0
9.875, 0.348784, 360, 432.698, 0
9.892, 0.348784, 360, 432.698, 0
9.909, 1, 360, 432.971, 0
9.928, 0.485562, 360, 432.971, 0
9.944, 0.588146, 360, 433.176, 0
9.958, 0.553951, 360, 433.108, 0
9.978, 0.519757, 360, 433.04, 0
9.993, 0.485562, 360, 432.971, 0
10.007, 0.451368, 360, 432.903, 0
10.02, 0.417173, 360, 432.834, 0
10.035, 0.382979, 360, 432.766, 0
10.049, 0.382979, 360, 432.766, 0
10.062, 0.382979, 360, 432.766, 0
10.077, 0.382979, 360, 432.766, 0
10.09, 0.382979, 360, 432.766, 0
10.104, 0.382979, 360, 432.766, 0
10.119, 0.382979, 360, 432.766, 0
10.134, 0.382979, 360, 432.766, 0
10.156, 0.382979, 360, 432.766, 0
10.178, 0.382979, 360, 432.766, 0
10.198, 0.382979, 360, 432.766, 0
10.215, 0.382979, 360, 432.766, 0
10.234, 0.382979, 360, 432.766, 0
10.258, 0.382979, 360, 432.766, 0
10.282, 0.382979, 360, 432.766, 0
10.296, 0.382979, 360, 432.766, 0
10.31, 0.382979, 360, 432.766, 0
10.324, 0.382979, 360, 432.766, 0
10.338, 0.382979, 360, 432.766, 0
10.353, 0.382979, 360, 432.766, 0
10.367, 0.382979, 360, 432.766, 0
10.382, 0.382979, 360, 432.766, 0
10.395, 0.382979, 360, 432.766, 0
10.408, 0.382979, 360, 432.766, 0
10.421, 0.382979, 360, 432.766, 0
10.436, 0.382979, 360, 432.766, 0
10.448, 0.382979, 360, 432.766, 0
10.472, 0.382979, 360, 432.766, 0
10.491, 0.382979, 360, 432.766, 0
10.51, 0.382979, 360, 432.766, 0
10.53, 0.382979, 360, 432.766, 0
10.55, 0.382979, 360, 432.766, 0
10.586, 0.382979, 360, 432.766, 0
10.628, 0.382979, 360, 432.766, -5.83325
10.674, 0.382979, 360, 432.698, 0
10.709, 0.348784, 360, 432.698, 0
10.783, 0.348784, 360, 432.698, 0
10.814, 0.348784, 360, 432.698, 0
10.856, 0.348784, 360, 432.698, 0
10.886, 0.348784, 360, 432.698, 0
10.947, 0.348784, 360, 432.698, 0
10.978, 0.348784, 360, 432.698, 0
10.999, 0.348784, 360, 432.698, 0
11.013, 0.348784, 360, 432.698, 0
11.026, 0.348784, 360, 432.698, 0
11.04, 0.348784, 360, 432.698, -0.140953
11.054, 0.348784, 360, 432.698, 0
11.067, 0.348784, 360, 432.698, 0
11.081, 0.348784, 360, 432.698, 0
11.095, 0.348784, 360, 432.698, 0
11.109, 0.348784, 360, 432.698, 0
11.124, 0.348784, 360, 432.698, 0
11.137, 0.348784, 360, 432.698, 0
11.151, 0.348784, 360, 432.698, 0
11.167, 0.348784, 360, 432.698, 0
11.181, 0.348784, 360, 432.698, 0
11.195, 0.348784, 360, 432.698, 0
11.217, 0.348784, 360, 432.698, 0
11.235, 0.348784, 360, 432.698, 0
11.251, 0.348784, 360, 432.698, 0
11.271, 0.348784, 360, 432.698, 276319
11.29, 0.382979, 360, 432.766, 0
11.303, 0.417173, 360, 432.834, 0
11.317, 0.417173, 360, 432.834, 0
11.331, 0.417173, 360, 432.834, 0
11.345, 0.417173, 360, 432.834, 0
11.362, 0.417173, 360, 432.766, 0
11.385, 0.382979, 360, 432.766, 0
11.413, 0.382979, 360, 432.766, 0
11.428, 0.382979, 360, 432.766, 0
11.455, 0.382979, 360, 432.766, 0
11.479, 0.382979, 360, 432.766, 0
11.494, 0.382979, 360, 432.766, 0
11.517, 0.382979, 360, 432.766, 0
11.533, 0.382979, 360, 432.766, 0
11.557, 0.382979, 360, 432.766, 0
11.572, 0.382979, 360, 432.766, 0
11.589, 0.382979, 360, 432.766, 0
11.608, 0.382979, 360, 432.766, 0
11.628, 0.382979, 360, 432.766, 0
11.645, 0.382979, 360, 432.766, -0.22635
11.659, 0.382979, 360, 432.766, 0
11.68, 0.382979, 360, 432.766, 0
11.694, 0.382979, 360, 432.766, 0
11.708, 0.382979, 360, 432.766, 0
11.723, 0.382979, 360, 432.766, 0
11.736, 0.382979, 360, 432.766, 0
11.75, 0.382979, 360, 432.766, 0
11.765, 0.382979, 360, 432.766, 0
11.779, 0.382979, 360, 432.766, 0
11.793, 0.382979, 360, 432.766, 0
11.807, 0.382979, 360, 432.766, 0
11.821, 0.382979, 360, 432.766, 0
11.836, 0.382979, 360, 432.766, 0
11.849, 0.382979, 360, 432.766, 0
11.864, 0.382979, 360, 432.766, 0
11.878, 0.382979, 360, 432.766, 0
11.892, 0.382979, 360, 432.766, 0
11.927, 0.382979, 360, 432.766, 0
11.969, 0.382979, 360, 432.766, 0
12.011, 0.382979, 360, 432.766, 0
12.029, 0.382979, 360, 432.903, 0
12.044, 0.485562, 360, 432.971, 0
12.058, 0.485562, 360, 432.971, 0
12.073, 0.451368, 360, 432.903, 0
12.088, 0.417173, 360, 432.834, 0
12.1, 0.382979, 360, 432.766, 0
12.114, 0.382979, 360, 432.766, 0
12.128, 0.382979, 360, 432.766, 0
12.142, 0.382979, 360, 432.766, 0
12.156, 0.382979, 360, 432.766, 0
12.17, 0.382979, 360, 432.766, 0
12.182, 0.382979, 360, 432.766, 0
12.195, 0.382979, 360, 432.766, 0
12.208, 0.382979, 360, 432.766, 0
12.22, 0.382979, 360, 432.766, 0
12.233, 0.382979, 360, 432.766, 0
12.245, 0.382979, 360, 432.766, 0
12.26, 0.382979, 360, 432.766, 0
12.273, 0.382979, 360, 432.766, 0
12.287, 0.382979, 360, 432.766, 0
12.302, 0.382979, 360, 432.766, 0
12.317, 0.382979, 360, 432.766, -87.3423
12.332, 0.348784, 360, 432.698, 0
12.346, 0.348784, 360, 432.698, 0
12.361, 0.348784, 360, 432.698, 0
12.374, 0.348784, 360, 432.698, 0
12.387, 0.348784, 360, 432.698, 0
12.405, 0.348784, 360, 432.698, 0
12.424, 0.348784, 360, 432.698, 0
12.441, 0.348784, 360, 432.698, 0
12.467, 0.348784, 360, 432.698, 0
12.483, 0.348784, 360, 432.698, 0
12.504, 0.348784, 360, 432.698, 0
12.524, 0.348784, 360, 432.698, 0
12.556, -0, 360, 432.698, 0
