0, 4.94066e-324, 0, 0
11, 180, 0.0683891, 1005.72
23, 180, 0.478723, 0
35, 180, 1.231, 105.865
46, 180, 2.32523, 61.5563
59, 180, 3.69301, 0
70, 180, 5.47112, 131.771
83, 180, 7.5228, 186.177
95, 180, 9.71125, 152.654
106, 180, 11.8313, 183.349
119, 180, 14.1565, 177.48
131, 180, 16.5502, 0
143, 180, 18.0547, 1121.13
153, 180, 20.2432, 0
163, 180, 22.4316, 0
174, 180, 24.7568, 0
185, 180, 24.7568, 719.885
197, 180, 28.3815, 34194.5
208, 180, 29.6125, 35373.7
218, 180, 31.7325, 4310.23
229, 180, 34.0578, 6495.05
239, 180, 36.383, 15582.3
250, 180, 38.845, 13380.5
260, 180, 40.2128, 11765.9
271, 180, 42.538, 15582.3
281, 180, 45.2052, 14905.3
291, 180, 46.6413, 16164.7
302, 180, 48.9666, 11723.8
312, 180, 51.497, 7284.04
323, 180, 53.0699, 8398.66
333, 180, 55.4635, 7734.48
344, 180, 58.1991, 5870.31
355, 180, 59.772, 7875.1
366, 180, 62.576, 5699.09
377, 180, 64.4225, 4022.89
387, 180, 66.9529, 8599.82
398, 180, 69.8936, 6079.03
409, 180, 71.3982, 6971.7
420, 180, 74.3389, 1221.23
433, 180, 77.2796, 5588.21
444, 180, 78.9894, 12615.5
454, 180, 81.6565, 7198.85
465, 180, 84.4605, 6111.36
476, 180, 86.1018, 6015.7
487, 180, 88.9742, 13297.9
498, 180, 90.8207, 5028.61
509, 180, 93.3511, 6440.23
520, 180, 94.7872, 6636.91
531, 180, 97.9331, 727.543
541, 180, 100.805, 0
552, 180, 102.652, 638.156
564, 180, 104.909, 0
575, 180, 104.909, -49154.6
587, 180, 108.123, 9241.76
597, 180, 110.038, 4477.85
609, 180, 113.047, 5720.76
620, 180, 114.825, 10735.5
631, 180, 117.15, 3480.88
642, 180, 120.16, 5994.26
653, 180, 122.006, 6473.04
664, 180, 125.22, 8245.49
675, 180, 126.725, 7327.4
686, 180, 129.871, 4506.26
697, 180, 131.375, 35822.8
708, 180, 134.521, 2640.5
720, 180, 137.188, 3915.4
731, 180, 139.856, 2190.95
742, 180, 142.523, 3730.31
753, 180, 144.027, 5384.97
765, 180, 147.036, 6179.73
776, 180, 150.046, 4676.17
786, 180, 152.644, 2973.44
797, 180, 154.97, 1768.68
808, 180, 156.132, 12238
818, 180, 158.457, 33217.5
828, 180, 160.851, 24549.9
839, 180, 163.176, 22125.9
849, 180, 165.365, 22125.9
859, 180, 167.622, 13677.8
869, 180, 169.878, 10798.3
880, 180, 172.135, 5861.92
890, 180, 173.229, 28057
900, 180, 175.418, 25020.4
910, 180, 177.606, 23396.3
920, 180, 179.795, 19796.8
931, 180, 181.915, 18483.5
941, 180, 183.967, 9498.48
951, 180, 185.061, 4274.32
961, 180, 185.54, 1848.35
972, 180, 185.676, 0
982, 180, 185.608, -3696.71
992, 180, 185.266, -5699.09
