0, 0, 0, 0, 0
0.014, 0, 0, 0, 0
0.025, 0, 0, 0, 0
0.036, 0, 0, 0, 0
0.048, 0, 0, 0, 0
0.059, 0, 0, 0, 0
0.07, 0, 0, 0, 0
0.081, 0, 0, 0, 0
0.093, 0, 0, 0, 0
0.104, 0, 0, 0, 0
0.116, 0, 0, 0, 0
0.127, 0, 0, 0, 0
0.139, 0, 0, 0, 0
0.151, 0, 0, 0, 0
0.162, 0, 0, 0, 0
0.173, 0, 0, 0, 0
0.185, 0, 0, 0, 0
0.197, 0, 0, 0, 0
0.208, 0, 0, 0, 0
0.22, 0, 0, 0, 0
0.231, 0, 0, 0, 0
0.243, 0, 0, 0, 0
0.254, 0, 0, 0, 0
0.265, 0, 0, 0, 0
0.276, 0, 0, 0, 0
0.287, 0, 0, 0, 0
0.297, 0, 0, 0, 0
0.308, 0, 0, 0, 0
0.319, 0, 0, 0, 0
0.331, 0, 0, 0, 0
0.343, 0, 0, 0, 0
0.354, 0, 0, 0, 0
0.365, 0, 0, 0, 0
0.377, 0, 0, 0, 0
0.388, 0, 0, 0, 0
0.4, 0, 0, 0, 0
0.411, 0, 0, 0, 0
0.422, 0, 0, 0, 0
0.433, 0, 0, 0, 0
0.445, 0, 0, 0, 0
0.456, 0, 0, 0, 0
0.468, 0, 0, 0, 0
0.479, 0, 0, 0, 0
0.491, 0, 0, 0, 0
0.502, 0, 0, 0, 0
0.514, 0, 0, 0, 0
0.526, 0, 0, 0, 0
0.537, 0, 0, 0, 0
0.549, 0, 0, 0, 0
0.561, 0, 0, 0, 0
0.572, 0, 0, 0, 0
0.583, 0, 0, 0, 0
0.595, 0, 0, 0, 0
0.607, 0, 0, 0, 0
0.618, 0, 0, 0, 0
0.63, 0, 0, 0, 0
0.642, 0, 0, 0, 0
0.653, 0, 0, 0, 0
0.665, 0, 0, 0, 0
0.677, 0, 0, 0, 0
0.689, 0, 0, 0, 0
0.701, 0, 0, 0, 0
0.713, 0, 0, 0, 0
0.724, 0, 0, 0, 0
0.736, 0, 0, 0, 0
0.747, 0, 0, 0, 0
0.758, 0, 0, 0, 0
0.77, 0, 0, 0, 0
0.782, 0, 0, 0, 0
0.794, 0, 0, 0, 0
0.806, 0, 0, 0, 0
0.817, 0, 0, 0, 0
0.828, 0, 0, 0, 0
0.839, 0, 0, 0, 0
0.851, 0, 0, 0, 0
0.863, 0, 0, 0, 0
0.874, 0, 0, 0, 0
0.886, 0, 0, 0, 0
0.898, 0, 0, 0, 0
0.91, 0, 0, 0, 0
0.922, 0, 0, 0, 0
0.934, 0, 0, 0, 0
0.945, 0, 0, 0, 0
0.957, 0, 0, 0, 0
0.968, 0, 0, 0, 0
0.979, 0, 0, 0, 0
0.99, 0, 0, 0, 0
1.002, 0, 0, 0, 0
1.014, 0, 0, 0, 0
1.025, 0, 0, 0, 0
1.037, 0, 0, 0, 0
1.049, 0, 0, 0, 0
1.06, 0, 0, 0, 0
1.072, 0, 0, 0, 0
1.083, 0, 0, 0, 0
1.095, 0, 0, 0, 0
1.106, 0, 0, 0, 0
1.118, 0, 0, 0, 0
1.13, 0, 0, 0, 0
1.142, 0, 0, 0, 0
1.154, 0, 0, 0, 0
1.165, 0, 0, 0, 0
1.176, 0, 0, 0, 0
1.188, 0, 0, 0, 0
1.198, 0, 0, 0, 0
1.21, 0, 0, 0, 0
1.221, 0, 0, 0, 0
1.232, 0, 0, 0, 0
1.244, 0, 0, 0, 0
1.255, 0, 0, 0, 0
1.267, 0, 0, 0, 0
1.279, 0, 0, 0, 0
1.291, 0, 0, 0, 0
1.302, 0, 0, 0, 0
1.313, 0, 0, 0, 0
1.324, 0, 0, 0, 0
1.335, 0, 0, 0, 0
1.346, 0, 0, 0, 0
1.358, 0, 0, 0, 0
1.369, 0, 0, 0, 0
1.379, 0, 0, 0, 0
1.39, 0, 0, 0, 0
1.401, 0, 0, 0, 0
1.412, 0, 0, 0, 0
1.423, 0, 0, 0, 0
1.433, 0, 0, 0, 0
1.444, 0, 0, 0, 0
1.455, 0, 0, 0, 0
1.466, 0, 0, 0, 0
1.476, 0, 0, 0, 0
1.488, 0, 0, 0, 0
1.499, 0, 0, 0, 0
1.511, 0, 0, 0, 0
1.522, 0, 0, 0, 0
1.534, 0, 0, 0, 0
1.546, 0, 0, 0, 0
1.558, 0, 0, 0, 0
1.569, 0, 0, 0, 0
1.581, 0, 0, 0, 0
1.593, 0, 0, 0, 0
1.604, 0, 0, 0, 0
1.616, 0, 0, 0, 0
1.628, 0, 0, 0, 0
1.639, 0, 0, 0, 0
1.651, 0, 0, 0, 0
1.663, 0, 0, 0, 0
1.674, 0, 0, 0, 0
1.685, 0, 0, 0, 0
1.696, 0, 0, 0, 0
1.707, 0, 0, 0, 0
1.718, 0, 0, 0, 0
1.73, 0, 0, 0, 0
1.741, 0, 0, 0, 0
1.753, 0, 0, 0, 0
1.764, 0, 0, 0, 0
1.776, 0, 0, 0, 0
1.788, 0, 0, 0, 0
1.799, 0, 0, 0, 0
1.811, 0, 0, 0, 0
1.822, 0, 0, 0, 0
1.834, 0, 0, 0, 0
1.845, 0, 0, 0, 0
1.856, 0, 0, 0, 0
1.867, 0, 0, 0, 0
1.878, 0, 0, 0, 0
1.889, 0, 0, 0, 0
1.9, 0, 0, 0, 0
1.911, 0, 0, 0, 0
1.922, 0, 0, 0, 0
1.934, 0, 0, 0, 0
1.945, 0, 0, 0, 0
1.956, 0, 0, 0, 0
1.967, 0, 0, 0, 0
1.979, 0, 0, 0, 0
1.99, 0, 0, 0, 0
2.002, 0, 0, 0, 0
2.014, 0, 0, 0, 0
2.026, 0, 0, 0, 0
2.038, 0, 0, 0, 0
2.049, 0, 0, 0, 0
2.061, 0, 0, 0, 0
2.072, 0, 0, 0, 0
2.083, 0, 0, 0, 0
2.095, 0, 0, 0, 0
2.107, 0, 0, 0, 0
2.118, 0, 0, 0, 0
2.13, 0, 0, 0, 0
2.141, 0, 0, 0, 0
2.152, 0, 0, 0, 0
2.163, 0, 0, 0, 0
2.174, 0, 0, 0, 0
2.185, 0, 0, 0, 0
2.196, 0, 0, 0, 0
2.207, 0, 0, 0, 0
2.218, 0, 0, 0, 0
2.229, 0, 0, 0, 0
2.24, 0, 0, 0, 0
2.252, 0, 0, 0, 0
2.264, 0, 0, 0, 0
2.275, 0, 0, 0, 0
2.287, 0, 0, 0, 0
2.299, 0, 0, 0, 0
2.309, 0, 0, 0, 0
2.321, 0, 0, 0, 0
2.333, 0, 0, 0, 0
2.345, 0, 0, 0, 0
2.356, 0, 0, 0, 0
2.367, 0, 0, 0, 0
2.378, 0, 0, 0, 0
2.39, 0, 0, 0, 0
2.401, 0, 0, 0, 0
2.412, 0, 0, 0, 0
2.424, 0, 0, 0, 0
2.434, 0, 0, 0, 0
2.445, 0, 0, 0, 0
2.456, 0, 0, 0, 0
2.467, 0, 0, 0, 0
2.479, 0, 0, 0, 0
2.49, 0, 0, 0, 0
2.502, 0, 0, 0, 0
2.514, 0, 0, 0, 0
2.525, 0, 0, 0, 0
2.536, 0, 0, 0, 0
2.548, 0, 0, 0, 0
2.558, 0, 0, 0, 0
2.569, 0, 0, 0, 0
2.581, 0, 0, 0, 0
2.592, 0, 0, 0, 0
2.603, 0, 0, 0, 0
2.615, 0, 0, 0, 0
2.627, 0, 0, 0, 0
2.638, 0, 0, 0, 0
2.649, 0, 0, 0, 0
2.661, 0, 0, 0, 0
2.673, 0, 0, 0, 0
2.684, 0, 0, 0, 0
2.696, 0, 0, 0, 0
2.708, 0, 0, 0, 0
2.719, 0, 0, 0, 0
2.731, 0, 0, 0, 0
2.743, 0, 0, 0, 0
2.755, 0, 0, 0, 0
2.766, 0, 0, 0, 0
2.778, 0, 0, 0, 0
2.79, 0, 0, 0, 0
2.801, 0, 0, 0, 0
2.812, 0, 0, 0, 0
2.823, 0, 0, 0, 0
2.834, 0, 0, 0, 0
2.845, 0, 0, 0, 0
2.856, 0, 0, 0, 0
2.867, 0, 0, 0, 0
2.878, 0, 0, 0, 0
2.89, 0, 0, 0, 0
2.9, 0, 0, 0, 0
2.912, 0, 0, 0, 0
2.923, 0, 0, 0, 0
2.934, 0, 0, 0, 0
2.945, 0, 0, 0, 0
2.956, 0, 0, 0, 0
2.967, 0, 0, 0, 0
2.978, 0, 0, 0, 0
2.989, 0, 0, 0, 0
3, 0, 0, 0, 0
3.011, 0, 0, 0, 0
3.023, 0, 0, 0, 0
3.034, 0, 0, 0, 0
3.045, 0, 0, 0, 0
3.057, 0, 0, 0, 0
3.068, 0, 0, 0, 0
3.078, 0, 0, 0, 0
3.089, 0, 0, 0, 0
3.1, 0, 0, 0, 0
3.111, 0, 0, 0, 0
3.122, 0, 0, 0, 0
3.133, 0, 0, 0, 0
3.144, 0, 0, 0, 0
3.156, 0, 0, 0, 0
3.167, 0, 0, 0, 0
3.178, 0, 0, 0, 0
3.19, 0, 0, 0, 0
3.201, 0, 0, 0, 0
3.212, 0, 0, 0, 0
3.223, 0, 0, 0, 0
3.235, 0, 0, 0, 0
3.246, 0, 0, 0, 0
3.257, 0, 0, 0, 0
3.269, 0, 0, 0, 0
3.28, 0, 0, 0, 0
3.291, 0, 0, 0, 0
3.303, 0, 0, 0, 0
3.314, 0, 0, 0, 0
3.325, 0, 0, 0, 0
3.337, 0, 0, 0, 0
3.348, 0, 0, 0, 0
3.359, 0, 0, 0, 0
3.371, 0, 0, 0, 0
3.382, 0, 0, 0, 0
3.393, 0, 0, 0, 0
3.405, 0, 0, 0, 0
3.416, 0, 0, 0, 0
3.427, 0, 0, 0, 0
3.439, 0, 0, 0, 0
3.45, 0, 0, 0, 0
3.461, 0, 0, 0, 0
3.472, 0, 0, 0, 0
3.484, 0, 0, 0, 0
3.495, 0, 0, 0, 0
3.506, 0, 0, 0, 0
3.518, 0, 0, 0, 0
3.529, 0, 0, 0, 0
3.54, 0, 0, 0, 0
3.552, 0, 0, 0, 0
3.563, 0, 0, 0, 0
3.574, 0, 0, 0, 0
3.586, 0, 0, 0, 0
3.597, 0, 0, 0, 0
3.608, 0, 0, 0, 0
3.62, 0, 0, 0, 0
3.631, 0, 0, 0, 0
3.642, 0, 0, 0, 0
3.654, 0, 0, 0, 0
3.665, 0, 0, 0, 0
3.676, 0, 0, 0, 0
3.688, 0, 0, 0, 0
3.699, 0, 0, 0, 0
3.71, 0, 0, 0, 0
3.722, 0, 0, 0, 0
3.733, 0, 0, 0, 0
3.744, 0, 0, 0, 0
3.755, 0, 0, 0, 0
3.767, 0, 0, 0, 0
3.778, 0, 0, 0, 0
3.789, 0, 0, 0, 0
3.801, 0, 0, 0, 0
3.812, 0, 0, 0, 0
3.823, 0, 0, 0, 0
3.835, 0, 0, 0, 0
3.846, 0, 0, 0, 0
3.858, 0, 0, 0, 0
3.869, 0, 0, 0, 0
3.881, 0, 0, 0, 0
3.893, 0, 0, 0, 0
3.905, 0, 0, 0, 0
3.916, 0, 0, 0, 0
3.927, 0, 0, 0, 0
3.938, 0, 0, 0, 0
3.949, 0, 0, 0, 0
3.96, 0, 0, 0, 0
3.971, 0, 0, 0, 0
3.982, 0, 0, 0, 0
3.993, 0, 0, 0, 0
4.005, 0, 0, 0, 0
4.016, 0, 0, 0, 0
4.028, 0, 0, 0, 0
4.038, 0, 0, 0, 0
4.049, 0, 0, 0, 0
4.06, 0, 0, 0, 0
4.072, 0, 0, 0, 0
4.083, 0, 0, 0, 0
4.094, 0, 0, 0, 0
4.106, 0, 0, 0, 0
4.117, 0, 0, 0, 0
4.129, 0, 0, 0, 0
4.14, 0, 0, 0, 0
4.151, 0, 0, 0, 0
4.163, 0, 0, 0, 0
4.174, 0, 0, 0, 0
4.185, 0, 0, 0, 0
4.197, 0, 0, 0, 0
4.208, 0, 0, 0, 0
4.219, 0, 0, 0, 0
4.23, 0, 0, 0, 0
4.242, 0, 0, 0, 0
4.253, 0, 0, 0, 0
4.264, 0, 0, 0, 0
4.276, 0, 0, 0, 0
4.287, 0, 0, 0, 0
4.298, 0, 0, 0, 0
4.309, 0, 0, 0, 0
4.321, 0, 0, 0, 0
4.332, 0, 0, 0, 0
4.344, 0, 0, 0, 0
4.356, 0, 0, 0, 0
4.367, 0, 0, 0, 0
4.379, 0, 0, 0, 0
4.391, 0, 0, 0, 0
4.402, 0, 0, 0, 0
4.414, 0, 0, 0, 0
4.425, 0, 0, 0, 0
4.436, 0, 0, 0, 0
4.447, 0, 0, 0, 0
4.458, 0, 0, 0, 0
4.469, 0, 0, 0, 0
4.48, 0, 0, 0, 0
4.491, 0, 0, 0, 0
4.502, 0, 0, 0, 0
4.514, 0, 0, 0, 0
4.525, 0, 0, 0, 0
4.537, 0, 0, 0, 0
4.547, 0, 0, 0, 0
4.558, 0, 0, 0, 0
4.569, 0, 0, 0, 0
4.58, 0, 0, 0, 0
4.592, 0, 0, 0, 0
4.604, 0, 0, 0, 0
4.616, 0, 0, 0, 0
4.627, 0, 0, 0, 0
4.639, 0, 0, 0, 0
4.651, 0, 0, 0, 0
4.663, 0, 0, 0, 0
4.674, 0, 0, 0, 0
4.686, 0, 0, 0, 0
4.697, 0, 0, 0, 0
4.709, 0, 0, 0, 0
4.721, 0, 0, 0, 0
4.733, 0, 0, 0, 0
4.745, 0, 0, 0, 0
4.755, 0, 0, 0, 0
4.767, 0, 0, 0, 0
4.779, 0, 0, 0, 0
4.791, 0, 0, 0, 0
4.802, 0, 0, 0, 0
4.813, 0, 0, 0, 0
4.825, 0, 0, 0, 0
4.837, 0, 0, 0, 0
4.848, 0, 0, 0, 0
4.86, 0, 0, 0, 0
4.871, 0, 0, 0, 0
4.883, 0, 0, 0, 0
4.894, 0, 0, 0, 0
4.906, 0, 0, 0, 0
4.918, 0, 0, 0, 0
4.93, 0, 0, 0, 0
4.941, 0, 0, 0, 0
4.953, 0, 0, 0, 0
4.965, 0, 0, 0, 0
4.977, 0, 0, 0, 0
4.988, 0, 0, 0, 0
4.999, 0, 0, 0, 0
5.01, 0, 0, 0, 0
5.022, 0, 0, 0, 0
5.034, 0, 0, 0, 0
5.046, 0, 0, 0, 0
5.057, 0, 0, 0, 0
5.069, 0, 0, 0, 0
5.08, 0, 0, 0, 0
5.092, 0, 0, 0, 0
5.104, 0, 0, 0, 0
5.115, 0, 0, 0, 0
5.126, 0, 0, 0, 0
5.138, 0, 0, 0, 0
5.149, 0, 0, 0, 0
5.161, 0, 0, 0, 0
5.173, 0, 0, 0, 0
5.184, 0, 0, 0, 0
5.195, 0, 0, 0, 0
5.206, 0, 0, 0, 0
5.218, 0, 0, 0, 0
5.229, 0, 0, 0, 0
5.241, 0, 0, 0, 0
5.252, 0, 0, 0, 0
5.263, 0, 0, 0, 0
5.275, 0, 0, 0, 0
5.286, 0, 0, 0, 0
5.298, 0, 0, 0, 0
5.309, 0, 0, 0, 0
5.321, 0, 0, 0, 0
5.333, 0, 0, 0, 0
5.345, 0, 0, 0, 0
5.357, 0, 0, 0, 0
5.368, 0, 0, 0, 0
5.38, 0, 0, 0, 0
5.392, 0, 0, 0, 0
5.403, 0, 0, 0, 0
5.415, 0, 0, 0, 0
5.427, 0, 0, 0, 0
5.438, 0, 0, 0, 0
5.45, 0, 0, 0, 0
5.462, 0, 0, 0, 0
5.474, 0, 0, 0, 0
5.486, 0, 0, 0, 0
5.497, 0, 0, 0, 0
5.509, 0, 0, 0, 0
5.52, 0, 0, 0, 0
5.531, 0, 0, 0, 0
5.542, 0, 0, 0, 0
5.553, 0, 0, 0, 0
5.564, 0, 0, 0, 0
5.575, 0, 0, 0, 0
5.587, 0, 0, 0, 0
5.598, 0, 0, 0, 0
5.61, 0, 0, 0, 0
5.621, 0, 0, 0, 0
5.632, 0, 0, 0, 0
5.644, 0, 0, 0, 0
5.655, 0, 0, 0, 0
5.666, 0, 0, 0, 0
5.678, 0, 0, 0, 0
5.689, 0, 0, 0, 0
5.7, 0, 0, 0, 0
5.711, 0, 0, 0, 0
5.723, 0, 0, 0, 0
5.734, 0, 0, 0, 0
5.746, 0, 0, 0, 0
5.757, 0, 0, 0, 0
5.769, 0, 0, 0, 0
5.78, 0, 0, 0, 0
5.792, 0, 0, 0, 0
5.802, 0, 0, 0, 0
5.814, 0, 0, 0, 0
5.826, 0, 0, 0, 0
5.837, 0, 0, 0, 0
5.849, 0, 0, 0, 0
5.86, 0, 0, 0, 0
5.871, 0, 0, 0, 0
5.882, 0, 0, 0, 0
5.894, 0, 0, 0, 0
5.905, 0, 0, 0, 0
5.917, 0, 0, 0, 0
5.929, 0, 0, 0, 0
5.94, 0, 0, 0, 0
5.952, 0, 0, 0, 0
5.963, 0, 0, 0, 0
5.975, 0, 0, 0, 0
5.986, 0, 0, 0, 0
5.998, 0, 0, 0, 0
6.009, 0, 0, 0, 0
6.022, 0, 0, 0, 0
6.034, 0, 0, 0, 0
6.045, 0, 0, 0, 0
6.055, 0, 0, 0, 0
6.066, 0, 0, 0, 0
6.077, 0, 0, 0, 0
6.089, 0, 0, 0, 0
6.101, 0, 0, 0, 0
6.112, 0, 0, 0, 0
6.124, 0, 0, 0, 0
6.136, 0, 0, 0, 0
6.147, 0, 0, 0, 0
6.159, 0, 0, 0, 0
6.17, 0, 0, 0, 0
6.182, 0, 0, 0, 0
6.193, 0, 0, 0, 0
6.204, 0, 0, 0, 0
6.218, 0, 0, 0, 0
6.229, 0, 0, 0, 0
6.241, 0, 0, 0, 0
6.253, 0, 0, 0, 0
6.264, 0, 0, 0, 0
6.276, 0, 0, 0, 0
6.288, 0, 0, 0, 0
6.299, 0, 0, 0, 0
6.312, 0, 0, 0, 0
6.322, 0, 0, 0, 0
6.334, 0, 0, 0, 0
6.345, 0, 0, 0, 0
6.356, 0, 0, 0, 0
6.367, 0, 0, 0, 0
6.379, 0, 0, 0, 0
6.39, 0, 0, 0, 0
6.401, 0, 0, 0, 0
6.412, 0, 0, 0, 0
6.424, 0, 0, 0, 0
6.436, 0, 0, 0, 0
6.446, 0, 0, 0, 0
6.457, 0, 0, 0, 0
6.468, 0, 0, 0, 0
6.479, 0, 0, 0, 0
6.49, 0, 0, 0, 0
6.502, 0, 0, 0, 0
6.513, 0, 0, 0, 0
6.524, 0, 0, 0, 0
6.535, 0, 0, 0, 0
6.545, 0, 0, 0, 0
6.557, 0, 0, 0, 0
6.569, 0, 0, 0, 0
6.581, 0, 0, 0, 0
6.592, 0, 0, 0, 0
6.603, 0, 0, 0, 0
6.615, 0, 0, 0, 0
6.627, 0, 0, 0, 0
6.638, 0, 0, 0, 0
6.65, 0, 0, 0, 0
6.661, 0, 0, 0, 0
6.672, 0, 0, 0, 0
6.687, 0, 0, 0, 0
6.698, 0, 0, 0, 0
6.709, 0, 0, 0, 0
6.719, 0, 0, 0, 0
6.73, 0, 0, 0, 0
6.741, 0, 0, 0, 0
6.753, 0, 0, 0, 0
6.764, 0, 0, 0, 0
6.775, 0, 0, 0, 0
6.787, 0, 0, 0, 0
6.798, 0, 0, 0, 0
6.809, 0, 0, 0, 0
6.821, 0, 0, 0, 0
6.833, 0, 0, 0, 0
6.844, 0, 0, 0, 0
6.856, 0, 0, 0, 0
6.867, 0, 0, 0, 0
6.88, 0, 0, 0, 0
6.891, 0, 0, 0, 0
6.903, 0, 0, 0, 0
6.915, 0, 0, 0, 0
6.927, 0, 0, 0, 0
6.938, 0, 0, 0, 0
6.949, 0, 0, 0, 0
6.961, 0, 0, 0, 0
6.972, 0, 0, 0, 0
6.983, 0, 0, 0, 0
6.994, 0, 0, 0, 0
7.005, 0, 0, 0, 0
7.016, 0, 0, 0, 0
7.028, 0, 0, 0, 0
7.039, 0, 0, 0, 0
7.05, 0, 0, 0, 0
7.062, 0, 0, 0, 0
7.073, 0, 0, 0, 0
7.085, 0, 0, 0, 0
7.097, 0, 0, 0, 0
7.109, 0, 0, 0, 0
7.121, 0, 0, 0, 0
7.133, 0, 0, 0, 0
7.143, 0, 0, 0, 0
7.155, 0, 0, 0, 0
7.167, 0, 0, 0, 0
7.179, 0, 0, 0, 0
7.19, 0, 0, 0, 0
7.201, 0, 0, 0, 0
7.212, 0.125, -5, 0, 0
7.223, 0.12329, -5, -0.0683891, 0
7.234, 0.12329, -5, -0.136778, -0.445729
7.244, 0.121581, -5, -0.136778, 0
7.255, 0.119871, -5, -0.205167, 0
7.266, 0.118161, -5, -0.273556, 0
7.277, 0.116451, -5, -0.341945, 0
7.289, 0.116451, -5, -0.341945, 0
7.3, 0.114742, -5, -0.410334, 0
7.311, 0.113032, -5, -0.478723, 0
7.322, 0.113032, -5, -0.478723, -4.54255
7.332, 0.111322, -5, -0.547112, 0
7.342, 0.109612, -5, -0.615502, 0
7.352, 0.107903, -5, -0.683891, 0
7.363, 0.107903, -5, -0.683891, 0
7.373, 0.106193, -5, -0.75228, 0
7.383, 0.104483, -5, -0.820669, 0
7.394, 0.102774, -5, -0.889058, 0
7.404, 0.102774, -5, -0.889058, 0
7.415, 0.101064, -5, -0.957447, 0
7.425, 0.101064, -5, -0.957447, 0
7.435, 0.0993541, -5, -1.02584, 0
7.446, 0.0993541, -5, -1.02584, 0
7.456, 0.0993541, -5, -1.09422, 0
7.466, 0.0976444, -5, -1.09422, -6.02707e+12
7.476, 0.0959347, -5, -1.231, 0
7.487, 0.0925152, -5, -1.29939, 0
7.497, 0.0925152, -5, -1.36778, 0
7.507, 0.0908055, -5, -1.43617, 0
7.517, 0.0890957, -5, -1.43617, 0
7.528, 0.0890957, -5, -1.50456, -5.32895
7.538, 0.087386, -5, -1.50456, 0
7.548, 0.087386, -5, -1.50456, 0
7.558, 0.0856763, -5, -1.57295, 0
7.569, 0.0856763, -5, -1.57295, 0
7.579, 0.0839666, -5, -1.64134, 0
7.589, 0.0839666, -5, -1.64134, 0
7.599, 0.0822568, -5, -1.70973, 0
7.61, 0.0822568, -5, -1.77812, 0
7.62, 0.0805471, -5, -1.77812, 0
7.63, 0.0805471, -5, -1.77812, 0
7.64, 0.0805471, -5, -1.77812, 0
7.651, 0.0805471, -5, -1.8465, 0
7.661, 0.0788374, -5, -1.8465, 0
7.671, 0.0788374, -5, -1.8465, 0
7.681, 0.0771277, -5, -1.91489, 0
7.692, 0.0771277, -5, -1.98328, 0
7.702, 0.0754179, -5, -1.98328, 0
7.712, 0.0754179, -5, -1.98328, 0
7.722, 0.0754179, -5, -1.98328, 0
7.734, 0.0754179, -5, -1.98328, 0
7.744, 0.0754179, -5, -1.98328, 0
7.754, 0.0754179, -5, -1.98328, 0
7.764, 0.0737082, -5, -2.05167, 0
7.774, 0.0737082, -5, -2.05167, 0
7.785, 0.0737082, -5, -2.05167, 0
7.795, 0.0737082, -5, -2.05167, 0
7.806, 0.0737082, -5, -2.05167, 0
7.816, 0.0719985, -5, -2.05167, -2072.4
7.826, 0.0719985, -5, -2.12006, 0
7.836, 0.0719985, -5, -2.12006, 0
7.847, 0.0719985, -5, -2.12006, 0
7.857, 0.0719985, -5, -2.12006, 0
7.867, 0.0719985, -5, -2.12006, 0
7.878, 0.0719985, -5, -2.12006, 0
7.889, 0.0719985, -5, -2.12006, 0
7.899, 0.0719985, -5, -2.12006, 0
7.909, 0.0719985, -5, -2.12006, 0
7.919, 0.0719985, -5, -2.12006, 0
7.93, 0.0719985, -5, -2.12006, 0
7.94, 0.0719985, -5, -2.12006, 0
7.951, 0.0719985, -5, -2.12006, 0
7.961, 0.0719985, -5, -2.12006, 0
7.972, 0.0719985, -5, -2.12006, 0
7.982, 0.0719985, -5, -2.12006, 0
7.993, 0.0719985, -5, -2.12006, 0
8.003, 0.0719985, -5, -2.12006, 0
8.013, 0.0719985, -5, -2.12006, 0
8.024, 0.0719985, -5, -2.12006, 0
8.034, 0.0719985, -5, -2.12006, 0
8.045, 0.0719985, -5, -2.12006, 0
8.055, 0.0719985, -5, -2.12006, 0
8.065, 0.0719985, -5, -2.12006, 0
8.076, 0.0719985, -5, -2.12006, 0
8.086, 0.0719985, -5, -2.12006, 0
8.097, 0.236132, -5, 4.44529, 0
8.107, 0.234422, -5, 4.3769, 0
8.117, 0.231003, -5, 4.24012, 0
8.127, 0.231003, -5, 4.10334, 0
8.138, 0.227584, -5, 4.03495, 0
8.148, 0.224164, -5, 3.89818, 0
8.159, 0.219035, -5, 3.7614, 0
8.169, 0.217325, -5, 3.62462, 0
8.179, 0.213906, -5, 3.48784, 0
8.19, 0.210486, -5, 3.35106, 0
8.2, 0.208777, -5, 3.28267, 0
8.21, 0.203647, -5, 3.07751, 0
8.221, 0.200228, -5, 2.94073, 0
8.232, 0.196809, -5, 2.87234, 0
8.242, 0.193389, -5, 2.73556, 0
8.252, 0.18997, -5, 2.59878, 0
8.263, 0.18997, -5, 495, -1.24034e+13
8.273, 0.18826, -5, 2.5304, -1668.03
8.283, 0.183131, -5, 2.32523, 0
8.293, 0.183131, -5, 2.32523, 0
8.304, 0.181421, -5, 2.25684, 0
8.314, 0.181421, -5, 2.25684, -743.359
8.324, 0.179711, -5, 2.18845, 0
8.335, 0.179711, -5, 2.18845, 0
8.345, 0.178002, -5, 2.12006, 0
8.356, 0.178002, -5, 2.12006, 0
8.366, 0.178002, -5, 2.05167, 0
8.377, 0.176292, -5, 2.05167, 0
8.387, 0.176292, -5, 2.05167, 0
8.397, 0.176292, -5, 2.05167, -522.054
8.408, 0.172872, -5, 1.91489, 0
8.418, 0.171163, -5, 1.8465, 0
8.429, 0.171163, -5, 1.8465, 0
8.44, 0.169453, -5, 1.77812, 0
8.45, 0.169453, -5, 1.77812, 0
8.46, 0.169453, -5, 1.77812, 0
8.47, 0.167743, -5, 1.70973, 0
8.48, 0.167743, -5, 1.70973, 0
8.491, 0.167743, -5, 1.70973, 0
8.501, 0.167743, -5, 1.70973, 0
8.512, 0.166033, -5, 1.64134, 0
8.523, 0.166033, -5, 1.64134, 0
8.533, 0.164324, -5, 1.57295, 0
8.543, 0.162614, -5, 1.50456, 0
8.553, 0.162614, -5, 1.50456, 0
8.564, 0.160904, -5, 1.43617, 0
8.574, 0.160904, -5, 1.43617, 0
8.584, 0.159195, -5, 1.36778, 0
8.595, 0.157485, -5, 1.29939, 0
8.605, 0.157485, -5, 1.29939, 0
8.615, 0.157485, -5, 1.29939, 0
8.625, 0.155775, -5, 1.231, 0
8.636, 0.155775, -5, 1.231, 0
8.646, 0.154065, -5, 1.16261, 0
8.656, 0.154065, -5, 1.16261, 0
8.666, 0.154065, -5, 1.09422, 0
8.677, 0.150646, -5, 1.02584, 0
8.687, 0.148936, -5, 0.957447, 0
8.698, 0.148936, -5, 0.957447, 0
8.708, 0.148936, -5, 0.957447, 0
8.719, 0.148936, -5, 0.957447, 0
8.729, 0.147226, -5, 0.889058, 0
8.739, 0.147226, -5, 0.889058, 0
8.75, 0.147226, -5, 0.889058, 0
8.76, 0.145517, -5, 0.820669, 0
8.77, 0.143807, -5, 0.75228, 0
8.78, 1, -5, 0.75228, 0
8.791, 0.143807, -5, 0.75228, 1953.97
8.801, 0.145517, -5, 0.820669, 0
8.811, 0.145517, -5, 0.75228, 0
8.822, 0.143807, -5, 0.683891, 0
8.832, 0.142097, -5, 0.683891, 0
8.842, 0.140388, -5, 0.615502, 0
8.853, 0.140388, -5, 0.615502, 0
8.863, 0.140388, -5, 0.615502, 0
8.874, 0.138678, -5, 0.547112, 0
8.884, 0.138678, -5, 0.615502, 0
8.895, 0.140388, -5, 0.615502, 0
8.905, 1, -5, 0.547112, 0
8.916, 0.138678, -5, 0.547112, 0
8.927, 0.140388, -5, 0.615502, 0
8.937, 0.140388, -5, 0.615502, -1486.72
8.947, 0.138678, -5, 0.547112, 0
8.957, 0.136968, -5, 0.478723, 0
8.968, 0.136968, -5, 0.478723, 0
8.978, 0.136968, -5, 0.478723, 0
8.988, 0.136968, -5, 0.478723, -697.848
8.999, 0.135258, -5, 0.410334, 0
9.009, 0.133549, -5, 0.341945, 0
9.02, 0.133549, -5, 0.341945, 0
9.03, 0.133549, -5, 0.341945, 0
9.041, 0.133549, -5, 0.341945, 0
9.052, 0.131839, -5, 0.273556, 0
9.062, 0.130129, -5, 0.205167, -7598.78
9.072, 0.0340046, -5, -6.36018, 0
9.082, 0.0340046, -5, -6.36018, 0
9.092, 0.0340046, -5, -6.36018, 0
9.103, 0.0340046, -5, -6.36018, 0
9.113, 0.0340046, -5, -6.36018, 0
9.123, 0.0340046, -5, -6.36018, 0
9.133, 0.0340046, -5, -6.36018, 0
9.144, 0.0340046, -5, -6.36018, 0
9.154, 0.0340046, -5, -6.36018, 0
9.164, 0.0340046, -5, -6.36018, 0
9.175, 0.0340046, -5, -6.36018, 0
9.185, 0.0340046, -5, -6.36018, 0
9.196, 0.0340046, -5, -6.36018, 0
9.206, 0.0340046, -5, -6.36018, 0
9.217, 0.0340046, -5, -6.36018, 0
9.227, 0.0340046, -5, -6.36018, 0
9.237, 0.0340046, -5, -6.36018, 0
9.247, 0.0340046, -5, -6.36018, 0
9.258, 0.0340046, -5, -6.36018, 0
9.268, 0.0340046, -5, -6.36018, 0
9.278, 0.0340046, -5, -6.36018, 0
9.289, 0.0340046, -5, -6.36018, 0
9.299, 0.0340046, -5, -6.36018, 0
9.309, 0.0340046, -5, -6.36018, 0
9.32, 0.0340046, -5, -6.36018, 0
9.33, 0.0340046, -5, -6.36018, 0
9.341, 0.0340046, -5, -6.36018, 0
9.351, 0.0340046, -5, -6.36018, 0
9.361, 0.0340046, -5, -6.36018, 0
9.371, 0.0340046, -5, -6.36018, 0
9.382, 0.0340046, -5, -6.36018, 0
9.392, 0.0340046, -5, -6.36018, 0
9.402, 0.0340046, -5, -6.36018, 0
9.412, 0.0340046, -5, -6.36018, 0
9.422, 0.0357143, -5, -6.42857, 0
9.433, 0.0357143, -5, -6.42857, 0
9.443, 0.0357143, -5, -6.42857, 0
9.453, 0.0357143, -5, -6.42857, 0
9.463, 0.0357143, -5, -6.42857, 0
9.474, 0.0357143, -5, -6.42857, 0
9.484, 0.0357143, -5, -6.42857, 0
9.494, 0.0357143, -5, -6.42857, 0
9.505, 0.0357143, -5, -6.42857, 0
9.515, 0.0357143, -5, -6.42857, 0
9.525, 0.0357143, -5, -6.42857, 0
9.536, 0.0357143, -5, -6.42857, 0
9.546, 0.0357143, -5, -6.42857, 0
9.557, 0.0357143, -5, -6.42857, 0
9.567, 0.0357143, -5, 0.136778, 0
9.578, 0.128419, -5, 0.136778, 0
9.588, 0.128419, -5, 0.136778, -663.971
9.599, 0.12671, -5, 0.0683891, 0
9.609, 0.125, -5, 0, 0
9.619, 0.294263, -5, 6.77052, 0
9.629, 1, -5, 6.63374, 0
9.64, 1, -5, 6.42857, 0
9.65, 0.287424, -5, 6.49696, 0
9.661, 1, -5, 6.63374, 0
9.671, 1, -5, 6.49696, 0
9.681, 0.278875, -5, 6.15502, 0
9.692, 1, -5, 6.2234, 2137.16
9.702, 0.284005, -5, 6.36018, 0
9.712, 0.278875, -5, 6.15502, 0
9.723, 0.272036, -5, 5.88146, 0
9.733, 0.270327, -5, 5.81307, 0
9.743, 0.266907, -5, 5.67629, 0
9.754, 0.265198, -5, 5.6079, 0
9.764, 1, -5, 5.40274, 0
9.774, 0.258359, -5, 5.26596, 0
9.784, 0.256649, -5, 5.26596, 0
9.795, 0.253229, -5, 5.12918, 0
9.805, 0.25152, -5, 4.9924, 0
9.815, 0.246391, -5, 4.85562, 0
9.825, 0.242971, -5, 4.71884, 0
9.836, 0.239552, -5, 4.58207, 0
9.846, 0.237842, -5, 4.51368, 0
9.856, 0.237842, -5, 4.44529, 0
9.866, 0.234422, -5, 4.30851, 0
9.877, 1, -5, 4.17173, 0
9.887, 0.227584, -5, 4.10334, 0
9.897, 0.229293, -5, 4.17173, 0
9.907, 0.229293, -5, 4.17173, 0
9.918, 0.225874, -5, 4.03495, 0
9.928, 0.222454, -5, 3.89818, 0
9.938, 0.219035, -5, 3.7614, 0
9.948, 0.215616, -5, 3.62462, 0
9.959, 0.212196, -5, 3.48784, 0
9.969, 0.210486, -5, 3.35106, 0
9.979, 0.205357, -5, 3.21429, 0
9.99, 0.203647, -5, 3.07751, 0
10, 0.198518, -5, 2.94073, 0
10.011, 0.196809, -5, 2.87234, -1799.71
10.021, 0.193389, -5, 2.73556, -2011.44
10.031, 0.191679, -5, 2.66717, 0
10.042, 0.191679, -5, 2.59878, 0
10.052, 0.18997, -5, 2.59878, 0
10.062, 0.18826, -5, 2.5304, -1848.35
10.073, 0.18484, -5, 2.39362, 0
10.083, 0.181421, -5, 2.25684, 0
10.093, 0.181421, -5, 2.25684, 0
10.103, 0.179711, -5, 2.18845, 0
10.114, 0.178002, -5, 2.12006, -1709.73
10.124, 0.176292, -5, 2.05167, 0
10.134, 0.172872, -5, 1.91489, 0
10.144, 0.169453, -5, 1.77812, 0
10.155, 0.169453, -5, 1.77812, 0
10.165, 0.169453, -5, 1.77812, 0
10.175, 0.169453, -5, 1.77812, -1899.7
10.186, 0.166033, -5, 1.64134, 0
10.196, 0.164324, -5, 1.50456, 0
10.206, 0.160904, -5, 1.43617, 0
10.216, 0.159195, -5, 1.36778, 0
10.227, 0.155775, -5, 1.231, 0
10.237, 0.154065, -5, 1.16261, 0
10.247, 0.150646, -5, 1.02584, 0
10.257, 0.148936, -5, 0.957447, 0
10.268, 0.147226, -5, 0.889058, 0
10.278, 0.145517, -5, 0, -51291.8
10.288, 0.143807, -5, 0.75228, 0
10.299, 0.142097, -5, 0.683891, 0
10.309, 0.140388, -5, 0.615502, 0
10.319, 0.136968, -5, 0.478723, 0
10.33, 0.135258, -5, 0.410334, 0
10.34, 0.135258, -5, 0.410334, 0
10.35, 0.131839, -5, 0.273556, 0
10.361, 0.130129, -5, 0.205167, 0
10.371, 0.128419, -5, 0.136778, 0
10.381, 0.12671, -5, 0.0683891, 0
10.391, 0.125, -5, 0, 0
10.402, 0.294263, -5, 6.77052, 0
10.412, 0.292553, -5, 6.70213, 0
10.423, 0.290843, -5, 6.63374, 0
10.433, 0.285714, -5, 6.42857, 0
10.444, 0.282295, -5, 6.29179, 0
10.454, 0.275456, -5, 6.01824, 0
10.464, 0.270327, -5, 5.81307, -663.971
10.475, 0.265198, -5, 5.6079, 0
10.485, 0.260068, -5, 5.40274, 0
10.495, 0.256649, -5, 5.26596, -697.848
10.506, 0.25152, -5, 5.06079, 0
10.516, 0.2481, -5, 4.85562, 0
10.526, 0.242971, -5, 4.71884, 0
10.536, 0.239552, -5, 4.58207, 0
10.547, 0.236132, -5, 4.3769, 625271
10.557, 1, -5, 4.24012, 0
10.567, 1, -5, 4.10334, 0
10.577, 1, -5, 4.17173, 0
10.588, 1, -5, 4.30851, 0
10.598, 1, -5, 4.17173, 0
10.608, 0.224164, -5, 3.96657, 0
10.618, 0.224164, -5, 0, 0
10.629, 0.276786, -5, -16.0714, 0
10.639, 0.276786, -5, -16.0714, 0
10.649, 0.278495, -5, -16.1398, 2072.4
10.659, 0.276786, -5, -16.0714, 1953.97
10.67, 0.271657, -5, -15.7979, 2011.44
10.68, 0.268237, -5, -15.7295, 1848.35
10.69, 0.266527, -5, -15.6611, 2279.64
10.7, 0.263108, -5, -15.5243, 1953.97
10.71, 0.259688, -5, -15.3875, 0
10.721, 0.257979, -5, -15.3191, 0
10.731, 1, -5, -15.0456, 0
10.742, 1, -5, -14.9088, 0
10.752, 1, -5, -14.8404, 0
10.762, 0.246011, -5, -14.9088, 0
10.773, 0.24772, -5, -14.9088, 0
10.783, 0.24772, -5, -14.9088, 2.80335
10.793, 0.24772, -5, -14.9088, 0
10.803, 1, -5, -14.772, 0
10.814, 1, -5, -14.6353, 0
10.824, 0.240881, -5, -14.6353, 0
10.834, 0.240881, -5, -14.6353, 0
10.844, 0.240881, -5, -14.6353, 0
10.855, 0.239172, -5, -14.5669, 0
10.865, 0.237462, -5, -14.4985, 0
10.875, 1, -5, 2.01725e+07, 0
10.886, 0.266907, -5, 5.67629, 0
10.896, 0.270327, -5, 5.81307, 0
10.907, 0.270327, -5, 5.81307, 0
10.917, 0.268617, -5, 5.67629, 0
10.927, 0.265198, -5, 5.53951, 0
10.937, 0.261778, -5, 5.40274, 0
10.948, 0.258359, -5, 5.33435, 0
10.958, 0.254939, -5, 5.12918, 0
10.968, 0.25152, -5, 4.9924, 0
10.978, 0.246391, -5, 4.78723, 0
10.989, 0.241261, -5, 4.58207, 0
10.999, 0.237842, -5, 4.51368, 0
11.01, 0.232713, -5, 4.30851, 0
11.02, 1, -5, 4.17173, 0
11.03, 0.225874, -5, 4.03495, 0
11.04, 0.224164, -5, 3.96657, 0
11.051, 0.224164, -5, 3.96657, 0
11.061, 0.222454, -5, 3.96657, 0
11.072, 0.219035, -5, 3.7614, 0
11.082, 0.217325, -5, 3.69301, 0
11.092, 0.217325, -5, 3.69301, 0
11.102, 0.215616, -5, 3.62462, 0
11.113, 0.213906, -5, 3.55623, 0
11.124, 0.210486, -5, 3.41945, 0
11.134, 0.207067, -5, 3.28267, 0
11.145, 0.205357, -5, 3.21429, 0
11.156, 0.205357, -5, 3.21429, -712.386
11.166, 0.203647, -5, 3.1459, 0
11.176, 0.200228, -5, 3.00912, 0
11.186, 0.196809, -5, 4584.94, 0
11.197, 0.31098, -5, -17.5076, 0
11.208, 0.3144, -5, -17.576, 0
11.218, 0.3144, -5, -17.576, 0
11.229, 0.31098, -5, -17.576, 0
11.239, 0.307561, -5, -17.234, 0
11.249, 0.302432, -5, -17.0973, 0
11.259, 0.299012, -5, -16.9605, 0
11.27, 0.293883, -5, -16.9605, 2.60475e+12
11.28, 1, -5, 0, -56990.9
11.29, 0.215616, -5, 3.69301, 0
11.301, 0.217325, -5, 3.69301, 0
11.311, 1, -5, 3.62462, 0
11.321, 0.212196, -5, 3.48784, -2011.44
11.332, 0.208777, -5, 3.35106, 0
11.342, 0.203647, -5, 3.1459, -1848.35
11.352, 0.198518, -5, 2.87234, 0
11.362, 0.193389, -5, 2.87234, 0
11.373, 0.18997, -5, 2.59878, 0
11.383, 0.18655, -5, 2.46201, 0
11.393, 0.18484, -5, 2.39362, 0
11.403, 0.18484, -5, 2.39362, 0
11.414, 0.183131, -5, 2.32523, 0
11.424, 0.181421, -5, 2.25684, 0
11.434, 0.179711, -5, 2.18845, 0
11.444, 0.176292, -5, 2.05167, 0
11.455, 0.174582, -5, 1.98328, 0
11.465, 0.171163, -5, 1.8465, 0
11.475, 0.169453, -5, 1.77812, 0
11.486, 0.167743, -5, 1.70973, 0
11.496, 0.164324, -5, 1.57295, 0
11.507, 0.162614, -5, 1.50456, 0
11.517, 0.160904, -5, 1.43617, 0
11.528, 0.159195, -5, 1.36778, 0
11.539, 0.155775, -5, 1.231, 0
11.549, 0.154065, -5, 1.16261, 0
11.559, 0.150646, -5, 1.02584, 0
11.569, 0.148936, -5, 0.957447, 0
11.58, 0.148936, -5, 0.957447, 0
11.591, 0.145517, -5, 0.820669, 0
11.602, 0.143807, -5, 0.75228, 0
11.612, 1, -5, 0.683891, -1.17134e+10
11.622, 0.363982, -5, -19.5593, 0
11.632, 0.365691, -5, -19.6277, 0
11.643, 1, -5, -19.4909, 0
11.653, 1, -5, -19.2173, 0
11.663, 1, -5, -18.9438, 0
11.673, 1, -5, -19.0122, 0
11.684, 1, -5, -19.4909, 0
11.694, 1, -5, -20.038, 0
11.704, 1, -5, -20.3116, 0
11.715, 1, -5, -20.1064, 0
11.725, 1, -5, -19.5593, 0
11.735, 1, -5, -19.0805, 0
11.746, 1, -5, -19.0805, 0
11.756, 1, -5, -19.4909, 0
11.766, 1, -5, -20.1064, 0
11.777, 1, -5, -20.2432, 0
11.787, 1, -5, -19.9012, 0
11.797, 1, -5, -19.2857, 0
11.808, 1, -5, -18.8754, 0
11.818, 1, -5, -19.0122, 0
11.829, 1, -5, -19.4909, -1753.57
11.839, 0.37253, -5, -19.9012, 0
11.85, 1, -5, -19.8328, 0
11.86, 1, -5, -19.4909, 0
11.87, 1, -5, -19.0122, 0
11.881, 0.348594, -5, -18.9438, 0
11.891, 1, -5, -19.3541, 0
11.901, 1, -5, -19.8328, 0
11.911, 0.37253, -5, -19.9012, 0
11.922, 1, -5, -19.696, 0
11.932, 1, -5, -19.0122, 3.82041e+11
11.942, 0.345175, -5, -18.807, 1899.7
11.952, 0.343465, -5, -18.7386, -639.15
11.964, 0.346884, -5, -19.0122, 0
11.974, 0.352014, -5, -19.0805, 0
11.985, 0.350304, -5, -19.0122, 0
11.995, 0.346884, -5, -18.8754, 2011.44
12.005, 0.343465, -5, -18.7386, 1953.97
12.015, 0.338336, -5, -18.5334, 1953.97
12.026, 0.333207, -5, -18.2599, 2532.93
12.036, 0.328078, -5, -18.1915, -17097.3
12.046, 0.321239, -5, -17.8495, 0
12.056, 0.316109, -5, -17.6444, 0
12.067, 0.316109, -5, -17.6444, 0
12.077, 0.316109, -5, -17.6444, 0
12.087, 0.31269, -5, -17.5076, 0
12.097, 0.309271, -5, -17.3708, 0
12.108, 0.304141, -5, -17.1657, 0
12.118, 0.299012, -5, -17.1657, 0
12.128, 0.295593, -5, -16.7553, 0
12.139, 0.290464, -5, -16.5502, 0
12.149, 0.285334, -5, -16.345, 0
12.159, 0.281915, -5, -16.2082, 0
12.169, 0.276786, -5, -16.0714, 0
12.18, 0.273366, -5, -15.8663, 0
12.191, 0.268237, -5, -15.7295, 0
12.201, 0.264818, -5, -15.4559, 0
12.211, 0.259688, -5, -15.3191, 0
12.221, 0.254559, -5, -15.1824, 0
12.232, 0.25285, -5, -15.1824, 0
12.242, 0.24772, -5, -14.9088, 0
12.252, 0.244301, -5, -14.772, 0
12.262, 0.240881, -5, -14.6353, 0
12.273, 0.239172, -5, -14.5669, 0
12.283, 0.237462, -5, -14.4301, 0
12.293, 0.234043, -5, -14.2933, 0
12.303, 0.230623, -5, -14.2249, 0
12.314, 1, -5, -14.0881, 0
12.324, 0.225494, -5, -14.0198, 0
12.334, 0.223784, -5, -13.9514, 0
12.344, 0.222074, -5, -13.883, 0
12.355, 0.222074, -5, -13.883, 0
12.365, 0.220365, -5, -13.8146, 0
12.376, 0.218655, -5, -13.7462, 0
12.386, 0.216945, -5, -13.6778, 0
12.396, 0.213526, -5, -13.541, 0
12.406, 0.213526, -5, -13.541, 0
12.417, 0.211816, -5, -13.4726, 0
12.427, 0.210106, -5, -13.4043, 0
12.437, 0.208397, -5, -13.3359, 6.64242
12.448, 0.206687, -5, -13.2675, 0
12.458, 0.204977, -5, -13.1991, 0
12.468, 0.203267, -5, -13.1307, 0
12.479, 0.203267, -5, -13.1307, 0
12.489, 0.201558, -5, -13.0623, 0
12.499, 0.199848, -5, -12.9939, 0
12.51, 0.199848, -5, -12.9939, 0
12.52, 0.198138, -5, -12.9255, 0
12.53, 0.198138, -5, -12.9255, 0
12.54, 0.198138, -5, -12.9255, 0
12.551, 0.198138, -5, -12.9255, 0
12.561, 0.196429, -5, -12.8571, 0
12.571, 0.194719, -5, -12.7888, 0
12.582, 0.193009, -5, -12.7204, 0
12.592, 0.193009, -5, -12.7204, 0
12.602, 0.191299, -5, -12.652, 0
12.612, 0.191299, -5, -12.652, 0
12.623, 0.18959, -5, -12.5836, 0
12.633, 0.18959, -5, -12.5836, 0
12.643, 0.18788, -5, -12.5152, 0
12.653, 0.18788, -5, -12.5152, 0
12.664, 0.18617, -5, 2.01725e+07, -6.50727e+11
12.674, 0.18617, -5, -12.4468, 0
12.684, 0.18617, -5, 4589.86, -1.12251e+08
12.696, 0.18617, -5, -12.4468, 0
12.707, 0.18446, -5, -12.3784, 0
12.717, 0.18446, -5, -12.3784, 0
12.727, 0.182751, -5, -12.31, 0
12.739, 0.182751, -5, -12.31, 0
12.749, 0.182751, -5, -12.31, 0
12.759, 0.182751, -5, -12.31, 0
12.769, 0.182751, -5, -12.31, 0
12.78, 0.182751, -5, -12.31, 0
12.79, 0.182751, -5, -12.31, 0
12.801, 0.182751, -5, -12.31, 0
12.811, 0.182751, -5, -12.31, 0
12.821, 0.182751, -5, -12.31, 0
12.832, 0.182751, -5, -12.31, 0
12.842, 0.182751, -5, -12.31, 0
12.853, 0.182751, -5, -12.31, 0
12.863, 0.182751, -5, -12.31, 0
12.873, 0.182751, -5, -12.31, 0
12.884, 0.182751, -5, -12.31, 0
12.894, 0.182751, -5, -12.31, 0
12.904, 0.182751, -5, -12.31, 0
12.914, 0.182751, -5, -12.31, 0
12.925, 0.182751, -5, -12.31, 0
12.935, 0.182751, -5, -12.31, 0
12.945, 0.182751, -5, -12.31, 0
12.955, 0.182751, -5, -12.31, 0
12.966, 0.182751, -5, -12.31, 0
12.976, 0.182751, -5, -12.31, 2.26464e+10
12.986, 0.182751, -5, -12.31, 0
12.996, 0.182751, -5, -12.31, 0
13.006, 0.182751, -5, -12.31, 0
13.017, 0.182751, -5, -12.31, 0
13.028, 0.182751, -5, -12.31, 0
13.038, 0.182751, -5, -12.31, 352744
13.048, 0.152356, -5, 1.09422, 0
13.058, 0.152356, -5, 1.09422, 0
13.069, 0.152356, -5, 1.09422, 0
13.079, 0.152356, -5, 1.09422, 0
13.089, 0.150646, -5, 1.02584, 0
13.1, 0.148936, -5, 0.957447, 0
13.11, 0.147226, -5, 0.889058, 0
13.12, 0.145517, -5, 0.820669, 0
13.13, 0.147226, -5, 0.889058, 0
13.141, 0.148936, -5, 0.957447, 0
13.151, 0.148936, -5, 0.957447, 0
13.161, 0.147226, -5, 0.889058, -2206.1
13.171, 0.140388, -5, 0.615502, -1709.73
13.182, 0.135258, -5, 0.410334, 0
13.192, 0.133549, -5, 0.341945, 0
13.202, 0.135258, -5, 0.410334, 3907.95
13.212, 0.145517, -5, 0.820669, 2072.4
13.223, 0.148936, -5, 0.957447, 0
13.233, 0.147226, -5, 0.889058, 0
13.243, 0.142097, -5, 0.683891, -1899.7
13.253, 0.135258, -5, 0.410334, -1753.57
13.264, 0.128419, -5, 0.341945, -348960
13.274, 0.206687, -5, -13.2675, 0
13.284, 0.203267, -5, -13.1307, 0
13.294, 0.194719, -5, -12.7888, 0
13.305, 0.18959, -5, -12.5836, 0
13.315, 0.18617, -5, -12.4468, 0
13.325, 0.18788, -5, -12.5152, 0
13.335, 0.18959, -5, -12.5836, 0
13.346, 0.18959, -5, -12.5836, 0
13.356, 0.18788, -5, -12.5152, 0
13.366, 0.18617, -5, -12.4468, 0
13.376, 0.18617, -5, -12.4468, 0
13.386, 0.18617, -5, -12.4468, 0
13.397, 0.18617, -5, -12.4468, 0
13.407, 0.18617, -5, -12.4468, 0
13.417, 0.18617, -5, -12.4468, 0
13.427, 0.18617, -5, -12.4468, 0
13.438, 0.18617, -5, -12.4468, 0
13.448, 0.18617, -5, -12.4468, 0
13.458, 0.18617, -5, -12.4468, 0
13.468, 0.18617, -5, -12.4468, 0
13.479, 0.18617, -5, -12.4468, 0
13.489, 0.18617, -5, -12.4468, 0
13.499, 0.18617, -5, -12.4468, 0
13.51, 0.18617, -5, -12.4468, 0
13.52, 0.18617, -5, -12.4468, 0
13.531, 0.18617, -5, -12.4468, 0
13.541, 0.18617, -5, -12.4468, 0
13.552, 0.148936, -5, 0.957447, 0
13.562, 0.148936, -5, 0.957447, 0
13.572, 0.148936, -5, 0.957447, 0
13.582, 0.148936, -5, 0.957447, 0
13.593, 0.147226, -5, 0.889058, 0
13.603, 0.145517, -5, 0.820669, 0
13.613, 0.143807, -5, 0.683891, 0
13.623, 0.142097, -5, 0.615502, 0
13.634, 0.138678, -5, 0.547112, 0
13.644, 0.136968, -5, 0.478723, 0
13.654, 0.135258, -5, 0.410334, 0
13.664, 0.133549, -5, 0.341945, 0
13.675, 0.130129, -5, 0.205167, 0
13.685, 0.128419, -5, 0.136778, 0
13.695, 0.12671, -5, 0.0683891, 0
13.706, 0.125, -5, 6.77052, 0
13.716, 0.292553, -5, 6.70213, 0
13.727, 0.292553, -5, 6.70213, 0
13.737, 0.290843, -5, 6.63374, 0
13.747, 0.289134, -5, 6.49696, 0
13.758, 0.285714, -5, 6.36018, 0
13.768, 0.280585, -5, 6.2234, 0
13.778, 0.277166, -5, 6.08663, 0
13.789, 0.272036, -5, 5.88146, 0
13.799, 0.266907, -5, 5.67629, 0
13.809, 0.263488, -5, 5.53951, 0
13.819, 0.258359, -5, 5.33435, 0
13.83, 0.258359, -5, 5.33435, 0
13.84, 0.254939, -5, 5.19757, 0
13.85, 0.25152, -5, 5.06079, 0
13.861, 0.246391, -5, 4.85562, 0
13.871, 0.242971, -5, 4.71884, 0
13.881, 0.239552, -5, 4.51368, 0
13.891, 0.236132, -5, 4.44529, 0
13.902, 0.231003, -5, 4.24012, 0
13.912, 0.227584, -5, 4.10334, 0
13.923, 0.224164, -5, 3.96657, 0
13.933, 0.219035, -5, 3.7614, 0
13.943, 0.217325, -5, 3.69301, 0
13.953, 0.212196, -5, 3.48784, 0
13.964, 0.210486, -5, 3.41945, 0
13.974, 0.208777, -5, 3.35106, 0
13.984, 0.207067, -5, 3.28267, 0
13.995, 1, -5, 3.1459, 0
14.005, 0.201938, -5, 3.07751, nan
14.015, 1, -5, 2.94073, 0
14.025, 0.196809, -5, 2.87234, 0
14.036, 0.196809, -5, 2.87234, 0
14.046, 0.196809, -5, 2.87234, 0
14.056, 1, -5, 2.94073, 0
14.066, 0.201938, -5, 3.07751, 0
14.077, 0.203647, -5, 3.1459, 0
14.087, 1, -5, 3.00912, 0
14.097, 1, -5, 2.80395, 0
14.107, 1, -5, 2.5304, 0
14.118, 1, -5, 2.32523, 0
14.128, 1, -5, 2.32523, 0
14.138, 1, -5, 2.80395, 1799.71
14.148, 0.203647, -5, 3.1459, 1848.35
14.159, 1, -5, 3.48784, 0
14.169, 1, -5, 3.41945, 0
14.179, 1, -5, 3.07751, 0
14.19, 1, -5, 3.07751, -4884.93
14.2, 0.176292, -5, 1.98328, 0
14.21, 0.172872, -5, 1.98328, 0
14.221, 0.176292, -5, 2.12006, 0
14.231, 0.18826, -5, 2.5304, 0
14.241, 0.18997, -5, 2.59878, 0
14.251, 0.18997, -5, 2.59878, 0
14.262, 0.18826, -5, 2.5304, 0
14.272, 0.18655, -5, 2.46201, 0
14.282, 0.18484, -5, 2.32523, 0
14.292, 0.181421, -5, 2.25684, 0
14.303, 0.179711, -5, 2.12006, 0
14.313, 0.176292, -5, 2.05167, 0
14.323, 0.174582, -5, 1.91489, 0
14.333, 0.171163, -5, 1.8465, 0
14.343, 0.169453, -5, 1.77812, -9.54812
14.354, 0.167743, -5, 1.70973, 0
14.364, 0.164324, -5, 1.57295, 0
14.374, 0.164324, -5, 1.57295, 0
14.385, 0.164324, -5, 1.57295, 0
14.395, 0.162614, -5, 1.50456, 0
14.405, 1, -5, 1.43617, 0
14.415, 0.159195, -5, 1.36778, 0
14.426, 1, -5, 1.231, 0
14.436, 0.155775, -5, 1.16261, 0
14.446, 0.155775, -5, 1.231, 0
14.456, 0.155775, -5, 1.16261, 0
14.467, 0.155775, -5, 4583.3, 4.02289e+07
14.477, 0.155775, -5, 1.231, 0
14.487, 0.155775, -5, 1.231, 0
14.497, 0.154065, -5, 1.16261, 0
14.508, 0.152356, -5, 1.09422, 0
14.518, 0.148936, -5, 0.957447, 0
14.528, 0.147226, -5, 0.889058, 0
14.539, 0.145517, -5, 0.820669, 0
14.549, 0.143807, -5, 0.75228, 0
14.559, 0.142097, -5, 0.683891, 0
14.57, 0.142097, -5, 0.615502, 0
14.58, 0.140388, -5, 0.547112, 0
14.59, 0.136968, -5, 0.478723, 0
14.6, 0.135258, -5, 0.410334, 0
14.611, 0.135258, -5, 0.341945, 0
14.622, 0.133549, -5, 0.341945, 0
14.632, 0.131839, -5, 0.273556, 0
14.642, 0.130129, -5, 0.205167, 0
14.652, 0.128419, -5, 0.136778, 0
14.663, 0.128419, -5, 0, 0
14.673, 0.379369, -5, -20.1748, 0
14.683, 0.379369, -5, -20.1748, 0
14.694, 0.379369, -5, 0, -3.36246e+06
14.704, 0.379369, -5, -20.1748, 0
14.714, 0.37766, -5, -20.038, 0
14.724, 0.37253, -5, -19.9012, 0
14.735, 0.369111, -5, -19.696, 0
14.745, 0.363982, -5, -19.5593, 0
14.755, 0.360562, -5, -19.3541, 0
14.765, 0.357143, -5, -19.3541, 0
14.776, 0.353723, -5, -19.1489, 0
14.786, 0.348594, -5, -18.9438, 0
14.797, 0.343465, -5, -18.7386, 0
14.807, 0.338336, -5, -18.5334, 0
14.817, 0.333207, -5, -18.3283, 0
14.827, 0.328078, -5, -18.0547, 0
14.837, 0.322948, -5, -17.8495, 0
14.848, 0.317819, -5, -17.6444, 0
14.859, 0.3144, -5, -17.576, 0
14.869, 1, -5, -17.4392, 0
14.879, 0.305851, -5, -17.234, 0
14.889, 0.302432, -5, -17.0973, 0
14.9, 0.297302, -5, -16.8921, 0
14.91, 0.293883, -5, -16.7553, 0
14.92, 0.292173, -5, -16.6869, 0
14.93, 0.288754, -5, -16.5502, 2011.44
14.941, 0.283625, -5, -16.2766, 0
14.951, 0.278495, -5, -16.1398, 0
14.961, 0.275076, -5, -15.9347, 0
14.971, 0.269947, -5, -15.7979, 0
14.982, 0.266527, -5, -15.6611, 0
14.992, 0.263108, -5, -15.4559, 0
15.003, 0.259688, -5, -15.3875, 0
15.013, 0.254559, -5, -15.1824, 0
15.023, 0.24943, -5, -14.9772, 0
15.033, 0.24772, -5, -14.9088, 0
15.044, 0.242591, -5, -14.7036, 0
15.054, 0.240881, -5, -14.6353, 0
15.064, 0.237462, -5, -14.4985, 0
15.074, 0.234043, -5, -14.3617, 0
15.084, 0.232333, -5, -14.2933, 0
15.095, 0.232333, -5, -14.2933, 1953.97
15.105, 0.228913, -5, -14.1565, 0
15.115, 0.227204, -5, -14.0881, 0
15.126, 0.225494, -5, -14.0198, 0
15.136, 0.220365, -5, -13.8146, 0
15.146, 0.218655, -5, -13.7462, 0
15.156, 0.218655, -5, -13.7462, 0
15.167, 0.218655, -5, -13.7462, -2072.4
15.177, 0.220365, -5, -13.8146, 0
15.187, 0.218655, -5, -13.7462, 0
15.197, 0.216945, -5, -13.6778, 0
15.208, 0.215236, -5, -13.6094, 0
15.218, 0.215236, -5, -13.6094, 0
15.228, 0.215236, -5, -13.6094, 0
15.239, 0.213526, -5, -13.541, 0
15.249, 0.213526, -5, -13.541, 0
15.259, 0.211816, -5, 485.494, -1.78202e+07
15.269, 0.210106, -5, -13.4043, 0
15.279, 0.210106, -5, -13.4043, 0
15.29, 0.210106, -5, -13.4043, 0
15.3, 0.210106, -5, -13.4043, 0
15.311, 0.208397, -5, -13.3359, 0
15.321, 0.206687, -5, -13.2675, 0
15.331, 0.206687, -5, -13.2675, 0
15.342, 0.204977, -5, -13.1991, 0
15.352, 0.203267, -5, -13.1307, 0
15.362, 0.204977, -5, -13.1991, 0
15.373, 0.204977, -5, -13.1991, 0
15.383, 0.204977, -5, -13.1991, 0
15.393, 0.204977, -5, -13.1307, 0
15.404, 0.203267, -5, -13.1307, 0
15.414, 0.201558, -5, -13.0623, 0
15.424, 0.199848, -5, -12.9939, 0
15.434, 0.199848, -5, -12.9939, 0
15.445, 0.199848, -5, -12.9255, 0
15.455, 0.198138, -5, -12.8571, 0
15.465, 0.196429, -5, -12.7888, 0
15.476, 0.194719, -5, -12.7888, 0
15.486, 0.193009, -5, -12.7204, 0
15.497, 0.193009, -5, -12.7204, 0
15.508, 0.191299, -5, -12.652, 0
15.518, 0.191299, -5, -12.5836, 0
15.528, 0.18959, -5, -12.5836, 0
15.539, 0.18788, -5, -12.5152, 0
15.549, 0.18788, -5, -12.5152, 0
15.56, 0.18788, -5, -12.5152, 0
15.57, 0.18788, -5, -12.5152, 0
15.58, 0.18788, -5, -12.4468, 0
15.59, 1, -5, -12.4468, 0
15.6, 0.18617, -5, -12.4468, 0
15.611, 0.18617, -5, -12.4468, 0
15.621, 0.18617, -5, -12.4468, 0
15.631, 0.18617, -5, -12.4468, 0
15.642, 0.18959, -5, -12.5836, 0
15.652, 0.18959, -5, -12.5836, 0
15.662, 0.18788, -5, -12.5152, 0
15.672, 0.18617, -5, -12.4468, 0
15.683, 0.18617, -5, -12.4468, 0
15.693, 0.18617, -5, -12.4468, 0
15.703, 0.18617, -5, -12.4468, 0
15.713, 0.18617, -5, -12.4468, 0
15.723, 0.18617, -5, -12.4468, 0
15.734, 0.18617, -5, -12.4468, 0
15.744, 0.18617, -5, -12.4468, 0
15.754, 0.18617, -5, -12.4468, 0
15.764, 0.18617, -5, -12.4468, 0
15.775, 0.18617, -5, -12.4468, 497872
15.785, 0.18617, -5, -12.4468, 0
15.795, 0.18617, -5, -12.4468, 0
15.806, 0.18617, -5, -12.4468, 0
15.816, 0.18617, -5, -12.4468, 0
15.826, 0.18617, -5, -12.3784, 0
15.836, 0.18446, -5, -12.3784, 0
15.846, 0.182751, -5, -12.31, 0
15.857, 0.182751, -5, -12.31, 0
15.867, 0.182751, -5, -12.31, 0
15.877, 0.182751, -5, -12.31, 0
15.888, 0.182751, -5, -12.31, 1.33159
15.898, 0.182751, -5, -12.31, 0
15.908, 0.182751, -5, -12.31, 0
15.918, 0.182751, -5, -12.31, 0
15.929, 0.182751, -5, -12.31, 0
15.939, 0.182751, -5, -12.31, 0
15.949, 0.182751, -5, -12.31, 0
15.959, 0.182751, -5, -12.31, 0
15.969, 0.182751, -5, -12.31, 0
15.98, 0.182751, -5, -12.31, 0
15.99, 0.182751, -5, -12.31, 0
16, 0.182751, -5, -12.31, 0
16.01, 0.182751, -5, -12.31, 0
16.021, 0.182751, -5, -12.31, 0
16.031, 0.182751, -5, -12.31, 0
16.041, 0.182751, -5, -12.31, 0
16.052, 0.182751, -5, -12.31, 0
16.062, 0.182751, -5, -12.31, 0
16.073, 0.182751, -5, -12.31, 0
16.083, 0.182751, -5, -12.31, 0
16.093, 0.182751, -5, -12.31, 0
16.103, 0.182751, -5, -12.31, 0
16.113, 0.182751, -5, -12.31, 0
16.124, 0.182751, -5, -12.31, 0
16.134, 0.182751, -5, -12.31, 22796.4
16.145, 0.152356, -5, 1.09422, 0
16.155, 0.152356, -5, 1.09422, 0
16.166, 0.152356, -5, 1.09422, 0
16.176, 0.152356, -5, 1.09422, 0
16.186, 0.152356, -5, 1.09422, 0
16.197, 0.150646, -5, 1.02584, 0
16.207, 0.148936, -5, 0.957447, 0
16.217, 0.147226, -5, 0.889058, 0
16.228, 0.143807, -5, 0.75228, 0
16.238, 0.142097, -5, 0.683891, 0
16.249, 0.140388, -5, 0.615502, 0
16.259, 0.136968, -5, 0.478723, 0
16.269, 0.135258, -5, 0.410334, 0
16.279, 0.133549, -5, 0.341945, 0
16.289, 0.130129, -5, 0.205167, 0
16.3, 0.128419, -5, 0.136778, 0
16.31, 0.128419, -5, 0.136778, 0
16.32, 0.128419, -5, 0.136778, 0
16.331, 1, -5, 0.0683891, 0
16.341, 1, -5, 0, 0
16.351, 0.294263, -5, 6.77052, 0
16.362, 0.292553, -5, 6.70213, 0
16.372, 0.292553, -5, 6.70213, 0
16.382, 0.292553, -5, 6.70213, 0
16.393, 0.292553, -5, 6.70213, 0
16.403, 0.292553, -5, 6.70213, 0
16.413, 1, -5, 6.56535, 0
16.423, 0.285714, -5, 6.42857, 0
16.434, 0.280585, -5, 6.2234, 0
16.444, 0.277166, -5, 6.01824, 0
16.454, 0.272036, -5, 5.88146, 0
16.464, 0.275456, -5, 6.01824, 0
16.474, 0.275456, -5, 6.01824, 0
16.485, 0.277166, -5, 6.08663, 0
16.495, 0.273746, -5, 0, 0
16.505, 0.272036, -5, 5.94985, 0
16.516, 0.268617, -5, 5.67629, 0
16.526, 0.265198, -5, 5.53951, 0
16.536, 0.258359, -5, 5.33435, 0
16.547, 0.254939, -5, 5.12918, 0
16.557, 0.25152, -5, 4.9924, 0
16.567, 0.246391, -5, 4.78723, 0
16.577, 0.241261, -5, 4.65046, 0
16.588, 0.268237, -5, -15.7295, 0
16.598, 0.273366, -5, -15.9347, 0
16.608, 0.275076, -5, -16.003, 0
16.618, 0.276786, -5, -16.0714, 0
16.629, 0.276786, -5, -16.0714, 0
16.639, 0.273366, -5, -15.9347, 0
16.649, 0.268237, -5, -15.7295, 0
16.66, 0.264818, -5, -15.5927, 1799.71
16.67, 0.261398, -5, -15.4559, 2011.44
16.68, 0.256269, -5, -15.2508, 2011.44
16.69, 0.25285, -5, -15.114, 1590.44
16.7, 0.24772, -5, -15.0456, 0
16.711, 0.244301, -5, -14.772, 1590.44
16.722, 0.240881, -5, -14.6353, 0
16.732, 0.237462, -5, -14.4985, 0
16.743, 0.234043, -5, -14.3617, 0
16.753, 0.232333, -5, -14.2933, 0
16.763, 0.232333, -5, -14.2933, 0
16.773, 0.232333, -5, -14.2933, 0
16.783, 0.228913, -5, -14.1565, 0
16.794, 0.227204, -5, -14.0881, 0
16.804, 0.225494, -5, -14.0198, 0
16.814, 0.223784, -5, -13.9514, 0
16.824, 0.222074, -5, -13.883, 0
16.835, 0.220365, -5, -13.8146, 0
16.845, 0.216945, -5, -13.6778, 0
16.855, 0.213526, -5, -13.541, 0
16.865, 0.213526, -5, -13.541, 0
16.876, 0.210106, -5, -13.4043, 0
16.886, 0.208397, -5, -13.3359, 0
16.896, 0.206687, -5, -13.2675, 0
16.906, 0.204977, -5, -13.1991, 0
16.917, 0.204977, -5, -13.1991, 0
16.927, 1, -5, -13.2675, 0
16.937, 0.206687, -5, -13.2675, 0
16.948, 0.204977, -5, -13.1991, 0
16.958, 0.204977, -5, -13.1307, 0
16.968, 0.203267, -5, -13.1307, 0
16.978, 0.203267, -5, -13.1991, 0
16.989, 0.204977, -5, -13.1991, 0
16.999, 0.203267, -5, -13.1307, 0
17.009, 0.203267, -5, -13.1307, 0
17.019, 0.201558, -5, -13.0623, 0
17.03, 0.199848, -5, -12.9939, 0
17.04, 0.199848, -5, 4589.32, 0
17.051, 1, -5, -12.9255, 0
17.061, 0.196429, -5, -12.8571, 0
17.071, 0.194719, -5, -12.7888, 0
17.081, 0.194719, -5, -12.7888, 0
17.092, 0.193009, -5, -12.7888, 0
17.102, 0.193009, -5, -12.7204, 0
17.113, 0.193009, -5, -12.7204, 0
17.123, 0.193009, -5, -12.7204, 0
17.133, 0.193009, -5, -12.7204, 0
17.143, 0.191299, -5, -12.652, 0
17.154, 0.191299, -5, -12.652, 0
17.165, 0.18959, -5, -12.5836, 0
17.175, 0.18959, -5, -12.5836, 0
17.185, 0.18788, -5, -12.5152, 0
17.195, 0.18959, -5, -12.5836, 0
17.206, 0.18959, -5, -12.5836, 0
17.216, 0.18959, -5, -12.5152, 0
17.226, 0.18788, -5, -12.5152, 0
17.236, 0.18617, -5, -12.4468, 0
17.247, 0.18617, -5, -12.4468, 0
17.257, 0.18617, -5, -12.4468, 0
17.267, 0.18617, -5, -12.4468, 0
17.277, 0.18617, -5, -12.4468, 0
17.288, 0.18617, -5, -12.4468, 0
17.298, 0.18617, -5, -12.4468, 0
17.309, 0.18617, -5, -12.4468, 0
17.319, 0.18617, -5, -12.4468, 0
17.33, 0.18617, -5, -12.4468, 0
17.34, 0.18617, -5, -12.4468, 0
17.35, 0.18617, -5, -12.4468, 0
17.361, 0.18617, -5, -12.4468, 0
17.371, 0.18617, -5, -12.4468, 0
17.381, 0.18617, -5, -12.4468, 0
17.391, 0.18617, -5, -12.4468, 0
17.402, 0.18617, -5, -12.4468, 0
17.412, 0.18617, -5, -12.4468, 0
17.422, 0.18617, -5, -12.4468, 0
17.432, 0.18617, -5, -12.4468, 0
17.443, 0.18617, -5, -12.4468, 0
17.453, 0.18617, -5, -12.4468, 0
17.463, 0.18617, -5, 418.131, -1.16372e+07
17.473, 0.18617, -5, -12.4468, 0
17.484, 0.18617, -5, -12.4468, 0
17.494, 0.18617, -5, -12.4468, 0
17.504, 0.18617, -5, 0, 0
17.515, 0.18617, -5, -12.4468, 0
17.525, 0.18617, -5, -12.4468, 0
17.536, 0.18617, -5, -12.4468, 0
17.546, 0.18617, -5, -12.4468, 0
17.556, 0.18617, -5, -12.4468, 0
17.566, 0.18617, -5, -12.4468, 0
17.577, 0.18617, -5, -12.4468, 0
17.587, 0.18617, -5, -12.4468, 0
17.597, 0.18617, -5, -12.4468, 0
17.607, 0.18617, -5, -12.4468, 0
17.618, 0.18617, -5, -12.4468, 0
17.628, 0.18617, -5, -12.4468, 0
17.638, 0.18617, -5, -12.4468, 0
17.649, 0.18617, -5, -12.4468, 0
17.659, 0.18617, -5, -12.4468, 0
17.669, 0.18617, -5, -12.4468, 0
17.679, 0.18617, -5, -12.4468, 0
17.69, 0.18617, -5, -12.4468, 0
17.7, 0.148936, -5, 0.957447, 0
17.71, 0.148936, -5, 0.957447, 0
17.721, 0.148936, -5, 0.957447, 0
17.732, 0.148936, -5, 0, 371255
17.747, 0.148936, -5, 0.957447, 0
17.758, 0.148936, -5, 0.957447, -1709.73
17.768, 0.147226, -5, 0.889058, -1899.7
17.778, 0.143807, -5, 0.75228, 0
17.788, 0.142097, -5, 0.683891, 0
17.799, 0.142097, -5, 0.683891, 0
17.809, 1, -5, 0.683891, 0
17.819, 0.140388, -5, 0.615502, 0
17.829, 0.138678, -5, 0.547112, 0
17.84, 0.136968, -5, 0.478723, -1799.71
17.85, 0.135258, -5, 0.410334, 0
17.861, 0.133549, -5, 0.341945, 0
17.871, 0.133549, -5, 0.410334, 0
17.882, 0.135258, -5, 0.410334, 0
17.892, 0.135258, -5, 0.410334, 0
17.902, 0.135258, -5, 0.410334, 0
17.913, 0.133549, -5, 0.341945, 0
17.923, 0.130129, -5, 0.205167, 0
17.933, 0.128419, -5, 0.136778, 0
17.943, 0.128419, -5, 0.136778, 0
17.954, 0.125, -5, 0, 0
17.965, 0.294263, -5, 6.77052, 0
17.975, 0.292553, -5, 6.70213, 0
17.985, 0.292553, -5, 6.63374, 0
17.996, 0.289134, -5, 6.56535, 0
18.006, 0.287424, -5, 6.49696, 0
18.016, 0.285714, -5, 6.42857, 0
18.027, 0.284005, -5, 6.36018, 0
18.037, 0.278875, -5, 6.15502, 0
18.047, 0.273746, -5, 5.94985, 0
18.057, 0.268617, -5, 5.74468, 0
18.068, 0.265198, -5, 5.6079, 0
18.078, 0.260068, -5, 5.40274, 0
18.088, 0.254939, -5, 5.19757, 0
18.099, 0.25152, -5, 5.06079, 0
18.109, 0.246391, -5, 4.85562, 0
18.12, 0.241261, -5, 4.65046, 0
18.13, 0.237842, -5, 4.51368, 0
18.141, 0.232713, -5, 4.30851, 0
18.152, 0.229293, -5, 4.17173, 0
18.162, 0.225874, -5, 4.03495, 0
18.172, 0.222454, -5, 3.89818, 0
18.182, 0.219035, -5, 3.7614, 0
18.193, 0.215616, -5, 3.62462, 0
18.203, 0.212196, -5, 3.48784, 0
18.213, 0.208777, -5, 3.35106, -13.3685
18.224, 0.205357, -5, 3.21429, 0
18.234, 0.201938, -5, 3.07751, 0
18.244, 0.201938, -5, 0, -1.91763e+08
18.254, 0.305851, -5, -17.234, 0
18.265, 0.309271, -5, -17.3708, 0
18.275, 0.31098, -5, -17.4392, 0
18.285, 0.3144, -5, -17.576, 0
18.295, 0.316109, -5, -17.6444, 0
18.306, 0.316109, -5, -17.6444, 0
18.316, 0.3144, -5, -17.576, 0
18.326, 0.309271, -5, -17.3708, 0
18.336, 0.304141, -5, -17.3708, 0
18.347, 0.300722, -5, -16.9605, 0
18.357, 0.295593, -5, -16.7553, 2072.4
18.367, 0.288754, -5, -16.5502, 0
18.377, 0.285334, -5, -16.4134, 0
18.388, 0.283625, -5, -16.345, 0
18.398, 0.280205, -5, -16.2082, 0
18.409, 0.278495, -5, -16.1398, 0
18.419, 0.276786, -5, -16.003, 0
18.429, 0.273366, -5, -15.9347, 0
18.44, 0.269947, -5, -15.7295, 0
18.45, 0.266527, -5, -15.5927, 0
18.46, 0.261398, -5, 0, 1.40508e+06
18.471, 0.24981, -5, 4.9924, 0
18.481, 1, -5, 5.12918, 0
18.491, 0.256649, -5, 5.26596, 768.416
18.501, 1, -5, 5.40274, 0
18.512, 1, -5, 5.6079, 0
18.522, 0.266907, -5, 5.67629, 0
18.532, 0.266907, -5, 5.6079, 0
18.542, 1, -5, 5.40274, -1848.35
18.553, 1, -5, 5.06079, 0
18.563, 1, -5, 4.65046, -1953.97
18.573, 1, -5, 4.17173, 0
18.583, 1, -5, 3.7614, 0
18.594, 0.213906, -5, 3.55623, 0
18.604, 0.215616, -5, 3.62462, 0
18.614, 1, -5, 4.03495, 0
18.624, 1, -5, 4.58207, 0
18.635, 1, -5, 5.26596, 0
18.645, 0.232333, -5, -14.2249, 0
18.656, 0.220365, -5, -13.8146, 0
18.666, 0.220365, -5, -13.8146, -2279.64
18.676, 0.227204, -5, -14.2249, 0
18.686, 0.239172, -5, -14.7036, -2072.4
18.697, 0.25285, -5, -15.114, 0
18.707, 0.254559, -5, -15.1824, 0
18.717, 0.25285, -5, -15.114, 0
18.727, 0.25114, -5, -15.0456, 0
18.737, 0.24772, -5, -14.9088, 0
18.748, 0.246011, -5, -14.8404, 0
18.758, 0.242591, -5, -14.7036, 0
18.768, 0.240881, -5, -14.5669, 0
18.778, 0.237462, -5, -14.4301, 0
18.789, 0.234043, -5, -14.2933, 0
18.799, 0.228913, -5, -14.1565, 0
18.809, 0.225494, -5, -13.9514, 0
18.82, 0.222074, -5, -13.8146, 0
18.83, 0.218655, -5, -13.7462, 0
18.84, 0.216945, -5, -13.6094, 0
18.85, 0.215236, -5, -13.6094, 0
18.861, 0.213526, -5, -13.541, 0
18.871, 0.213526, -5, -13.541, 0
18.881, 0.213526, -5, -13.4726, 0
18.891, 0.211816, -5, -13.4043, 0
18.903, 0.208397, -5, -13.3359, 0
18.913, 0.206687, -5, -13.2675, 0
18.923, 0.206687, -5, -13.1991, 0
18.933, 0.204977, -5, -13.1991, 0
18.944, 0.203267, -5, -13.1307, 0
18.954, 0.201558, -5, -13.0623, 0
18.964, 0.199848, -5, -12.9939, 0
18.974, 0.199848, -5, -12.9939, 0
18.985, 0.198138, -5, -12.9255, 0
18.995, 0.196429, -5, -12.8571, 0
19.005, 0.194719, -5, -12.7888, 0
19.015, 0.193009, -5, -12.7204, 0
19.026, 0.193009, -5, -12.7204, 0
19.036, 0.191299, -5, -12.652, 0
19.046, 0.191299, -5, -12.5836, 0
19.057, 0.18959, -5, -12.5836, 0
19.067, 0.18788, -5, -12.5152, 0
19.078, 1, -5, -12.4468, 0
19.088, 0.18617, -5, -12.4468, 0
19.098, 0.18617, -5, -12.4468, 0
19.108, 0.18617, -5, -12.4468, 70922
19.119, 0.148936, -5, 0.957447, 0
19.129, 0.148936, -5, 0.957447, 0
19.14, 0.147226, -5, 0.889058, 0
19.15, 0.147226, -5, 0.889058, 0
19.16, 0.148936, -5, 0.957447, 0
19.171, 0.148936, -5, 0.957447, 0
19.181, 0.148936, -5, 0.957447, 0
19.191, 0.147226, -5, 0.889058, 0
19.201, 1, -5, 0.889058, -41793.3
19.211, 0.140388, -5, 0.615502, 0
19.222, 0.136968, -5, 0, -3.24736e+11
19.232, 0.135258, -5, 0.410334, 0
19.243, 0.133549, -5, 0.273556, 0
19.253, 0.130129, -5, 0.205167, 0
19.263, 0.128419, -5, 0.136778, 0
19.273, 0.128419, -5, 0.136778, 0
19.284, 0.128419, -5, 0.136778, 0
19.294, 0.12671, -5, 0.0683891, 0
19.304, 0.125, -5, 0, 0
19.314, 0.125, -5, 0, 0
19.324, 1, -5, 6.77052, 0
19.335, 0.294263, -5, 6.77052, 0
19.345, 0.292553, -5, -13.541, 0
19.355, 0.290843, -5, 6.63374, 0
19.366, 0.289134, -5, 6.56535, 0
19.376, 1, -5, 6.49696, 0
19.386, 0.287424, -5, 6.49696, 0
19.397, 0.282295, -5, 6.29179, 0
19.407, 1, -5, 6.01824, 0
19.417, 1, -5, 5.81307, 0
19.428, 1, -5, 5.6079, 0
19.438, 0.263488, -5, 5.53951, 0
19.448, 1, -5, 5.40274, 0
19.459, 0.258359, -5, 5.33435, 0
19.469, 0.256649, -5, 5.26596, 0
19.479, 0.256649, -5, 5.26596, 0
19.489, 1, -5, 5.33435, 0
19.5, 0.256649, -5, 5.26596, 0
19.51, 1, -5, 5.40274, 0
19.52, 0.263488, -5, 5.53951, 0
19.53, 0.263488, -5, 5.53951, 0
19.54, 1, -5, 5.33435, 0
19.551, 1, -5, 5.12918, -4.35775
19.561, 1, -5, 4.85562, 0
19.572, 1, -5, 4.51368, 0
19.582, 1, -5, 4.17173, 0
19.593, 0.225874, -5, 4.03495, 2137.16
19.603, 1, -5, 4.24012, 0
19.613, 1, -5, 4.51368, 0
19.623, 1, -5, 4.78723, 0
19.633, 1, -5, 5.26596, 0
19.644, 1, -5, 5.88146, 0
19.654, 0.282295, -5, 6.29179, 0
19.664, 1, -5, 6.15502, 0
19.675, 1, -5, 5.94985, 0
19.685, 1, -5, 5.47112, 0
19.695, 1, -5, 4.9924, 0
19.705, 1, -5, 4.51368, 0
19.716, 1, -5, 3.96657, 0
19.726, 0.219035, -5, 3.7614, 0
19.736, 1, -5, 3.96657, 1899.7
19.746, 1, -5, 4.44529, 0
19.757, 1, -5, 4.9924, 0
19.767, 1, -5, 5.53951, 0
19.777, 1, -5, 484.673, 0
19.788, 0.223784, -5, -13.9514, 0
19.798, 0.225494, -5, -14.0881, 0
19.808, 0.234043, -5, -14.4985, 0
19.819, 0.25114, -5, -15.1824, 0
19.829, 0.266527, -5, -15.8663, 0
19.839, 0.281915, -5, -16.4818, 0
19.85, 0.290464, -5, -16.6869, 0
19.86, 0.292173, -5, -16.6869, 0
19.87, 0.292173, -5, -16.6185, 0
19.88, 0.287044, -5, -16.4818, 0
19.891, 0.283625, -5, -16.2766, 0
19.901, 0.278495, -5, -16.0714, 0
19.911, 0.269947, -5, -15.7979, 367.683
19.922, 0.264818, -5, -15.5927, 2072.4
19.932, 0.261398, -5, -15.3875, 1848.35
19.942, 0.254559, -5, -15.1824, 0
19.952, 1, -5, -14.9772, 0
19.963, 0.24772, -5, -14.9088, 0
19.973, 0.24772, -5, -14.9088, 0
19.983, 0.246011, -5, -14.8404, 0
19.993, 0.265198, -5, 5.6079, 0
20.004, 0.265198, -5, 5.6079, 0
20.014, 0.265198, -5, 5.6079, 0
20.024, 0.265198, -5, 5.6079, 0
20.034, 0.266907, -5, 5.67629, 0
20.045, 0.268617, -5, 5.74468, 0
20.055, 0.268617, -5, 5.74468, 0
20.065, 0.266907, -5, 5.67629, 0
20.076, 0.263488, -5, 5.53951, 0
20.086, 0.260068, -5, 5.40274, 0
20.096, 0.256649, -5, 5.19757, 0
20.107, 0.25152, -5, 5.06079, 0
20.117, 0.246391, -5, 4.85562, 0
20.127, 0.242971, -5, 4.71884, 0
20.137, 0.237842, -5, 4.51368, 0
20.148, 0.236132, -5, 4.44529, 0
20.158, 0.234422, -5, 4.3769, 0
20.168, 0.231003, -5, 4.24012, 0
20.178, 0.227584, -5, 4586.17, 0
20.189, 1, -5, 3.96657, 0
20.199, 1, -5, 3.82979, 0
20.209, 1, -5, 3.69301, 0
20.219, 0.215616, -5, 3.62462, 0
20.23, 0.210486, -5, 3.41945, 0
20.241, 0.208777, -5, 3.35106, -2072.4
20.251, 0.203647, -5, 3.1459, 0
20.261, 1, -5, 3.28267, 0
20.271, 1, -5, 3.41945, 0
20.282, 0.210486, -5, 3.41945, 0
20.292, 0.210486, -5, 3.41945, 0
20.302, 1, -5, 6.49471e+06, -1.85564e+11
20.312, 1, -5, 3.1459, 0
20.323, 1, -5, 3.07751, 0
20.333, 0.196809, -5, 2.87234, 0
20.343, 0.18997, -5, 2.59878, 0
20.353, 0.18484, -5, 2.39362, 0
20.364, 0.181421, -5, 2.25684, 0
20.374, 0.181421, -5, 2.25684, 0
20.384, 1, -5, 2.39362, 0
20.395, 0.18655, -5, 2.46201, 0
20.405, 0.18655, -5, 2.46201, 0
20.415, 1, -5, 2.32523, 0
20.425, 0.181421, -5, 2.25684, -1.34508
20.436, 1, -5, 2.12006, 0
20.446, 1, -5, 1.98328, 0
20.456, 1, -5, 1.8465, 0
20.466, 1, -5, 1.70973, 0
20.477, 0.166033, -5, 1.64134, 0
20.487, 0.166033, -5, 1.64134, 0
20.497, 0.164324, -5, 1.57295, 0
20.508, 1, -5, 1.77812, 0
20.518, 1, -5, 1.98328, 0
20.529, 1, -5, 2.25684, 0
20.539, 1, -5, 2.25684, 0
20.55, 0.183131, -5, 2.32523, 0
20.56, 0.183131, -5, 2.32523, 0
20.57, 0.181421, -5, 2.25684, 0
20.58, 1, -5, 0, 0
20.591, 0.341755, -5, -18.807, 0
20.601, 0.350304, -5, -19.0805, 0
20.611, 0.358853, -5, -19.4225, -1953.97
20.622, 0.365691, -5, -19.696, 0
20.632, 0.369111, -5, -19.7644, 0
20.642, 0.369111, -5, -19.7644, 0
20.652, 0.362272, -5, -19.4225, 0
20.663, 0.355433, -5, -19.1489, 0
20.673, 0.350304, -5, -18.8754, 0
20.683, 0.341755, -5, -18.6018, 0
20.694, 0.336626, -5, -18.3967, 0
20.704, 0.329787, -5, -18.1915, 2072.4
20.714, 0.324658, -5, -17.9179, 0
20.725, 0.319529, -5, -17.7128, 0
20.735, 0.3144, -5, -17.5076, 0
20.745, 0.309271, -5, -17.3024, 0
20.755, 0.302432, -5, -17.0289, 0
20.766, 0.299012, -5, -16.9605, 0
20.776, 0.295593, -5, -16.8237, 0
20.787, 0.292173, -5, -16.8237, 0
20.797, 0.287044, -5, -16.4818, 0
20.807, 0.281915, -5, -16.2766, 0
20.817, 0.276786, -5, -16.0714, 0
20.828, 0.273366, -5, -15.9347, 0
20.838, 0.268237, -5, -15.7295, 0
20.848, 0.264818, -5, -15.5927, 0
20.858, 0.259688, -5, -15.3875, 0
20.869, 0.254559, -5, -15.1824, 0
20.879, 0.25114, -5, -15.0456, 0
20.889, 0.24772, -5, -14.9088, 0
20.9, 0.242591, -5, -14.7036, 0
20.91, 0.240881, -5, -14.6353, 0
20.92, 0.235752, -5, -14.4301, 0
20.931, 0.234043, -5, -14.3617, 0
20.941, 0.230623, -5, -14.2249, 0
20.951, 0.228913, -5, -14.1565, 0
20.961, 0.225494, -5, -14.0198, 0
20.972, 0.223784, -5, -13.9514, 2011.44
20.982, 0.220365, -5, -13.8146, 0
20.992, 0.218655, -5, -13.7462, 0
21.003, 0.215236, -5, -13.6094, 0
21.013, 0.213526, -5, -13.541, 0
21.024, 0.213526, -5, -13.541, 0
21.034, 0.213526, -5, -13.541, 0
21.044, 0.211816, -5, -13.4726, 0
21.055, 0.210106, -5, -13.4043, 0
21.065, 0.208397, -5, -13.3359, 0
21.075, 0.206687, -5, -13.2675, 0
21.085, 0.206687, -5, -13.2675, 0
21.096, 0.204977, -5, -13.2675, -3419.45
21.106, 0.131839, -5, 0.273556, 0
21.116, 0.133549, -5, 0.341945, 0
21.126, 0.135258, -5, 0.410334, 0
21.137, 0.135258, -5, 0.410334, 0
21.148, 0.135258, -5, 0.478723, 0
21.158, 0.136968, -5, 0.547112, 0
21.168, 0.138678, -5, 0.547112, 0
21.178, 0.136968, -5, 0.478723, 0
21.189, 0.135258, -5, 0.410334, 0
21.2, 0.133549, -5, 0.341945, 0
21.21, 0.131839, -5, 0.273556, 0
21.22, 0.128419, -5, 0.136778, 0
21.23, 0.128419, -5, 0.0683891, 0
21.241, 0.125, -5, 0, 0
21.251, 0.294263, -5, 6.70213, 0
21.262, 0.292553, -5, 6.70213, 0
21.272, 0.290843, -5, 6.56535, 0
21.282, 0.289134, -5, 6.56535, -1848.35
21.292, 0.287424, -5, 6.42857, 0
21.303, 0.285714, -5, 6.42857, 0
21.313, 0.284005, -5, 6.29179, 0
21.323, 0.278875, -5, 6.15502, 0
21.333, 0.275456, -5, 6.01824, 0
21.344, 1, -5, 5.81307, 0
21.354, 0.266907, -5, 5.67629, -14.8851
21.364, 0.261778, -5, 5.47112, 0
21.374, 0.258359, -5, 5.33435, 0
21.384, 0.253229, -5, 5.12918, 0
21.395, 0.24981, -5, 4.9924, 0
21.405, 0.244681, -5, 4.78723, 0
21.415, 1, -5, 4.71884, 0
21.426, 0.241261, -5, 4.65046, 0
21.436, 0.237842, -5, 4.51368, 0
21.446, 0.234422, -5, 4.3769, 0
21.457, 0.231003, -5, 4.24012, 0
21.468, 0.225874, -5, 3.96657, 0
21.478, 0.222454, -5, 3.89818, 0
21.488, 0.222454, -5, 3.89818, 0
21.498, 0.220745, -5, 3.7614, 0
21.509, 0.217325, -5, 3.69301, 0
21.519, 0.215616, -5, 3.55623, 0
21.53, 0.210486, -5, 3.41945, 0
21.54, 0.208777, -5, 3.28267, 0
21.55, 0.205357, -5, 3.21429, 0
21.56, 0.201938, -5, 3.00912, 0
21.571, 0.196809, -5, 2.87234, 0
21.582, 0.195099, -5, 2.80395, 0
21.592, 0.191679, -5, 2.59878, 0
21.602, 0.18997, -5, 2.59878, 0
21.612, 0.18997, -5, 2.5304, 0
21.622, 0.18826, -5, 2.5304, 0
21.633, 0.18655, -5, 2.46201, 0
21.643, 0.18655, -5, 2.39362, 0
21.653, 0.18484, -5, 2.39362, 0
21.663, 0.18484, -5, 2.39362, 0
21.674, 0.183131, -5, 2.32523, 0
21.684, 0.181421, -5, 2.25684, 0
21.695, 0.178002, -5, 2.12006, 0
21.705, 0.176292, -5, 2.05167, 0
21.715, 0.174582, -5, 1.91489, 0
21.726, 0.171163, -5, 1.8465, 0
21.736, 0.169453, -5, 4583.84, -1.8465e+07
21.746, 0.338336, -5, -18.5334, -2072.4
21.756, 0.341755, -5, -18.6702, 0
21.767, 0.343465, -5, -18.7386, 0
21.777, 1, -5, -18.8754, 0
21.787, 0.348594, -5, -18.9438, -2011.44
21.797, 0.350304, -5, -19.0122, -1799.71
21.808, 0.350304, -5, -19.0122, 0
21.818, 0.346884, -5, -18.8754, 1899.7
21.828, 1, -5, -18.5334, 0
21.838, 1, -5, -18.2599, 1085.54
21.849, 1, -5, 66134.5, 0
21.86, 0.3144, -5, -17.4392, 0
21.87, 0.307561, -5, -17.1657, 0
21.88, 0.302432, -5, -17.0973, 0
21.89, 0.305851, -5, -17.3024, 0
21.901, 0.316109, -5, -17.7812, 0
21.911, 0.328078, -5, -18.2599, 0
21.921, 0.340046, -5, -18.7386, 0
21.931, 1, -5, -18.8754, 0
21.942, 0.346884, -5, -18.8754, 0
21.952, 0.346884, -5, -18.807, 0
21.962, 0.343465, -5, -18.7386, 0
21.973, 0.338336, -5, -18.5334, 0
21.983, 0.331497, -5, -18.2599, 0
21.993, 0.326368, -5, -18.0547, 0
22.003, 0.317819, -5, -17.7128, 0
22.014, 0.31098, -5, -17.3708, 0
22.024, 0.304141, -5, -17.1657, 0
22.034, 0.297302, -5, -16.8921, 0
22.045, 0.292173, -5, -16.6869, 0
22.055, 0.288754, -5, -16.5502, 0
22.066, 0.281915, -5, -16.2766, 0
22.077, 0.278495, -5, -16.0714, 0
22.087, 0.273366, -5, -15.8663, 0
22.097, 0.268237, -5, -15.7295, 0
22.108, 0.264818, -5, -15.4559, 0
22.118, 0.257979, -5, -15.3191, 0
22.129, 0.254559, -5, -15.1824, 0
22.139, 0.25285, -5, -15.114, 0
22.149, 0.25114, -5, -15.0456, 0
22.16, 0.24772, -5, -14.9088, 0
22.17, 0.244301, -5, -14.772, 0
22.18, 0.240881, -5, -14.6353, 0
22.19, 0.237462, -5, -14.4985, 0
22.201, 0.235752, -5, -14.3617, 0
22.211, 0.232333, -5, -14.2933, 0
22.221, 0.228913, -5, -14.1565, 0
22.232, 0.227204, -5, -14.0881, 0
22.242, 0.223784, -5, -13.9514, 0
22.253, 0.222074, -5, -13.8146, 0
22.263, 0.218655, -5, -13.7462, 0
22.274, 0.216945, -5, -13.6778, 0
22.284, 0.213526, -5, -13.541, 0
22.294, 0.211816, -5, -13.4726, 0
22.304, 0.210106, -5, -13.4043, 0
22.315, 0.208397, -5, -13.3359, 0
22.325, 0.206687, -5, -13.2675, 0
22.335, 0.206687, -5, -13.1991, 0
22.346, 0.204977, -5, 0.273556, -335106
22.356, 1, -5, -13.0623, 0
22.366, 0.199848, -5, -12.9939, 0
22.376, 0.199848, -5, -12.9939, 0
22.387, 0.199848, -5, -12.9939, 1899.7
22.397, 0.198138, -5, -12.9255, 1899.7
22.407, 0.194719, -5, -12.8571, -17097.3
22.417, 0.140388, -5, 0.615502, 0
22.428, 0.140388, -5, 0.615502, 0
22.439, 0.140388, -5, 0.615502, 0
22.449, 0.140388, -5, 0.615502, 0
22.459, 0.140388, -5, 0.615502, 7.39376e+13
22.469, 0.140388, -5, 0.615502, 0
22.48, 0.140388, -5, 0.615502, 0
22.49, 0.138678, -5, 0.547112, 0
22.5, 0.136968, -5, 0.478723, 0
22.51, 0.135258, -5, 0.410334, 0
22.521, 0.133549, -5, 0.341945, 0
22.531, 0.131839, -5, 0.273556, 0
22.541, 0.128419, -5, 0.136778, 0
22.552, 0.12671, -5, 0.0683891, 0
22.562, 0.125, -5, 6.77052, 0
22.572, 0.294263, -5, 6.77052, 0
22.582, 0.292553, -5, 6.70213, 0
22.593, 0.289134, -5, 6.56535, 0
22.603, 0.287424, -5, 6.49696, 0
22.613, 0.285714, -5, 6.42857, 0
22.623, 0.284005, -5, 6.36018, 0
22.634, 0.282295, -5, 6.29179, 0
22.644, 0.280585, -5, 0, 248936
22.654, 0.228913, -5, -14.1565, 0
22.665, 0.232333, -5, -14.2933, 0
22.675, 0.235752, -5, -14.4301, 0
22.685, 0.240881, -5, -14.6353, 0
22.695, 0.244301, -5, -14.772, 0
22.706, 0.24943, -5, -14.9772, 0
22.716, 0.254559, -5, -14.9772, 0
22.726, 0.257979, -5, -15.3191, 0
22.737, 0.257979, -5, -15.3191, 0
22.747, 0.254559, -5, -15.1824, 0
22.757, 0.25285, -5, -15.114, 0
22.767, 0.24943, -5, 5.26596, 0
22.778, 0.258359, -5, 5.33435, 0
22.789, 1, -5, 5.53951, 0
22.799, 1, -5, 5.81307, 0
22.809, 1, -5, 5.94985, 0
22.819, 0.277166, -5, 6.08663, 0
22.83, 0.282295, -5, 6.29179, 0
22.84, 1, -5, 6.36018, 0
22.85, 1, -5, 6.29179, 0
22.86, 1, -5, 6.15502, 0
22.871, 1, -5, 5.88146, 0
22.881, 0.265198, -5, 0, -329877
22.891, 1, -5, 0.478723, 129179
22.902, 0.244681, -5, 4.78723, 0
22.912, 0.236132, -5, 4.3769, 0
22.923, 0.225874, -5, 4.03495, 0
22.933, 0.222454, -5, 3.89818, 0
22.943, 0.222454, -5, 3.89818, 0
22.953, 0.222454, -5, 3.89818, 0
22.964, 0.225874, -5, 4.03495, 0
22.974, 0.229293, -5, 4.17173, 0
22.984, 0.229293, -5, 4.17173, 0
22.994, 0.227584, -5, 6.49471e+06, -1.85564e+11
23.005, 0.224164, -5, 3.96657, 0
23.015, 0.222454, -5, 3.82979, 0
23.025, 0.217325, -5, 3.69301, 0
23.035, 0.215616, -5, 3.62462, 0
23.046, 0.212196, -5, 3.41945, 0
23.056, 0.208777, -5, 3.35106, 0
23.066, 0.205357, -5, 3.1459, 0
23.077, 0.201938, -5, 3.07751, 0
23.087, 0.198518, -5, 2.87234, 0
23.097, 0.195099, -5, 2.80395, 0
23.107, 0.191679, -5, 2.66717, 0
23.118, 0.18997, -5, 2.5304, 0
23.128, 0.18655, -5, 2.46201, -1953.97
23.138, 0.183131, -5, 2.32523, 0
23.148, 0.181421, -5, 2.18845, 0
23.159, 0.178002, -5, 2.05167, 0
23.169, 0.174582, -5, 1.91489, 0
23.18, 0.171163, -5, 1.77812, 0
23.19, 0.167743, -5, 1.70973, 0
23.201, 0.166033, -5, 1.57295, 0
23.211, 0.162614, -5, 1.50456, 0
23.221, 0.160904, -5, 1.43617, 0
23.231, 0.157485, -5, 1.29939, 0
23.242, 0.155775, -5, 1.16261, 0
23.252, 0.154065, -5, 1.09422, 0
23.262, 0.150646, -5, 0.957447, 0
23.272, 1, -5, 0.889058, 0
23.283, 0.145517, -5, 0.820669, 0
23.293, 0.143807, -5, 0.820669, 0
23.303, 0.145517, -5, 0.820669, 0
23.313, 0.143807, -5, 0.75228, 0
23.323, 0.142097, -5, 0.683891, 0
23.334, 0.140388, -5, 0.615502, 0
23.344, 0.140388, -5, 0.547112, 0
23.354, 0.140388, -5, 0.615502, 0
23.364, 0.140388, -5, 0.547112, 0
23.375, 0.138678, -5, 0.478723, 0
23.385, 0.136968, -5, 0.478723, 0
23.395, 0.135258, -5, 0.410334, 0
23.406, 0.133549, -5, 0.341945, 0
23.416, 0.131839, -5, 0.273556, 0
23.426, 0.130129, -5, 0.205167, 0
23.437, 0.128419, -5, 0.136778, 0
23.447, 0.128419, -5, 0.0683891, 0
23.457, 0.12671, -5, 0.0683891, 0
23.467, 0.125, -5, 0, 0
23.478, 0.294263, -5, 6.77052, 0
23.488, 0.292553, -5, 6.70213, 0
23.498, 0.292553, -5, 6.70213, 0
23.509, 0.292553, -5, 6.70213, 0
23.519, 0.290843, -5, 6.63374, 0
23.529, 0.290843, -5, 6.63374, 0
23.54, 0.289134, -5, 6.56535, 0
23.55, 0.287424, -5, 6.49696, 0
23.56, 0.285714, -5, 6.42857, 0
23.57, 0.284005, -5, 6.36018, 0
23.58, 0.278875, -5, 6.15502, 0
23.591, 0.275456, -5, 6.01824, 0
23.601, 0.272036, -5, 5.88146, 0
23.611, 0.268617, -5, 5.74468, 0
23.621, 0.265198, -5, 5.6079, -13.6108
23.632, 0.261778, -5, 5.47112, 0
23.642, 0.258359, -5, 5.33435, 0
23.653, 0.258359, -5, 0.478723, -2.0268e+06
23.663, 0.420403, -5, -21.8161, 0
23.673, 0.423822, -5, -21.9529, 0
23.683, 0.425532, -5, -21.9529, -5.19842e+07
23.694, 0.425532, -5, -22.0213, 0
23.704, 0.427242, -5, -22.0897, 0
23.714, 0.430661, -5, -22.2264, 0
23.724, 0.432371, -5, -22.2948, 0
23.735, 0.432371, -5, -22.2948, 0
23.745, 0.428951, -5, -22.1581, 0
23.755, 0.422112, -5, -21.8161, 0
23.766, 0.416983, -5, -21.6793, 0
23.776, 0.410144, -5, -21.269, 0
23.786, 0.399886, -5, -20.9954, 0
23.796, 0.393047, -5, -20.7219, 0
23.807, 1, -5, -20.4483, 0
23.817, 0.37766, -5, -20.1064, 0
23.827, 0.370821, -5, -19.8328, 0
23.838, 0.363982, -5, -19.5593, 0
23.848, 0.357143, -5, -19.2857, 0
23.858, 0.350304, -5, -18.9438, 0
23.869, 0.343465, -5, -18.7386, 0
23.879, 0.336626, -5, -18.465, 0
23.889, 0.334916, -5, -18.3283, 0
23.9, 0.329787, -5, -18.1915, 0
23.91, 0.324658, -5, -17.9863, 0
23.92, 0.319529, -5, -17.7812, 1668.03
23.93, 0.3144, -5, -17.576, 0
23.94, 0.309271, -5, -17.3708, 0
23.951, 0.307561, -5, -17.3024, 0
23.961, 0.302432, -5, -17.0973, 0
23.971, 0.299012, -5, -16.9605, 0
23.981, 0.295593, -5, -16.8237, 0
23.992, 0.288754, -5, -16.5502, 0
24.002, 0.283625, -5, -16.345, 0
24.012, 0.278495, -5, -16.1398, 0
24.022, 0.273366, -5, -15.9347, 0
24.033, 0.269947, -5, -15.7979, 0
24.043, 0.264818, -5, -15.5927, 0
24.053, 0.261398, -5, -15.4559, 0
24.064, 0.256269, -5, -15.2508, 0
24.074, 0.25285, -5, -15.114, 0
24.084, 0.24772, -5, -14.9088, 16.846
24.094, 0.244301, -5, -14.772, 0
24.104, 0.240881, -5, -14.6353, 0
24.115, 0.239172, -5, -14.5669, 0
24.125, 0.235752, -5, -14.3617, 0
24.135, 0.234043, -5, -14.3617, 0
24.145, 1, -5, -14.2249, 0
24.156, 0.228913, -5, -14.2249, 0
24.166, 0.227204, -5, -14.0881, 0
24.176, 0.225494, -5, -13.9514, 0
24.186, 0.222074, -5, -13.883, 0
24.197, 0.220365, -5, -13.8146, 0
24.207, 0.218655, -5, -13.7462, 0
24.217, 1, -5, -13.6094, 0
24.227, 0.213526, -5, -13.541, 0
24.238, 0.213526, -5, -13.541, 0
24.248, 0.213526, -5, -13.541, 0
24.258, 0.211816, -5, -13.4726, 0
24.269, 0.211816, -5, -13.4726, 0
24.279, 0.211816, -5, -13.4726, 0
24.289, 0.210106, -5, -13.4043, 0
24.299, 0.210106, -5, -13.4043, 0
24.31, 0.210106, -5, -13.4043, 0
24.32, 0.210106, -5, -13.4043, 0
24.33, 0.208397, -5, 0.0683891, 1.00863e+12
24.34, 0.12671, -5, 0.0683891, 0
24.351, 0.12671, -5, 0.0683891, 0
24.361, 0.12671, -5, 0.0683891, 1953.97
24.371, 0.128419, -5, 0.136778, 0
24.381, 0.130129, -5, 0.205167, 0
24.392, 0.130129, -5, 0.205167, 1753.57
24.402, 0.131839, -5, 0.273556, 0
24.412, 0.130129, -5, 0.205167, 0
24.422, 0.130129, -5, 0.205167, -1590.44
24.433, 0.128419, -5, 0.136778, 0
24.443, 0.12671, -5, 0.0683891, 0
24.453, 0.125, -5, 6.77052, 0
24.463, 0.294263, -5, 6.70213, 0
24.474, 0.292553, -5, 6.70213, 0
24.484, 0.290843, -5, 6.63374, -2072.4
24.495, 0.289134, -5, 6.56535, 128.433
24.505, 0.287424, -5, 6.49696, 0
24.515, 0.285714, -5, 6.42857, 0
24.526, 0.285714, -5, 6.42857, 0
24.536, 0.285714, -5, 6.42857, 0
24.546, 0.284005, -5, 6.36018, -1899.7
24.556, 0.280585, -5, 6.2234, -1709.73
24.566, 0.277166, -5, 6.08663, -3696.71
24.577, 0.272036, -5, 5.88146, -1899.7
24.587, 0.266907, -5, 5.67629, 0
24.597, 0.263488, -5, 5.53951, 0
24.607, 0.258359, -5, 5.33435, 0
24.618, 0.253229, -5, 5.12918, 0
24.628, 0.24981, -5, 4.9924, -1899.7
24.638, 0.2481, -5, 4.92401, -1953.97
24.648, 0.244681, -5, 4.78723, 0
24.658, 0.241261, -5, 4.65046, -1709.73
24.669, 0.237842, -5, 4.51368, 0
24.679, 0.237842, -5, 0, -2.29103e+06
24.689, 0.239552, -5, 4.58207, 0
24.699, 0.239552, -5, 4.58207, 0
24.71, 0.239552, -5, 4.58207, 0
24.72, 0.237842, -5, 4.58207, 341945
24.73, 0.234422, -5, 4.30851, 0
24.74, 0.232713, -5, 4.30851, 0
24.751, 0.231003, -5, 4.24012, 0
24.761, 0.229293, -5, 4.17173, 0
24.771, 0.224164, -5, 3.96657, 0
24.781, 0.219035, -5, 3.7614, 0
24.792, 0.215616, -5, 3.7614, 0
24.802, 0.213906, -5, 0, 0
24.812, 0.212196, -5, 2.01725e+07, -4.48279e+11
24.822, 0.208777, -5, 3.28267, 0
24.833, 0.203647, -5, 3.1459, 0
24.844, 0.200228, -5, 3.00912, -1953.97
24.854, 0.196809, -5, 2.87234, 0
24.864, 0.191679, -5, 2.66717, 0
24.874, 0.18997, -5, 2.59878, 0
24.885, 0.18826, -5, 2.5304, 0
24.895, 0.18826, -5, 2.5304, 0
24.905, 0.18484, -5, 2.39362, -9.29777
24.916, 0.181421, -5, 2.25684, 0
24.926, 0.178002, -5, 2.12006, -2072.4
24.936, 0.174582, -5, 1.98328, -2206.1
24.946, 0.171163, -5, 1.8465, 0
24.957, 0.169453, -5, 1.77812, -1899.7
24.967, 0.166033, -5, 1.64134, -1899.7
24.977, 0.162614, -5, 1.50456, 0
24.987, 0.160904, -5, 1.43617, 0
24.998, 0.157485, -5, 1.29939, 0
25.008, 0.155775, -5, 1.231, 0
25.018, 0.155775, -5, 1.231, 0
25.029, 0.155775, -5, 1.231, 0
25.039, 0.154065, -5, 1.16261, 0
25.049, 0.152356, -5, 1.09422, 0
25.059, 0.152356, -5, 1.09422, 0
25.07, 0.150646, -5, 1.02584, 0
25.08, 0.150646, -5, 1.02584, -1668.03
25.09, 0.148936, -5, 0, -3.53834e+08
25.1, 0.147226, -5, 0.889058, 0
25.111, 0.145517, -5, 0.820669, 0
25.121, 0.143807, -5, 0.75228, 0
25.131, 0.142097, -5, 0.683891, 0
25.141, 0.142097, -5, 0.683891, 0
25.152, 0.140388, -5, 0.615502, -1899.7
25.162, 1, -5, 0.478723, 0
25.173, 0.136968, -5, 0.478723, 0
25.183, 0.133549, -5, 0.341945, -2011.44
25.193, 0.130129, -5, 0.205167, 0
25.203, 0.128419, -5, 0.136778, 0
25.214, 0.12671, -5, 0.0683891, 0
25.224, 1, -5, 0, 0
25.234, 0.12671, -5, 0.0683891, 0
25.244, 0.12671, -5, 0.0683891, 0
25.255, 0.128419, -5, 0.136778, 0
25.265, 1, -5, 0.205167, 0
25.275, 1, -5, 0.341945, 0
25.285, 0.135258, -5, 0.410334, 0
25.296, 1, -5, 0.615502, 0
25.306, 1, -5, 0.75228, 0
25.316, 1, -5, 0.820669, 0
25.327, 0.145517, -5, 0.820669, 0
25.337, 0.143807, -5, 0.75228, 0
25.348, 1, -5, 0.547112, 0
25.358, 1, -5, 0.341945, 0
25.368, 1, -5, 6.77052, 122.705
25.378, 1, -5, 6.49696, -1848.35
25.388, 1, -5, 6.2234, 0
25.399, 1, -5, 5.94985, 0
25.409, 1, -5, 5.74468, 0
25.419, 0.265198, -5, 5.6079, 0
25.429, 1, -5, 5.53951, 0
25.44, 1, -5, 5.74468, 1848.35
25.45, 1, -5, 6.08663, 1799.71
25.461, 1, -5, 6.42857, 0
25.471, 1, -5, 6.70213, 0
25.481, 1, -5, 0.136778, 0
25.491, 1, -5, 0.547112, 0
25.501, 1, -5, 0.547112, -68389.1
25.512, 0.166033, -5, 1.64134, 1848.35
25.522, 0.174582, -5, 1.98328, 1668.03
25.532, 0.176292, -5, 2.05167, -2011.44
25.542, 0.169453, -5, 1.98328, -664036
25.552, 0.360562, -5, -19.4225, 0
25.563, 0.37595, -5, -20.038, 0
25.573, 0.387918, -5, -20.5167, 0
25.583, 0.399886, -5, -20.9954, 0
25.593, 0.411854, -5, -21.4742, 0
25.604, 0.423822, -5, -22.0213, 0
25.614, 0.428951, -5, -22.1581, 0
25.624, 0.432371, -5, -22.2948, 0
25.634, 0.432371, -5, -22.2948, 0
25.645, 0.432371, -5, -22.2948, 0
25.655, 0.427242, -5, -22.0897, 0
25.665, 0.422112, -5, -21.8845, 0
25.675, 0.411854, -5, -21.4742, 0
25.686, 0.405015, -5, -21.2006, 0
25.696, 0.396467, -5, -20.8587, 0
25.706, 1, -5, -20.3799, 0
25.716, 0.37766, -5, -20.1064, 0
25.727, 0.370821, -5, -19.8328, 0
25.737, 0.363982, -5, -19.5593, 0
25.747, 0.357143, -5, -19.5593, 0
25.757, 1, -5, 0.547112, 749747
25.768, 0.345175, -5, -18.807, 2011.44
25.778, 0.338336, -5, -18.5334, 1848.35
25.788, 1, -5, -18.2599, 1848.35
25.798, 0.326368, -5, -18.0547, 0
25.808, 0.324658, -5, -17.9179, 0
25.819, 0.321239, -5, 2.01725e+07, 4.72391e+09
25.829, 0.3144, -5, -17.576, 16.5541
25.839, 0.307561, -5, -17.3024, 0
25.85, 0.305851, -5, -17.234, 0
25.86, 0.307561, -5, -17.3024, 0
25.87, 0.309271, -5, -17.3708, 0
25.88, 0.3144, -5, -17.576, 0
25.891, 0.319529, -5, -17.8495, 0
25.901, 0.322948, -5, -17.9179, 0
25.912, 0.322948, -5, -17.9179, 0
25.922, 0.319529, -5, -17.7812, 0
25.932, 0.3144, -5, -17.576, 0
25.943, 0.31098, -5, -17.3708, 0
25.953, 0.304141, -5, -17.1657, 0
25.963, 0.299012, -5, -17.1657, 1.00863e+13
25.973, 0.212196, -5, 3.48784, 0
25.985, 0.219035, -5, 3.7614, 0
25.995, 0.225874, -5, 4.03495, 0
26.005, 0.232713, -5, 4.30851, 0
26.016, 0.239552, -5, 4.58207, 0
26.026, 0.244681, -5, 4.78723, 0
26.036, 0.2481, -5, 4.92401, 0
26.046, 0.2481, -5, 4.92401, 0
26.056, 0.2481, -5, 4.92401, 0
26.067, 0.246391, -5, 4.85562, 0
26.077, 0.244681, -5, 4.71884, 0
26.087, 0.239552, -5, 4.58207, 0
26.097, 0.237842, -5, 4.51368, 0
26.108, 0.234422, -5, 4.3769, 0
26.118, 0.229293, -5, 4.17173, 0
26.128, 0.224164, -5, 3.96657, 0
26.138, 0.219035, -5, 3.7614, 0
26.149, 0.215616, -5, 3.62462, 0
26.159, 0.210486, -5, 3.41945, 0
26.169, 0.207067, -5, 3.28267, 0
26.179, 0.203647, -5, 3.1459, 0
26.19, 0.198518, -5, 2.94073, 0
26.2, 0.196809, -5, 2.87234, 0
26.21, 0.196809, -5, 2.87234, 0
26.22, 0.193389, -5, 2.73556, 0
26.231, 0.191679, -5, 2.66717, 0
26.241, 0.18997, -5, 2.66717, 0
26.251, 0.18655, -5, 2.46201, 0
26.262, 0.18484, -5, 2.32523, 0
26.272, 0.181421, -5, 2.18845, 0
26.282, 0.178002, -5, 2.12006, 0
26.292, 0.176292, -5, 1.98328, -11.9302
26.303, 0.171163, -5, 1.8465, 0
26.313, 0.171163, -5, 1.77812, 0
26.323, 0.167743, -5, 1.70973, 0
26.333, 0.166033, -5, 1.57295, 0
26.344, 0.162614, -5, 1.50456, 0
26.354, 1, -5, 1.36778, 0
26.365, 0.157485, -5, 1.231, 0
26.375, 0.155775, -5, 1.16261, 0
26.385, 0.150646, -5, 1.02584, 0
26.396, 0.148936, -5, 0.957447, 0
26.406, 0.147226, -5, 0.820669, 0
26.417, 0.142097, -5, 0.683891, 0
26.427, 0.140388, -5, 0.615502, 0
26.437, 0.138678, -5, 0.547112, 0
26.447, 0.136968, -5, 0.478723, 0
26.458, 0.136968, -5, 0.478723, 0
26.468, 0.136968, -5, 0.478723, 0
26.478, 0.136968, -5, 0.478723, 0
26.488, 0.136968, -5, 0.478723, 0
26.499, 0.135258, -5, 0.410334, 0
26.509, 0.135258, -5, 0.410334, 0
26.519, 0.133549, -5, 0.341945, 0
26.53, 0.131839, -5, 0.205167, 0
26.54, 0.130129, -5, 0.205167, 0
26.55, 0.128419, -5, 0.136778, 0
26.561, 0.12671, -5, 0.0683891, 0
26.571, 0.125, -5, 0, 0
26.581, 0.294263, -5, 6.77052, -1.53875e+07
26.591, 0.292553, -5, 6.70213, 0
26.602, 0.292553, -5, 478.587, -1.10881e+07
26.612, 0.386208, -5, -20.4483, 0
26.622, 0.387918, -5, -20.5167, 0
26.632, 0.389628, -5, -20.5851, 0
26.643, 0.391337, -5, -20.6535, 0
26.653, 0.391337, -5, -20.6535, 0
26.664, 0.393047, -5, -20.7219, 0
26.675, 0.394757, -5, -20.7903, -2011.44
26.685, 0.399886, -5, -20.9954, 0
26.695, 0.405015, -5, -21.2006, 0
26.705, 0.405015, -5, -21.2006, 0
26.716, 0.403305, -5, -21.1322, 0
26.726, 0.398176, -5, -20.9271, 0
26.736, 1, -5, -20.8587, 0
26.747, 0.393047, -5, -20.7219, 1953.97
26.757, 0.387918, -5, -20.5167, 1753.57
26.767, 0.382789, -5, -20.3116, 1953.97
26.778, 0.37595, -5, -19.9696, 0
26.788, 0.367401, -5, -19.696, 1628.31
26.798, 0.362272, -5, -19.4909, 2973.44
26.809, 0.355433, -5, -19.2173, 3907.95
