0.001, 0, 0, 0, 0
0.012, 1, 360, 0.136778, 59.8853
0.026, 1, 360, 0.889058, 462.088
0.04, 1, 360, 1.91489, 62.5414
0.055, 1, 360, 3.00912, 0
0.066, 1, 360, 3.82979, 57.1337
0.08, 1, 360, 4.92401, 2011.44
0.092, 1, 360, 4.9924, 1273.94
0.129, 1, 360, 9.16413, inf
0.157, 1, 360, 11.421, 68.9684
0.179, 1, 360, 13.2675, 91.0943
0.201, 1, 360, 14.772, 74.8239
0.218, 1, 360, 16.2082, 92.941
0.239, 1, 360, 18.0547, 1266.46
0.257, 1, 360, 19.1489, 88.8939
0.273, 1, 360, 20.6535, 85.5933
0.296, 1, 360, 22.7052, 43.9095
0.316, 1, 360, 24.2781, 266.105
0.34, 1, 360, 26.535, 83.9473
0.367, 1, 360, 28.0395, 120.829
0.381, 1, 360, 29.5441, 105.865
0.404, 1, 360, 31.3906, 66.8907
0.427, 1, 360, 33.2371, 61.7787
0.445, 1, 360, 33.3055, 60.0958
0.468, 1, 360, 36.1778, 121.473
0.481, 1, 360, 37.2036, 93.2154
0.496, 1, 360, 38.3663, 63.0459
0.513, 1, 360, 40.0076, 0
0.536, 1, 360, 41.5805, 32.6284
0.55, 1, 360, 42.8799, 82.0997
0.567, 1, 360, 44.0426, 65.7903
0.58, 1, 360, 45.2052, 148.349
0.595, 1, 360, 46.3678, 123.002
0.608, 1, 360, 47.462, 62.3703
0.623, 1, 360, 48.6246, 119.457
0.639, 1, 360, 49.8556, -135.424
0.652, 1, 360, 51.2918, 86.2591
0.676, 1, 360, 53.2751, 139.191
0.696, 1, 360, 54.7112, 61.6673
0.712, 1, 360, 55.8055, 74.8239
0.729, 1, 360, 57.2416, 71.9582
0.749, 1, 360, 58.8146, 74.988
0.769, 1, 360, 60.7295, 60.4678
0.788, 1, 360, 62.3024, 82.7597
0.822, 1, 360, 65.9954, 59.2113
0.853, 1, 360, 68.3891, 80.0407
0.894, 1, 360, 71.8085, 82.9389
0.935, 1, 360, 75.1596, 79.2129
0.981, 1, 360, 77.8267, 67.7119
1.003, 1, 360, 79.6733, 178.873
1.021, 1, 360, 81.7249, 54.7222
1.05, 1, 360, 84.5289, 75.2482
1.097, 1, 360, 85.965, 74263.3
1.111, 1, 360, 88.3587, 70.1714
1.133, 1, 360, 90.2736, -19587
1.159, 1, 360, 92.3936, 125.331
1.179, 1, 360, 93.8298, 87.7908
1.196, 1, 360, 94.8556, 89.6024
1.211, 1, 360, 96.2918, 93.984
1.228, 1, 360, 97.5228, 42.4777
1.242, 1, 360, 98.8906, 75.7354
1.263, 1, 360, 100.737, 59.007
1.283, 1, 360, 102.242, 55.8734
1.303, 1, 360, 103.746, 82.8791
1.323, 1, 360, 105.661, 33.5405
1.344, 1, 360, 107.234, 84.6923
1.366, 1, 360, 109.491, 115.069
1.394, 1, 360, 110.106, 84.5179
1.424, 1, 360, 114.688, 85.8368
1.483, 1, 360, 120.912, 73.3304
1.542, 1, 360, 123.921, 885.189
1.57, 1, 360, 125.289, 0
1.584, 1, 360, 126.793, 56.7073
1.603, 1, 360, 128.366, 228.726
1.627, 1, 360, 129.871, 96.3808
1.649, 1, 360, 131.991, 69.5364
1.668, 1, 360, 133.495, 105.702
1.685, 1, 360, 134.863, 68.1302
1.707, 1, 360, 136.847, 62.771
1.727, 1, 360, 138.078, 77.8328
1.744, 1, 360, 139.514, 82.8791
1.764, 1, 360, 141.087, 67.8732
1.784, 1, 360, 142.66, 86.4954
1.804, 1, 360, 144.574, 0
1.822, 1, 360, 145.532, 61.1983
1.838, 1, 360, 146.9, 90.7819
1.853, 1, 360, 148.131, 61.1983
1.867, 1, 360, 149.293, 29.9296
1.883, 1, 360, 150.388, 49.919
1.896, 1, 360, 151.482, 123.669
1.91, 1, 360, 152.644, 30.8059
1.924, 1, 360, 153.67, 79.8022
1.938, 1, 360, 154.833, 86.6598
1.956, 1, 360, 156.611, 542.77
1.978, 1, 360, 163.929, 57.7854
1.999, 1, 360, 159.962, 93.2154
2.022, 1, 360, 161.877, 85.0082
2.044, 1, 360, 163.723, 70.7083
2.068, 1, 360, 165.228, 59.8853
2.082, 1, 360, 166.322, 73.6951
2.096, 1, 360, 167.416, 185.002
2.109, 1, 360, 168.511, 93.2154
2.124, 1, 360, 169.605, 38.7693
2.137, 1, 360, 171.383, 66.6777
2.162, 1, 360, 172.819, 106.383
2.182, 1, 360, 174.597, 224.964
2.204, 1, 360, 176.033, 0
2.218, 1, 360, 176.991, 530.148
2.231, 1, 360, 178.153, 0
2.243, 1, 360, 179.043, 122.671
2.256, 1, 360, 179.932, 118.218
2.268, 1, 360, 180.957, 124.344
2.281, 1, 360, 182.052, 91.9208
2.295, 1, 360, 183.214, 48.4342
2.309, 1, 360, 184.309, 118.423
2.322, 1, 360, 185.403, 120.829
2.336, 1, 360, 186.497, 60.7363
2.351, 1, 360, 187.66, 62.57
2.364, 1, 360, 188.685, 860.24
2.379, 1, 360, 189.848, 0
2.393, 1, 360, 191.011, 123.335
2.407, 1, 360, 191.968, 68.3549
2.42, 1, 360, 193.199, 80.1747
2.434, 1, 360, 194.225, 61.2942
2.452, 1, 360, 195.661, 0
2.467, 1, 360, 196.824, 79.2457
2.481, 1, 360, 198.26, 0
2.499, 1, 360, 199.764, 0
2.522, 1, 360, 201.543, 83.4182
2.544, 1, 360, 203.457, 87.4764
2.566, 1, 360, 204.894, 80.7427
2.583, 1, 360, 206.261, 73.9821
2.603, 1, 360, 206.809, 118.065
2.626, 1, 360, 209.818, 86.6781
2.646, 1, 360, 211.664, 36.2422
2.667, 1, 360, 213.1, 84.223
2.683, 1, 360, 214.536, 64.518
2.705, 1, 360, 216.315, 698.396
2.723, 1, 360, 217.409, 111.474
2.737, 1, 360, 218.503, 72.7543
2.751, 1, 360, 219.666, 98.6855
2.765, 1, 360, 220.76, 93.984
2.78, 1, 360, 221.854, 39.3719
2.793, 1, 360, 222.948, 194.841
2.806, 1, 360, 224.043, 0
2.821, 1, 360, 225.205, 118.116
2.835, 1, 360, 226.231, 468.418
2.849, 1, 360, 227.394, 208.503
2.864, 1, 360, 228.625, 95.2494
2.878, 1, 360, 229.65, 33.1503
2.892, 1, 360, 230.813, 49.0596
2.905, 1, 360, 231.907, 59.2113
2.919, 1, 360, 233.002, 182.858
2.934, 1, 360, 234.164, 61.2257
2.947, 1, 360, 235.19, 62.2284
2.962, 1, 360, 236.695, 79.1174
2.984, 1, 360, 238.541, 76.1571
3.005, 1, 360, 241.208, 88.358
3.04, 1, 360, 242.713, 59.9378
3.055, 1, 360, 244.012, 71.2683
3.076, 1, 360, 246.269, 67.8575
3.105, 1, 360, 248.321, 138.72
3.124, 1, 360, 249.415, 91.5108
3.139, 1, 360, 250.919, 75.2024
3.161, 1, 360, 253.04, 91.9208
3.184, 1, 360, 254.271, 60.98
3.199, 1, 360, 255.433, 48.1274
3.213, 1, 360, 256.527, 71.4171
3.232, 1, 360, 258.032, 572.56
3.247, 1, 360, 259.331, 30.3816
3.261, 1, 360, 260.426, 61.8906
3.276, 1, 360, 261.588, 61.4181
3.291, 1, 360, 262.819, 60.6824
3.304, 1, 360, 263.913, 0
3.318, 1, 360, 264.871, 64.8033
3.333, 1, 360, 266.102, 62.57
3.348, 1, 360, 267.333, 61.4457
3.363, 1, 360, 268.564, 69.5364
3.379, 1, 360, 270, 91.5108
3.406, 1, 360, 272.462, 73.3788
3.43, 1, 360, 274.309, 104.731
3.454, 1, 360, 276.565, 86.3317
3.482, 1, 360, 278.002, 69.5011
3.5, 1, 360, 279.848, 109.554
3.521, 1, 360, 281.353, 68.9406
3.539, 1, 360, 282.857, 83.9473
3.56, 1, 360, 284.704, 86.4772
3.584, 1, 360, 286.687, 52.3653
3.606, 1, 360, 288.123, 89.2031
3.623, 1, 360, 289.422, 88.377
3.642, 1, 360, 291.064, 86.6965
3.661, 1, 360, 292.842, 91.5823
3.682, 1, 360, 294.347, 90.8221
3.699, 1, 360, 295.509, 0
3.714, 1, 360, 296.74, 60.7903
3.727, 1, 360, 297.766, 46.1776
3.741, 1, 360, 298.86, 121.365
3.755, 1, 360, 299.954, 58.5022
3.769, 1, 360, 301.117, 59.4946
3.784, 1, 360, 302.622, 89.9856
3.803, 1, 360, 303.853, 119.981
3.817, 1, 360, 305.015, 27.9824
3.832, 1, 360, 306.109, 30.8615
3.846, 1, 360, 307.956, 121.15
3.869, 1, 360, 309.392, 57.1099
3.888, 1, 360, 310.486, 74.783
3.902, 1, 360, 311.581, -20.9397
3.919, 1, 360, 313.29, 87.9037
3.939, 1, 360, 314.59, 77.5738
3.957, 1, 360, 318.214, 414.103
4.012, 1, 360, 320.471, 76.7355
4.041, 1, 360, 323.138, -248.439
4.102, 1, 360, 331.208, 72.7543
4.174, 1, 360, 334.012, 106.415
4.207, 1, 360, 337.226, 92.2929
4.236, 1, 360, 339.005, 1770.29
4.283, 1, 360, 342.766, 59.9378
4.299, 1, 360, 344.202, 74.9223
4.343, 1, 360, 348.237, 78.0628
4.38, 1, 360, 351.315, 79.226
4.422, 1, 360, 352.751, 0
4.432, 1, 360, 354.529, 234.209
4.447, 1, 360, 355.76, 122.891
4.46, 1, 360, 356.786, 93.1308
4.475, 1, 360, 358.427, 75.2189
4.503, 0.47614, 360, 4.10334, 159861
4.517, 0.47614, 360, 360.205, 0
4.535, 0.134195, 360, 359.726, -29.7732
4.556, 0.441945, 360, 359.248, 0
4.571, 0.47614, 360, 17.3024, 155430
4.584, 0.47614, 360, 359.316, 0
4.597, 0.441945, 360, 359.384, 0
4.611, 0.407751, 360, 359.384, 0
4.625, 0.373556, 360, 359.453, 0
4.639, 0.373556, 360, 359.453, 0
4.654, 0.373556, 360, 359.521, 0
4.669, 0.339362, 360, 359.521, 0
4.682, 0.339362, 360, 359.521, 0
4.696, 0.339362, 360, 359.521, 0
4.709, 0.339362, 360, 359.521, 0
4.724, 0.339362, 360, 359.521, 0
4.778, 0.339362, 360, 359.521, 0
4.806, 0.339362, 360, 359.521, 0
4.83, 0.339362, 360, 359.521, 0
4.849, 0.339362, 360, 359.521, 0
4.866, 0.339362, 360, 359.521, 0
4.881, 0.339362, 360, 359.521, 0
4.899, 0.339362, 360, 359.521, 0
4.928, 0.339362, 360, 359.521, 0
4.941, 0.339362, 360, 359.521, 0
4.964, 0.339362, 360, 359.521, 0
4.982, 0.339362, 360, 359.521, 0
4.999, 0.339362, 360, 359.521, -3.04215e+08
5.034, 0.339362, 360, 359.932, 0
5.076, 0.134195, 360, 359.932, 0
5.122, 0.134195, 360, 359.932, 0
5.139, 0.134195, 360, 359.932, 0
5.16, 0.134195, 360, 359.932, 0
5.179, 0.134195, 360, 359.932, 0
5.195, 0.134195, 360, 359.932, 0
5.216, 0.134195, 360, 359.932, 0
5.243, 0.134195, 360, 359.932, 0
5.265, 0.134195, 360, 359.932, 0
5.279, 0.134195, 360, 359.932, 0
5.293, 0.134195, 360, 359.932, 0
5.308, 0.134195, 360, 359.932, 3.41945e+07
5.321, 0.134195, 360, 359.932, 0
5.333, 0.134195, 360, 359.932, 0
5.345, 0.134195, 360, 359.932, 0
5.36, 0.134195, 360, 359.932, 0
5.374, 0.134195, 360, 359.932, 0
5.388, 0.134195, 360, 359.932, 0
5.403, 0.134195, 360, 359.932, 0
5.417, 0.134195, 360, 359.932, 0
5.431, 0.134195, 360, 359.932, 0
5.445, 0.134195, 360, 359.932, 0
5.459, 0.134195, 360, 359.932, 0
5.473, 0.134195, 360, 359.932, 0
5.487, 0.134195, 360, 359.932, 0
5.501, 0.134195, 360, 0, 321368
5.514, 0.134195, 360, 359.932, 0
5.526, 0.134195, 360, 359.932, 0
5.538, 0.134195, 360, 359.932, 0
5.551, 0.134195, 360, 359.932, 0
5.563, 0.134195, 360, 359.932, 0
5.578, 0.134195, 360, 359.932, 0
5.592, 0.134195, 360, 359.932, 0
5.603, 0.134195, 360, 359.932, 0
5.617, 0.134195, 360, 359.932, 0
5.63, 0.134195, 360, 359.932, 0
5.645, 0.134195, 360, 359.932, 0
5.659, 0.134195, 360, 359.932, 0
5.673, 0.134195, 360, 359.932, 0
5.689, 0.134195, 360, 359.932, 0
5.705, 0.134195, 360, 359.932, 0
5.719, 0.134195, 360, 359.932, 0
5.733, 0.134195, 360, 359.932, 0
5.748, 0.134195, 360, 359.932, 0
5.762, 0.134195, 360, 359.932, 0
5.776, 0.134195, 360, 359.932, 0
5.791, 0.134195, 360, 359.932, 0
5.804, 0.134195, 360, 359.932, 0
5.818, 0.134195, 360, 359.932, 0
5.833, 0.134195, 360, 359.932, 0
5.846, 0.134195, 360, 359.932, 0
5.859, 0.134195, 360, 359.932, 0
5.872, 0.134195, 360, 359.932, 0
5.887, 0.134195, 360, 359.932, 0
5.9, 0.134195, 360, 359.932, 0
5.916, 0.134195, 360, 359.932, 0
5.929, 0.134195, 360, 359.932, 0
5.943, 0.134195, 360, 359.932, 0
5.961, 0.134195, 360, 359.932, 0
5.974, 0.134195, 360, 359.932, 0
5.988, 0.134195, 360, 359.932, 0
6.003, 0.134195, 360, 359.932, -315453
6.016, 1, 360, 359.795, 0
6.039, 0.236778, 360, 359.59, 0
6.056, 0.305167, 360, 359.59, 0
6.074, 0.305167, 360, 359.59, 0
6.096, 0.305167, 360, 359.59, 0
6.119, 0.305167, 360, 359.59, 0
6.14, 0.305167, 360, 359.59, 0
6.161, 0.305167, 360, 359.59, 0
6.181, 0.305167, 360, 359.59, 0
6.201, 0.305167, 360, 359.59, 0
6.221, 0.305167, 360, 359.59, 0
6.246, 0.305167, 360, 359.59, -1.20795
6.266, 0.305167, 360, 359.59, 0
6.281, 0.305167, 360, 359.658, 0
6.295, 0.270973, 360, 359.658, 0
6.31, 0.270973, 360, 359.658, 0
6.325, 0.270973, 360, 359.658, 0
6.338, 0.270973, 360, 359.658, 0
6.359, 0.270973, 360, 359.658, 0
6.373, 0.270973, 360, 359.658, 0
6.387, 0.270973, 360, 359.658, 0
6.401, 0.270973, 360, 359.658, 0
6.424, 0.270973, 360, 359.658, 0
6.445, 0.270973, 360, 359.658, 0
6.464, 0.270973, 360, 359.658, 0
6.485, 0.270973, 360, 359.658, 0
6.554, 0.270973, 360, 359.658, 0
6.602, 0.270973, 360, 359.658, 0
6.648, 0.270973, 360, 359.658, 0
6.684, 0.270973, 360, 359.658, 0
6.736, 0.270973, 360, 359.658, 0
6.792, 0.270973, 360, 359.658, 0
6.841, 0.270973, 360, 359.658, 0
6.862, 0.270973, 360, 359.658, 0
6.879, 0.270973, 360, 359.658, 0
6.902, 0.270973, 360, 359.658, 0
6.919, 0.270973, 360, 359.658, 0
6.942, 0.270973, 360, 359.658, 0
6.971, 0.270973, 360, 359.658, 0
6.985, 0.270973, 360, 359.658, 0
6.999, 0.270973, 360, 359.658, 0
7.013, 0.270973, 360, 359.658, 0
7.026, 0.270973, 360, 359.658, 0
7.039, 0.270973, 360, 359.658, 0
7.054, 0.270973, 360, 359.658, 0
7.069, 0.270973, 360, 359.658, 0
7.084, 0.270973, 360, 359.658, 0
7.098, 0.270973, 360, 359.658, 0
7.112, 0.270973, 360, 359.658, 0
7.124, 0.270973, 360, 359.658, 0
7.141, 0.270973, 360, 359.658, 0
7.164, 0.270973, 360, 359.658, 0
7.185, 0.270973, 360, 359.658, 0
7.205, 0.270973, 360, 359.658, 0
7.221, 0.270973, 360, 359.658, 0
7.241, 0.270973, 360, 359.658, 0
7.262, 0.270973, 360, 359.658, 0
7.307, 0.270973, 360, 359.658, 0
7.346, 0.270973, 360, 359.658, 0
7.362, 0.270973, 360, 359.658, 0
7.43, 0.270973, 360, 359.658, 0
7.472, 0.270973, 360, 359.658, 0
7.488, 0.270973, 360, 359.658, 0
7.506, 0.270973, 360, 359.658, 0
7.519, 0.270973, 360, 359.658, 0
7.534, 0.270973, 360, 359.658, 0
7.553, 0.270973, 360, 359.658, 0
7.573, 1, 360, 359.658, 15.7289
7.593, 0.236778, 360, 360, 0
7.616, 0.1, 360, 360, 0
7.643, 0.1, 360, 360, 0
7.668, 0.1, 360, 360, 0
7.683, 0.1, 360, 360, 0
7.701, 0.1, 360, 360, 0
7.72, 0.1, 360, 360, 0
7.74, 0.1, 360, 360, 0
7.763, 0.1, 360, 360, 0
7.785, 0.1, 360, 360, 0
7.802, 0.1, 360, 360, 0
7.824, 0.1, 360, 360, 0
7.841, 0.1, 360, 360, 0
7.861, 0.1, 360, 360, 0
7.875, 0.1, 360, 360, 0
7.889, 0.1, 360, 360, 0
7.904, 0.1, 360, 360, 0
7.919, 0.1, 360, 360, 0
7.936, 0.1, 360, 360, 0
7.958, 0.1, 360, 360, 0
7.997, 0.1, 360, 360, 0
8.019, 0.1, 360, 360, 0
8.037, 0.1, 360, 360, 0
8.053, 0.1, 360, 360, 0
8.075, 0.1, 360, 360, 0
8.097, 0.1, 360, 360, 0
8.119, 0.1, 360, 360, 0
8.137, 0.1, 360, 360, 0
8.164, 0.1, 360, 360, 0
8.186, 0.1, 360, 360, 0
8.202, 0.1, 360, 360, 0
8.219, 0.1, 360, 360, 0
8.238, 0.1, 360, 360, 0
8.255, 0.1, 360, 360, 0
8.273, 0.1, 360, 360, 0
8.296, 0.1, 360, 360, 0
8.315, 0.1, 360, 360, 0
8.33, 0.1, 360, 360, 0
8.351, 0.1, 360, 360, 0
8.366, 0.1, 360, 360, 0
8.389, 0.1, 360, 360, 0
8.419, 0.1, 360, 360, 0
8.469, 0.1, 360, 360, 0
8.506, 0.1, 360, 360, 0
8.527, 0.1, 360, 360, 0
8.544, 0.1, 360, 360, 0
8.564, 0.1, 360, 360, 0
8.581, 0.1, 360, 360, 0
8.595, 0.1, 360, 360, 0
8.618, 0.1, 360, 360, 0
8.635, 0.1, 360, 360, 0
8.653, 0.1, 360, 360, 0
8.675, 0.1, 360, 360, 0
8.69, 0.1, 360, 360, 0
8.712, 0.1, 360, 360, 0
8.733, 0.1, 360, 360, 0
8.747, 0.1, 360, 360, 0
8.762, 0.1, 360, 360, 0
8.775, 0.1, 360, 360, 0
8.79, 0.1, 360, 360, 0
8.801, 0.1, 360, 360, 0
8.817, 0.1, 360, 360, 0
8.834, 0.1, 360, 360, 0
8.855, 0.1, 360, 360, 0
8.874, 0.1, 360, 360, 0
8.897, 0.1, 360, 360, 0
8.918, 0.1, 360, 360, 0
8.935, 0.1, 360, 360, 0
8.956, 0.1, 360, 360, 0
8.975, 0.1, 360, 360, 0
8.992, 0.1, 360, 360, 0
9.011, 0.1, 360, 360, 0
9.026, 0.1, 360, 360, 0
9.04, 0.1, 360, 360, 0
9.055, 0.1, 360, 360, 0
9.069, 0.1, 360, 360, 0
9.083, 0.1, 360, 360, 0
9.103, 0.1, 360, 360, 0
9.12, 0.1, 360, 360, 0
9.143, 0.1, 360, 360, 0
9.165, 0.1, 360, 360, 0
9.187, 0.1, 360, 360, 0
9.23, 0.1, 360, 360, 0
9.256, 0.1, 360, 360, -5.12918e+07
9.279, 0.1, 360, 360, 0
9.293, 0.1, 360, 360, 0
9.308, 0.1, 360, 360, 0
9.324, 0.1, 360, 360, 0
9.34, 0.1, 360, 360, 0
9.355, 0.1, 360, 360, 0
9.369, 0.1, 360, 360, 0
9.383, 0.1, 360, 360, 0
9.397, 0.1, 360, 360, 0
9.41, 0.1, 360, 360, 0
9.425, 0.1, 360, 360, 0
9.438, 0.1, 360, 360, 0
9.453, 0.1, 360, 360, 0
9.467, 0.1, 360, 360, 0
9.481, 0.1, 360, 360, 0
9.496, 0.1, 360, 360, 0
9.51, 0.1, 360, 360, 0
9.528, 0.1, 360, 360, 0
9.542, 0.1, 360, 360, 0
9.556, 0.1, 360, 360, 0
9.572, 0.1, 360, 360, 0
9.585, 0.1, 360, 360, 0
9.599, 0.1, 360, 360, 0
9.613, 0.1, 360, 360, 0
9.627, 0.1, 360, 360, 0
9.642, 0.1, 360, 360, 0
9.656, 0.1, 360, 360, 0
9.67, 0.1, 360, 360, 0
9.684, 0.1, 360, 360, 0
9.698, 0.1, 360, 360, 0
9.711, 0.1, 360, 360, 0
9.725, 0.1, 360, 360, 0
9.737, 0.1, 360, 360, 0
9.75, 0.1, 360, 360, 0
9.763, 0.1, 360, 360, 0
9.777, 0.1, 360, 360, 0
9.789, 0.1, 360, 360, 0
9.802, 0.1, 360, 360, 0
9.823, 0.1, 360, 360, 0
9.843, 0.1, 360, 360, 0
9.86, 0.1, 360, 360, 0
9.883, 0.1, 360, 360, 1.26561e+07
9.905, 1, 360, 360.41, 30.3681
9.923, 0.310334, 360, 360.889, 0
9.944, 0.412918, 360, 361.026, 0
9.963, 0.412918, 360, 361.026, 0
9.985, 0.412918, 360, 361.026, 0
9.999, 0.412918, 360, 361.026, 0
10.011, 0.412918, 360, 361.026, 3.94484
10.023, 0.412918, 360, 361.026, 0
10.036, 0.412918, 360, 361.026, 0
10.048, 0.412918, 360, 361.026, 0
10.061, 0.412918, 360, 361.026, 0
10.073, 0.412918, 360, 361.026, 0
10.085, 0.412918, 360, 361.026, 0
10.098, 0.412918, 360, 361.026, 0
10.11, 0.412918, 360, 361.026, 0
10.123, 0.412918, 360, 361.026, 0
10.135, 0.412918, 360, 361.026, 0
10.148, 0.412918, 360, 361.026, 0
10.16, 0.412918, 360, 361.026, 0
10.173, 0.412918, 360, 361.026, 0
10.187, 0.412918, 360, 361.026, 0
10.202, 0.412918, 360, 361.026, 0
10.215, 0.412918, 360, 361.094, 0
10.23, 0.481307, 360, 361.163, 0
10.243, 0.481307, 360, 361.163, 0
10.257, 0.481307, 360, 361.163, 0
10.27, 0.481307, 360, 361.163, 0
10.284, 0.481307, 360, 361.163, 0
10.306, 0.481307, 360, 361.094, 0
10.328, 0.447112, 360, 361.026, 0
10.35, 0.412918, 360, 361.026, 0
10.373, 0.412918, 360, 361.026, 0
10.395, 0.412918, 360, 361.026, 0
10.423, 0.412918, 360, 361.026, 0
10.446, 0.412918, 360, 361.026, 0
10.465, 0.412918, 360, 361.026, 0
10.484, 0.412918, 360, 361.026, 0
10.506, 0.412918, 360, 361.026, 0
10.529, 0.412918, 360, 361.026, 0
10.548, 0.412918, 360, 361.026, 0
10.569, 0.412918, 360, 361.026, 0
10.585, 0.412918, 360, 361.026, 0
10.6, 0.412918, 360, 361.026, 0
10.613, 0.412918, 360, 361.026, 0
10.627, 0.412918, 360, 361.026, 14.2448
10.649, 0.412918, 360, 361.299, 0
10.666, 0.515502, 360, 361.299, 0
10.683, 0.515502, 360, 361.163, 0
10.706, 0.481307, 360, 361.094, 0
10.727, 0.447112, 360, 361.094, 0
10.749, 0.447112, 360, 361.026, 0
10.765, 0.412918, 360, 361.026, 0
10.778, 0.412918, 360, 361.026, 0
10.793, 0.412918, 360, 361.026, 0
10.807, 0.412918, 360, 361.026, 0
10.82, 0.412918, 360, 361.026, 0
10.835, 0.412918, 360, 361.026, -1376.14
10.848, 0.412918, 360, 361.026, 0
10.868, 0.412918, 360, 361.026, 0
10.885, 0.412918, 360, 361.026, 0
10.906, 0.412918, 360, 361.026, 0
10.923, 0.412918, 360, 361.026, 0
10.945, 0.412918, 360, 361.026, 0
10.964, 0.412918, 360, 361.026, 0
10.982, 0.412918, 360, 361.026, 0
11.003, 0.412918, 360, 361.026, 0
11.054, 0.412918, 360, 361.026, 0
11.071, 0.412918, 360, 361.026, 0
11.093, 0.412918, 360, 361.026, 0
11.128, 0.412918, 360, 361.026, 0
11.142, 0.412918, 360, 361.026, 0
11.159, 0.412918, 360, 361.026, 0
11.181, 0.412918, 360, 361.026, 0
11.194, 0.412918, 360, 361.026, 0
11.21, 0.412918, 360, 361.026, 0
11.224, 0.412918, 360, 361.026, 0
11.237, 0.412918, 360, 361.026, 0
11.252, 0.412918, 360, 361.026, 0
11.265, 0.412918, 360, 361.026, 0
11.28, 0.412918, 360, 361.026, 0
11.293, 0.412918, 360, 361.026, 0
11.308, 0.412918, 360, 361.026, 0
11.325, 0.412918, 360, 361.026, 0
11.346, 0.412918, 360, 361.026, 0
11.368, 0.412918, 360, 361.026, 0
11.387, 0.412918, 360, 361.026, 0
11.401, 0.412918, 360, 361.026, 0
11.415, 0.412918, 360, 361.026, 0
11.428, 0.412918, 360, 361.026, 0
11.443, 0.412918, 360, 361.026, 0
11.456, 0.412918, 360, 361.026, 0
11.469, 0.412918, 360, 361.026, 0
11.484, 0.412918, 360, 361.026, 0
11.498, 0.412918, 360, 361.026, 0
11.512, 0.412918, 360, 361.026, 0
11.533, 0.412918, 360, 361.026, 0
11.552, 0.412918, 360, 361.026, 0
11.58, 1, 360, 361.368, 13.9598
11.606, 0.65228, 360, 361.436, -18.7985
11.634, 0.618085, 360, 361.299, 0
11.654, 0.515502, 360, 361.163, 0
11.671, 0.447112, 360, 361.094, 0
11.69, 0.447112, 360, 361.026, 0
11.712, 0.412918, 360, 361.026, 0
11.734, 0.412918, 360, 361.026, 0
11.76, 0.412918, 360, 361.026, 0
11.778, 0.412918, 360, 361.026, 0
11.796, 0.412918, 360, 361.026, 0
11.823, 0.412918, 360, 361.026, 0
11.878, 0.412918, 360, 361.026, 0
11.907, 0.412918, 360, 361.026, 0
11.925, 0.412918, 360, 361.026, 0
11.943, 0.412918, 360, 361.026, 0
11.96, 0.412918, 360, 361.026, 0
11.978, 0.412918, 360, 361.026, 0
11.997, 0.412918, 360, 361.026, 0
12.011, 0.412918, 360, 361.163, 0
12.027, 0.481307, 360, 361.163, 0
12.048, 0.481307, 360, 361.163, 0
12.068, 0.481307, 360, 361.163, 0
12.088, 0.447112, 360, 361.094, 0
12.108, 0.447112, 360, 361.094, 0
12.123, 0.412918, 360, 361.026, 0
12.151, 0.412918, 360, 361.026, 0
12.17, 0.412918, 360, 361.026, 0
12.188, 0.412918, 360, 361.026, 0
12.202, 0.412918, 360, 361.026, 0
12.217, 0.412918, 360, 361.026, 0
12.24, 0.412918, 360, 361.026, 0
12.266, 0.412918, 360, 361.026, 0
12.284, 0.412918, 360, 361.026, 0
12.306, 0.412918, 360, 361.026, 0
12.329, 0.412918, 360, 361.026, 0
12.346, 0.412918, 360, 361.026, 0
12.368, 0.412918, 360, 361.026, 0
12.391, 0.412918, 360, 361.026, 0
12.412, 0.412918, 360, 361.026, 0
12.429, 0.412918, 360, 361.026, 0
12.447, 0.412918, 360, 361.026, 0
12.47, 0.412918, 360, 361.026, 0
12.494, 0.412918, 360, 361.026, 0
12.512, 0.412918, 360, 361.026, 0
12.539, 0.412918, 360, 361.026, 0
12.559, 0.412918, 360, 361.026, 0
12.578, 0.412918, 360, 361.026, 0
12.602, 0.412918, 360, 361.026, 0
12.618, 0.412918, 360, 361.026, 0
12.64, 0.412918, 360, 361.026, 0
12.653, 0.412918, 360, 361.026, 0
12.675, 0.412918, 360, 361.026, 0
12.694, 0.412918, 360, 361.026, 0
12.715, 0.412918, 360, 361.026, 0
12.732, 0.412918, 360, 361.026, 0
12.753, 0.412918, 360, 361.026, 0
12.777, 0.412918, 360, 361.026, 0
12.796, 0.412918, 360, 361.026, 0
12.818, 0.412918, 360, 361.026, 0
12.835, 0.412918, 360, 361.026, 0
12.862, 0.412918, 360, 361.026, 0
12.914, 0.412918, 360, 361.026, 0
12.948, 0.412918, 360, 361.026, 0
12.975, 0.412918, 360, 361.026, 0
12.993, 0.412918, 360, 361.026, 0
13.02, 0.412918, 360, 361.026, 0
13.038, 0.412918, 360, 361.026, 0
13.059, 0.412918, 360, 361.026, 0
13.077, 0.412918, 360, 361.026, 0
13.106, 0.412918, 360, 361.026, 0
13.129, 0.412918, 360, 361.026, 0
13.148, 0.412918, 360, 361.026, 0
13.164, 0.412918, 360, 361.026, 0
13.184, 0.412918, 360, 361.026, 0
13.204, 0.412918, 360, 361.026, 0
13.225, 0.412918, 360, 361.026, 0
13.248, 0.412918, 360, 361.026, 0
13.262, 0.412918, 360, 361.026, 0
13.279, 0.412918, 360, 361.026, 0
13.294, 0.412918, 360, 361.094, 0
13.309, 0.481307, 360, 361.163, 0
13.327, 0.481307, 360, 361.163, 0
13.351, 0.481307, 360, 361.163, 0
13.373, 0.481307, 360, 361.094, 0
13.399, 0.447112, 360, 361.026, 0
13.418, 0.412918, 360, 361.026, 0
13.432, 0.412918, 360, 361.026, 0
13.453, 0.412918, 360, 361.026, 0
13.469, 0.412918, 360, 361.026, 0
13.493, 0.412918, 360, 361.026, 0
13.515, 0.412918, 360, 361.026, 0
13.53, 0.412918, 360, 361.026, 0
13.544, 0.412918, 360, 361.026, 0
13.559, 0.412918, 360, 361.026, 0
13.573, 0.412918, 360, 361.026, 0
13.588, 0.412918, 360, 361.026, 0
13.604, 0.412918, 360, 361.026, 0
13.625, 0.412918, 360, 361.026, 0
13.644, 0.412918, 360, 361.026, 0
13.666, 0.412918, 360, 361.026, 0
13.684, 0.412918, 360, 361.026, 0
13.708, 0.412918, 360, 361.026, 0
13.729, 0.412918, 360, 361.026, 0
13.748, 0.412918, 360, 361.026, 0
13.769, 0.412918, 360, 361.026, 0
13.787, 0.412918, 360, 361.026, 0
13.802, 0.412918, 360, 361.026, 0
13.816, 0.412918, 360, 361.026, 0
13.83, 0.412918, 360, 361.026, 0
13.845, 0.412918, 360, 361.026, 0
13.858, 0.412918, 360, 361.026, 0
13.873, 0.412918, 360, 361.026, 0
13.895, 0.412918, 360, 361.026, 0
13.913, 0.412918, 360, 361.026, 0
13.937, 0.412918, 360, 361.026, 0
13.955, 0.412918, 360, 361.026, 0
13.979, 0.412918, 360, 361.026, 333974
13.998, 1, 360, 361.368, 28.3596
14.025, 0.720669, 360, 361.641, -14.8157
14.048, 0.65228, 360, 361.436, -14.6852
14.065, 0.583891, 360, 361.231, 0
14.088, 0.515502, 360, 361.163, 0
14.1, 0.447112, 360, 361.094, 0
14.114, 0.447112, 360, 361.094, 0
14.127, 0.447112, 360, 361.026, 0
14.149, 0.412918, 360, 361.026, 0
14.176, 0.412918, 360, 361.026, 0
14.191, 0.412918, 360, 361.026, 0
14.211, 0.412918, 360, 361.026, 0
14.233, 0.412918, 360, 361.026, 0
14.248, 0.412918, 360, 361.026, 0
14.272, 0.412918, 360, 361.026, 0
14.289, 0.412918, 360, 361.026, 0
14.309, 0.412918, 360, 361.026, 0
14.328, 0.412918, 360, 361.026, 0
14.342, 0.412918, 360, 361.026, 0
14.356, 0.412918, 360, 361.026, 0
14.37, 0.412918, 360, 361.026, 0
14.384, 0.412918, 360, 361.026, 0
14.398, 0.412918, 360, 361.026, 0
14.417, 0.412918, 360, 361.026, 0
14.436, 0.412918, 360, 361.026, 0
14.459, 0.412918, 360, 361.026, 0
14.478, 0.412918, 360, 361.026, 0
14.501, 0.412918, 360, 361.026, 0
14.515, 0.412918, 360, 361.026, 0
14.528, 0.412918, 360, 361.026, 0
14.544, 0.412918, 360, 361.026, 0
14.558, 0.412918, 360, 361.026, 0
14.571, 0.412918, 360, 361.026, 0
14.586, 0.412918, 360, 361.026, 0
14.602, 0.412918, 360, 361.026, 0
14.616, 0.412918, 360, 361.026, 0
14.631, 0.412918, 360, 361.026, 0
14.645, 0.412918, 360, 361.026, 0
14.659, 0.412918, 360, 361.026, 0
14.673, 0.412918, 360, 361.026, 0
14.688, 0.412918, 360, 361.026, 0
14.701, 0.412918, 360, 361.026, 0
14.715, 0.412918, 360, 361.026, 0
14.729, 0.412918, 360, 361.026, 0
14.744, 0.412918, 360, 361.026, 0
14.764, 0.412918, 360, 361.026, 0
14.779, 0.412918, 360, 361.026, 0
14.793, 0.412918, 360, 361.026, 0
14.807, 0.412918, 360, 361.026, 0
14.821, 0.412918, 360, 361.026, 0
14.834, 0.412918, 360, 361.026, 0
14.857, 0.412918, 360, 361.026, 0
14.876, 0.412918, 360, 361.026, 0
14.899, 0.412918, 360, 361.026, 0
14.912, 0.412918, 360, 361.026, 0
14.927, 0.412918, 360, 361.026, 0
14.94, 0.412918, 360, 361.026, 0
14.955, 0.412918, 360, 361.026, 0
14.968, 0.412918, 360, 361.026, 0
14.982, 0.412918, 360, 361.026, 0
14.996, 0.412918, 360, 361.026, 0
15.01, 0.412918, 360, 361.026, -390901
15.025, 0.412918, 360, 361.026, 0
15.037, 0.412918, 360, 361.026, 0
15.05, 0.412918, 360, 361.026, 0
15.062, 0.412918, 360, 361.026, 0
15.077, 0.412918, 360, 361.026, 0
15.092, 0.412918, 360, 361.026, 0
15.106, 0.412918, 360, 361.026, 0
15.119, 0.412918, 360, 361.026, 0
15.133, 0.412918, 360, 361.026, 0
15.146, 0.412918, 360, 361.026, 0
15.161, 0.412918, 360, 361.026, 0
15.176, 0.412918, 360, 361.026, 0
15.19, 0.412918, 360, 361.026, 0
15.205, 0.412918, 360, 361.026, 0
15.219, 0.412918, 360, 361.026, 0
15.239, 0.412918, 360, 361.026, 0
15.254, 0.412918, 360, 361.026, 0
15.268, 0.412918, 360, 361.026, 0
15.282, 0.412918, 360, 361.026, 0
15.296, 0.412918, 360, 361.026, 0
15.311, 0.412918, 360, 361.026, 0
15.329, 0.412918, 360, 361.026, 0
15.35, 0.412918, 360, 361.026, 0
15.368, 0.412918, 360, 361.026, 0
15.383, 0.412918, 360, 361.026, 0
15.398, 0.412918, 360, 361.026, 0
15.41, 0.412918, 360, 361.026, 0
15.425, 0.412918, 360, 361.026, 0
15.438, 0.412918, 360, 361.026, 0
15.452, 0.412918, 360, 361.026, 0
15.475, 0.412918, 360, 361.026, 0
15.496, 0.412918, 360, 361.026, 0
15.513, 0.412918, 360, 361.026, 0
15.523, 0.412918, 360, 361.026, 0
15.536, 0.412918, 360, 361.026, 0
15.549, 0.412918, 360, 361.026, 0
15.564, 0.412918, 360, 361.026, 0
15.578, 0.412918, 360, 361.026, 0
15.593, 0.412918, 360, 361.026, 0
15.606, 0.412918, 360, 361.026, 0
15.621, 0.412918, 360, 361.026, 0
15.643, 0.412918, 360, 361.026, 0
15.666, 0.412918, 360, 361.026, 0
15.682, 0.412918, 360, 361.026, 0
15.703, 0.412918, 360, 361.026, 0
15.723, 0.412918, 360, 361.026, 0
15.74, 0.412918, 360, 361.026, 0
15.759, 0.412918, 360, 361.026, 0
15.774, 0.412918, 360, 361.026, 0
15.788, 0.412918, 360, 361.026, 0
15.802, 0.412918, 360, 361.026, 0
15.817, 0.412918, 360, 361.026, 0
15.83, 0.412918, 360, 361.026, 0
15.846, 0.412918, 360, 361.026, 0
15.86, 0.412918, 360, 361.026, 0
15.875, 0.412918, 360, 361.026, 0
15.89, 0.412918, 360, 361.026, 0
15.903, 0.412918, 360, 361.026, 0
15.918, 0.412918, 360, 361.026, 0
15.931, 0.412918, 360, 361.026, 0
15.946, 0.412918, 360, 361.026, 0
15.961, 0.412918, 360, 361.026, 0
15.974, 0.412918, 360, 361.026, 0
15.989, 0.412918, 360, 361.026, 0
16.005, 0.412918, 360, 361.026, 0
16.02, 0.412918, 360, 361.026, 0
16.044, 0.412918, 360, 361.026, 0
16.061, 0.412918, 360, 361.026, 0
16.076, 0.412918, 360, 361.026, 0
16.093, 0.412918, 360, 361.026, 0
16.107, 0.412918, 360, 361.026, 0
16.122, 0.412918, 360, 361.026, 0
16.137, 0.412918, 360, 361.026, 0
16.151, 0.412918, 360, 361.026, 0
16.165, 0.412918, 360, 361.026, 0
16.178, 0.412918, 360, 361.026, 0
16.191, 0.412918, 360, 361.026, 0
16.204, 0.412918, 360, 361.026, 0
16.218, 0.412918, 360, 361.026, 0
16.232, 0.412918, 360, 361.026, 0
16.246, 0.412918, 360, 361.026, 0
16.261, 0.412918, 360, 361.026, 0
16.275, 0.412918, 360, 361.026, 0
16.289, 0.412918, 360, 361.026, 0
16.302, 0.412918, 360, 361.026, 0
16.322, 0.412918, 360, 361.026, 0
16.343, 0.412918, 360, 361.026, 0
16.367, 0.412918, 360, 361.026, 0
16.388, 0.412918, 360, 361.026, 0
16.411, 0.412918, 360, 361.026, 0
16.434, 0.412918, 360, 361.026, 0
16.451, 0.412918, 360, 361.026, 0
16.472, 0.412918, 360, 361.026, 0
16.496, 0.412918, 360, 361.026, 0
16.514, 0.412918, 360, 361.026, 0
16.541, 0.412918, 360, 361.026, 0
16.564, 0.412918, 360, 361.026, 0
16.582, 0.412918, 360, 361.026, 0
16.605, 0.412918, 360, 361.026, 0
16.622, 0.412918, 360, 361.026, 0
16.644, 0.412918, 360, 361.026, 0
16.663, 0.412918, 360, 361.026, 0
16.684, 0.412918, 360, 361.026, 0
16.703, 0.412918, 360, 361.026, 0
16.725, 0.412918, 360, 361.026, -153890
16.744, 0.412918, 360, 361.026, -15.0703
16.765, 0.310334, 360, 360.752, 0
16.784, 0.27614, 360, 360.752, 0
16.806, 0.27614, 360, 360.684, 0
16.825, 0.241945, 360, 360.684, 0
16.839, 0.241945, 360, 360.684, 0
16.854, 0.241945, 360, 360.684, 0
16.867, 0.241945, 360, 360.684, -146287
16.881, 0.241945, 360, 360.684, 0
16.892, 0.241945, 360, 360.684, 0
16.906, 0.241945, 360, 360.684, 0
16.921, 0.241945, 360, 0, 83395.1
16.937, 0.241945, 360, 360.957, 0
16.965, 0.378723, 360, 360.957, 0
16.982, 0.378723, 360, 360.957, 0
16.997, 0.378723, 360, 360.957, 0
17.01, 0.378723, 360, 360.957, 0.925281
17.033, 0.378723, 360, 360.957, 0
17.049, 0.378723, 360, 360.957, 0
17.069, 0.378723, 360, 360.957, 0
17.091, 0.378723, 360, 360.957, 0
17.107, 0.378723, 360, 360.957, 0
17.134, 0.378723, 360, 360.957, 0
17.158, 0.378723, 360, 360.957, 0
17.175, 0.378723, 360, 360.957, 0
17.198, 0.378723, 360, 360.957, 0
17.216, 0.378723, 360, 360.957, 0
17.238, 0.378723, 360, 360.957, 0
17.258, 0.378723, 360, 360.957, 0
17.271, 0.378723, 360, 360.957, 0
17.285, 0.378723, 360, 360.957, 0
17.298, 0.378723, 360, 360.957, 0
17.312, 0.378723, 360, 360.957, 0
17.327, 0.378723, 360, 360.957, 0
17.342, 0.378723, 360, 360.957, 0
17.356, 0.378723, 360, 360.957, 0
17.372, 0.378723, 360, 360.957, 0
17.396, 0.378723, 360, 360.957, 0
17.425, 0.378723, 360, 360.957, 0
17.447, 0.378723, 360, 360.957, 0
17.475, 0.378723, 360, 360.957, 0
17.497, 0.378723, 360, 360.957, 0
17.516, 0.378723, 360, 360.957, 0
17.531, 0.378723, 360, 360.957, -330701
17.546, 0.378723, 360, 360.957, 0
17.559, 0.378723, 360, 360.957, 0
17.574, 0.378723, 360, 360.957, 0
17.589, 0.378723, 360, 360.957, 0
17.603, 0.378723, 360, 360.957, 0
17.617, 0.378723, 360, 360.957, 0
17.633, 0.378723, 360, 360.957, 0
17.646, 0.378723, 360, 360.957, 0
17.66, 0.378723, 360, 360.957, 0
17.675, 0.378723, 360, 360.957, 0
17.689, 0.378723, 360, 360.957, 0
17.702, 0.378723, 360, 360.957, 0
17.716, 0.378723, 360, 360.957, 0
17.729, 0.378723, 360, 360.957, 0
17.744, 0.378723, 360, 360.957, 0
17.759, 0.378723, 360, 360.957, 0
17.772, 0.378723, 360, 360.957, 0
17.786, 0.378723, 360, 360.957, 0
17.799, 0.378723, 360, 360.957, 0
17.814, 0.378723, 360, 360.957, 0
17.827, 0.378723, 360, 360.957, 0
17.842, 0.378723, 360, 360.957, 0
17.857, 0.378723, 360, 360.957, 0
17.87, 0.378723, 360, 360.957, 0
17.884, 0.378723, 360, 360.957, 0
17.898, 0.378723, 360, 360.957, 0
17.913, 0.378723, 360, 360.957, 0
17.927, 0.378723, 360, 360.957, 0
17.941, 0.378723, 360, 360.957, 0
17.955, 0.378723, 360, 360.957, 0
17.968, 0.378723, 360, 360.957, 0
17.981, 0.378723, 360, 360.957, 0
17.996, 0.378723, 360, 360.957, 0
18.009, 0.378723, 360, 360.957, 0
18.023, 0.412918, 360, 361.094, 0
18.038, 0.481307, 360, 361.163, 0
18.052, 0.481307, 360, 361.163, 0
18.065, 0.481307, 360, 361.163, 0
18.082, 0.481307, 360, 361.163, 0
18.096, 0.447112, 360, 361.094, 0
18.111, 0.447112, 360, 361.094, 0
18.131, 0.412918, 360, 361.026, 0
18.151, 0.412918, 360, 361.026, 0
18.171, 0.412918, 360, 361.026, 0
18.192, 0.412918, 360, 361.026, 0
18.207, 0.412918, 360, 361.026, 0
18.229, 0.412918, 360, 361.026, -448159
18.252, 0.412918, 360, 361.026, 0
18.266, 0.412918, 360, 361.026, 0
18.28, 0.412918, 360, 361.026, 0
18.295, 0.412918, 360, 361.026, 0
18.308, 0.412918, 360, 361.026, 0
18.322, 0.412918, 360, 361.026, 0
18.35, 0.412918, 360, 361.026, 0
18.367, 0.412918, 360, 361.026, 79429.8
18.384, 0.447112, 360, 361.299, 0
18.396, 0.618085, 360, 361.641, 2.8072
18.411, 0.823252, 360, 361.847, 0
18.426, 0.789058, 360, 361.71, -55.108
18.44, 0.686474, 360, 361.505, 0
18.455, 0.583891, 360, 361.299, 0
18.469, 0.515502, 360, 361.163, 0
18.485, 0.447112, 360, 361.094, 0
18.5, 0.447112, 360, 361.094, 0
18.516, 0.447112, 360, 361.026, 0
18.538, 0.412918, 360, 361.026, 0
18.56, 0.412918, 360, 361.026, 0
18.581, 0.412918, 360, 361.026, 0
18.599, 0.412918, 360, 361.026, 0
18.613, 0.412918, 360, 361.026, 0
18.638, 0.412918, 360, 361.026, 0
18.655, 0.412918, 360, 361.026, -329586
18.668, 0.412918, 360, 361.026, 0
18.682, 0.412918, 360, 361.026, 0
18.696, 0.412918, 360, 155.859, 182696
18.708, 0.412918, 360, 361.026, 0
18.723, 0.412918, 360, 361.026, 0
18.738, 0.412918, 360, 361.026, 0
18.752, 0.412918, 360, 361.026, 0
18.767, 0.412918, 360, 361.026, 0
18.78, 0.412918, 360, 361.026, 0
18.796, 0.412918, 360, 361.026, 0
18.816, 0.412918, 360, 361.026, 0
18.837, 0.412918, 360, 361.026, 0
18.861, 0.412918, 360, 361.026, 0
18.885, 0.412918, 360, 361.026, 0
18.907, 0.412918, 360, 361.026, 0
18.923, 0.412918, 360, 361.026, 0
18.946, 0.412918, 360, 361.026, 0
18.962, 0.412918, 360, 361.026, 0
18.976, 0.412918, 360, 361.026, 0
18.99, 0.412918, 360, 361.026, 0
19.004, 0.412918, 360, 361.026, 0
19.018, 0.412918, 360, 361.026, 0
19.032, 0.412918, 360, 361.026, 0
19.045, 0.412918, 360, 361.026, 0
19.059, 0.412918, 360, 361.026, 0
