0, 0, 0, 0, 0
0.016, 1, 360, 0.136778, 61.2805
0.03, 1, 360, 0.75228, 125.715
0.044, 1, 360, 1.77812, 31.3567
0.059, 1, 360, 2.80395, 64.0947
0.073, 1, 360, 4.24012, 92.0858
0.096, 1, 360, 6.36018, 69.3777
0.123, 1, 360, 8.1383, 92.4176
0.142, 1, 360, 9.71125, 77.0147
0.17, 1, 360, 11.7629, 30.8059
0.185, 1, 360, 12.8571, 87.7345
0.204, 1, 360, 14.772, 66.7645
0.225, 1, 360, 16.2082, 33.2955
0.242, 1, 360, 0, 15316.3
0.255, 1, 360, 18.6018, 74.9223
0.275, 1, 360, 20.4483, 74.0008
0.297, 1, 360, 22.2948, 72.5998
0.32, 1, 360, 23.731, 84.8149
0.337, 1, 360, 25.5775, 77.5386
0.364, 1, 360, 27.3556, 91.3681
0.382, 1, 360, 29.2021, 102.655
0.408, 1, 360, 30.9119, 442.171
0.422, 1, 360, 32.0061, 639.15
0.435, 1, 360, 33.1003, 92.4593
0.45, 1, 360, 34.6733, 98.0348
0.471, 1, 360, 36.383, 67.2591
0.494, 1, 360, 38.2295, 123.446
0.512, 1, 360, 39.6657, 87.6783
0.534, 1, 360, 41.5122, 88.3123
0.556, 1, 360, 43.0167, 0
0.569, 1, 360, 44.0426, 0
0.583, 1, 360, 45.0684, 31.2993
0.597, 1, 360, 46.231, 60.8444
0.611, 1, 360, 47.3936, 62.9154
0.626, 1, 360, 48.4878, 52.6475
0.639, 1, 360, 49.6505, 0
0.653, 1, 360, 50.7447, 32.5198
0.666, 1, 360, 51.9073, 28.6266
0.681, 1, 360, 53.0015, 46.7777
0.694, 1, 360, 54.0957, 61.4457
0.708, 1, 360, 55.1216, 181.403
0.722, 1, 360, 56.2842, 121.797
0.736, 1, 360, 57.3784, 36.9271
0.75, 1, 360, 58.883, 0
0.772, 1, 360, 60.7295, 98.7211
0.793, 1, 360, 62.1657, 86.6233
0.811, 1, 360, 63.6018, 60540.1
0.835, 1, 360, 65.7219, 66.7699
0.857, 1, 360, 66.2006, 0
0.87, 1, 360, 68.1839, 0
0.884, 1, 360, 69.3465, 0
0.897, 1, 360, 70.1672, 107.699
0.909, 1, 360, 71.3982, 62.2851
0.922, 1, 360, 72.3556, 123.893
0.935, 1, 360, 73.3131, 126.412
0.947, 1, 360, 74.2021, 188.227
0.959, 1, 360, 75.1596, 235.824
0.972, 1, 360, 76.3222, 331.986
0.984, 1, 360, 77.2112, 0
0.996, 1, 360, 78.1687, 0
1.009, 1, 360, 79.2629, 0
1.021, 1, 360, 80.2204, 0
1.033, 1, 360, 81.1778, 59.9378
1.046, 1, 360, 82.0669, 115.036
1.058, 1, 360, 83.0243, 166.397
1.071, 1, 360, 83.9818, 187.539
1.083, 1, 360, 84.9392, 415.739
1.096, 1, 360, 85.8967, 233.012
1.108, 1, 360, 87.196, 120.086
1.122, 1, 360, 88.2903, 62.7999
1.136, 1, 360, 89.3845, 94.4166
1.151, 1, 360, 90.4787, 74.9469
1.166, 1, 360, 91.8465, 152.314
1.181, 1, 360, 93.0091, 61.6673
1.194, 1, 360, 94.035, 195.957
1.209, 1, 360, 95.1976, 49.5214
1.225, 1, 360, 96.4286, 1823.71
1.237, 1, 360, 97.5912, 71.7242
1.254, 1, 360, 99.0957, 85.2731
1.272, 1, 360, 100.669, 90.9429
1.294, 1, 360, 102.515, 264.05
1.317, 1, 360, 103.951, 73.1956
1.333, 1, 360, 105.388, 64.0347
1.353, 1, 360, 107.302, 0
1.373, 1, 360, 108.807, 81.2029
1.394, 1, 360, 110.585, 80.8211
1.417, 1, 360, 112.09, 68.3435
1.437, 1, 360, 114.073, -150.969
1.46, 1, 360, 115.646, 59.6243
1.474, 1, 360, 117.492, 99.444
1.507, 1, 360, 119.407, 112.297
1.523, 1, 360, 120.57, 65.4597
1.54, 1, 360, 122.416, 74.4654
1.562, 1, 360, 123.921, 56.3801
1.577, 1, 360, 125.494, 70.1282
1.601, 1, 360, 125.973, 105.457
1.614, 1, 360, 128.093, 121.257
1.628, 1, 360, 129.187, 93.4277
1.642, 1, 360, 130.281, 0
1.655, 1, 360, 131.375, 114.077
1.668, 1, 360, 132.401, 68.9406
1.683, 1, 360, 133.701, 30.6677
1.698, 1, 360, 134.863, 31.1709
1.712, 1, 360, 135.889, 0
1.726, 1, 360, 136.983, 0
1.739, 1, 360, 138.078, 0
1.754, 1, 360, 139.24, 181.083
1.767, 1, 360, 140.334, 167.757
1.781, 1, 360, 141.36, 38.6379
1.794, 1, 360, 142.591, 122.232
1.809, 1, 360, 143.754, 92.501
1.825, 1, 360, 144.848, 34.4877
1.838, 1, 360, 146.011, 85.9159
1.852, 1, 360, 147.105, 123.893
1.867, 1, 360, 148.541, 60.5749
1.882, 1, 360, 149.635, 123.968
1.898, 1, 360, 151.071, 79.689
1.919, 1, 360, 152.918, 138.16
1.938, 1, 360, 154.354, 121.043
1.955, 1, 360, 155.859, 83.8101
1.977, 1, 360, 157.774, 142.874
1.998, 1, 360, 159.21, 89.671
2.019, 1, 360, 161.056, 60.4411
2.038, 1, 360, 163.04, 78.4278
2.066, 1, 360, 164.476, 92.71
2.081, 1, 360, 166.322, 59.5723
2.102, 1, 360, 167.416, 61.308
2.117, 1, 360, 168.716, 76.5121
2.137, 1, 360, 170.22, 89.4754
2.151, 1, 360, 171.793, 79.9249
2.171, 1, 360, 173.366, 122.342
2.189, 1, 360, 174.871, 62.7423
2.208, 1, 360, 175.965, 1283.1
2.222, 1, 360, 177.128, 0
2.237, 1, 360, 178.359, 117.912
2.25, 1, 360, 179.726, 91.4292
2.269, 1, 360, 181.299, 88.2819
2.289, 1, 360, 182.736, 81.0297
2.306, 1, 360, 183.83, 65.8854
2.321, 1, 360, 185.54, 81.3143
2.342, 1, 360, 187.318, 60.8444
2.36, 1, 360, 188.754, 80.6475
2.382, 1, 360, 190.532, 120.403
2.4, 1, 360, 192.036, 93.2154
2.423, 1, 360, 193.815, 0
2.446, 1, 360, 195.593, 121.473
2.462, 1, 360, 197.029, 117.105
2.486, 1, 360, 198.875, 81.6261
2.508, 1, 360, 200.653, 94.7217
2.53, 1, 360, 202.09, 92.5427
2.544, 1, 360, 203.663, 129.158
2.564, 1, 360, 205.236, 60.6286
2.581, 1, 360, 206.603, 87.7533
2.6, 1, 360, 207.834, 79.9311
2.623, 1, 360, 210.091, 85.9159
2.647, 1, 360, 211.938, 63.0024
2.666, 1, 360, 213.579, 75.6098
2.686, 1, 360, 215.015, 98.4298
2.706, 1, 360, 216.52, 89.4754
2.725, 1, 360, 218.298, 114.555
2.746, 1, 360, 222.196, 84.2437
2.794, 1, 360, 224.521, 83.9792
2.835, 1, 360, 227.872, 84.5771
2.864, 1, 360, 230.266, 87.0976
2.901, 1, 360, 234.643, 84.5911
2.956, 1, 360, 238.199, 82.0083
2.997, 1, 360, 242.644, 82.7154
3.044, 1, 360, 244.081, 93.5342
3.063, 1, 360, 245.653, 61.2257
3.077, 1, 360, 247.158, 50.1754
3.1, 1, 360, 248.936, 62.5987
3.118, 1, 360, 250.372, 83.6871
3.139, 1, 360, 251.809, 57.8099
3.153, 1, 360, 253.04, 63.2646
3.168, 1, 360, 254.476, 87.7533
3.187, 1, 360, 256.049, 120.192
3.207, 1, 360, 257.348, 157.216
3.221, 1, 360, 258.442, 42.0856
3.235, 1, 360, 259.605, 63.177
3.249, 1, 360, 260.767, 62.8287
3.264, 1, 360, 261.862, 162.059
3.277, 1, 360, 263.024, 61.5563
3.292, 1, 360, 264.187, 59.6763
3.306, 1, 360, 265.281, 66.0764
3.322, 1, 360, 266.581, 91.8385
3.337, 1, 360, 267.88, 115.652
3.361, 1, 360, 270.41, 80.034
3.385, 1, 360, 271.641, 81.9685
3.401, 1, 360, 273.351, 81.3962
3.423, 1, 360, 274.787, 102.401
3.443, 1, 360, 276.771, 60.6824
3.461, 1, 360, 278.48, 72.5844
3.487, 1, 360, 280.327, 60.1487
3.505, 1, 360, 281.421, 97.4666
3.523, 1, 360, 282.857, 87.454
3.538, 1, 360, 284.43, 85.9159
3.558, 1, 360, 286.071, 80.9977
3.581, 1, 360, 287.918, 91.226
3.6, 1, 360, 289.422, 109.248
3.619, 1, 360, 290.927, 83.8307
3.64, 1, 360, 292.295, 62.9733
3.663, 1, 360, 293.594, 177.327
3.677, 1, 360, 294.962, 94.5471
3.695, 1, 360, 296.056, 91.7974
3.709, 1, 360, 297.15, 246.447
3.723, 1, 360, 298.655, 53.3734
3.745, 1, 360, 300.296, 57.3253
3.762, 1, 360, 301.459, 91.0236
3.779, 1, 360, 302.758, 0
3.794, 1, 360, 303.921, 58.9053
3.807, 1, 360, 305.015, 93.898
3.822, 1, 360, 306.109, 45.1711
3.835, 1, 360, 307.272, 60.8444
3.849, 1, 360, 308.298, 62.3419
3.867, 1, 360, 308.777, 103.541
3.88, 1, 360, 310.897, 59.3913
3.895, 1, 360, 312.059, 61.1435
3.91, 1, 360, 313.153, 36.5326
3.923, 1, 360, 314.248, 0
3.937, 1, 360, 315.342, 0
3.951, 1, 360, 316.573, 93.5128
3.967, 1, 360, 317.736, 93.3639
3.981, 1, 360, 318.83, 122.671
3.994, 1, 360, 319.924, 92.501
4.009, 1, 360, 321.018, 0
4.022, 1, 360, 322.181, 116.904
4.036, 1, 360, 323.275, 62.3988
4.051, 1, 360, 324.438, 92.962
4.065, 1, 360, 325.532, 107.361
4.079, 1, 360, 326.626, 122.451
4.092, 1, 360, 327.72, 177.942
4.106, 1, 360, 328.883, 0
4.119, 1, 360, 330.046, 62.5987
4.135, 1, 360, 331.14, 62.0028
4.149, 1, 360, 332.234, 33.9568
4.163, 1, 360, 333.397, 61.0617
4.176, 1, 360, 334.422, 120.829
4.19, 1, 360, 335.517, 375.764
4.205, 1, 360, 336.679, 311740
4.217, 1, 360, 337.705, 123.002
4.231, 1, 360, 338.731, 0
4.245, 1, 360, 340.03, 31.328
4.26, 1, 360, 341.125, 92.5845
4.275, 1, 360, 342.287, 47.1974
4.289, 1, 360, 343.381, 80.0833
4.302, 1, 360, 344.407, 0
4.316, 1, 360, 345.433, 60.5749
4.328, 1, 360, 346.185, 119.981
4.341, 1, 360, 347.006, 125.6
4.353, 1, 360, 347.895, 185.504
4.365, 1, 360, 349.058, 135.424
4.38, 1, 360, 350.22, 119.981
4.394, 1, 360, 351.246, 47.3281
4.408, 1, 360, 352.409, 0
4.423, 1, 360, 353.982, 67.3518
4.446, 1, 360, 355.486, 105.344
4.463, 1, 360, 357.059, 38.3347
4.48, 1, 360, 358.495, 58.3027
4.501, 0.453974, 360, 359.658, 0
4.52, 0.155114, 360, 360, 0
4.539, 0.0214134, 360, 360, 0
4.559, 0.0214134, 360, 360, 0
4.579, 0.0214134, 360, 360, 0
4.603, 0.0214134, 360, 360, 0
4.624, 0.0214134, 360, 360, 0
4.637, 0.0214134, 360, 360, 0
4.65, 0.0214134, 360, 360, 0
4.664, 0.0214134, 360, 360, 0
4.679, 0.0214134, 360, 360, 0
4.694, 0.0214134, 360, 360, 0
4.708, 0.0214134, 360, 360, 0
4.724, 0.0214134, 360, 360, -216558
4.745, 0.0214134, 360, 18.0547, 0
4.761, 0.005, 360, 360, 0
4.775, 0.005, 360, 360, 0
4.79, 0.005, 360, 360, 0
4.803, 0.005, 360, 360, 0
4.821, 0.005, 360, 360, 0
4.842, 0.005, 360, 360, 0
4.913, 0.005, 360, 360, 0
4.955, 0.005, 360, 360, 0
4.976, 0.005, 360, 360, 0
4.993, 0.005, 360, 360, 0
5.012, 0.005, 360, 360, 0
5.031, 0.005, 360, 360, 0
5.049, 0.005, 360, 360, 0
5.067, 0.005, 360, 360, 0
5.091, 0.005, 360, 360, 0
5.113, 0.005, 360, 360, 0
5.13, 0.005, 360, 360, 0
5.151, 0.005, 360, 360, 0
5.171, 0.005, 360, 360, 0
5.19, 0.005, 360, 360, 0
5.212, 0.005, 360, 360, 0
5.234, 0.005, 360, 360, 0
5.252, 0.005, 360, 360, 0
5.274, 0.005, 360, 360, 0
5.295, 0.005, 360, 360, 0
5.317, 0.005, 360, 360, 0
5.338, 0.005, 360, 360, 0
5.36, 0.005, 360, 360, 0
5.383, 0.005, 360, 360, 0
5.401, 0.005, 360, 360, 0
5.419, 0.005, 360, 360, 0
5.445, 0.005, 360, 360, 0
5.463, 0.005, 360, 360, 0
5.486, 0.005, 360, 360, 0
5.507, 0.005, 360, 360, 0
5.53, 0.005, 360, 360, 0
5.547, 0.005, 360, 360, 0
5.57, 0.005, 360, 360, 0
5.588, 0.005, 360, 360, 0
5.608, 0.005, 360, 360, 0
5.634, 0.005, 360, 360, 0
5.653, 0.005, 360, 360, 0
5.675, 0.005, 360, 360, 0
5.688, 0.005, 360, 360, 0
5.702, 0.005, 360, 360, 0
5.715, 0.005, 360, 360, 0
5.729, 0.005, 360, 360, 0
5.748, 0.005, 360, 360, 0
5.763, 0.005, 360, 360, 0
5.778, 0.005, 360, 360, 0
5.799, 0.005, 360, 360, 0
5.813, 0.005, 360, 360, 0
5.826, 0.005, 360, 360, 0
5.841, 0.005, 360, 360, 0
5.853, 0.005, 360, 360, 0
5.867, 0.005, 360, 360, 0
5.889, 0.005, 360, 360, 0
5.905, 0.005, 360, 360, 0
5.925, 0.005, 360, 360, 0
5.945, 0.005, 360, 360, 0
5.965, 0.005, 360, 360, 0
5.984, 0.005, 360, 360, 0
6.006, 0.005, 360, 360, 0
6.024, 0.005, 360, 360, 0
6.046, 0.005, 360, 360, 0
6.065, 0.005, 360, 360, 0
6.081, 0.005, 360, 360, 0
6.097, 0.005, 360, 360, 0
6.117, 0.005, 360, 360, 0
6.136, 0.005, 360, 360, 0
6.157, 0.005, 360, 360, 0
6.18, 0.005, 360, 360, 0
6.205, 0.005, 360, 360, 0
6.218, 0.005, 360, 360, 0
6.24, 0.005, 360, 360, 0
6.262, 0.005, 360, 360, 0
6.286, 0.005, 360, 360, 0
6.304, 0.005, 360, 360, 0
6.322, 0.005, 360, 360, 0
6.342, 0.005, 360, 360, 0
6.367, 0.005, 360, 360, 0
6.388, 0.005, 360, 360, 0
6.404, 0.005, 360, 360, 0
6.425, 0.005, 360, 360, 0
6.449, 0.005, 360, 360, 0
6.468, 0.005, 360, 360, 0
6.487, 0.005, 360, 360, 0
6.506, 0.005, 360, 360, 0
6.524, 0.005, 360, 360, 0
6.546, 0.005, 360, 360, 0
6.572, 0.005, 360, 360, 0
6.592, 1, 360, 360, 0
6.605, 0.0295365, 360, 360.205, 0
6.619, 0.139643, 360, 360.274, 0
6.633, 0.14785, 360, 360.274, 0
6.646, 0.156056, 360, 360.274, 0
6.662, 0.165631, 360, 360.274, 0
6.677, 0.173837, 360, 360.274, 0
6.699, 0.179309, 360, 360.274, 0
6.723, 0.190251, 360, 360.274, 0
6.744, 0.195722, 360, 360.274, 0
6.76, 0.205296, 360, 360.274, 0
6.782, 0.212135, 360, 360.274, 0
6.807, 0.223078, 360, 360.274, 0
6.831, 0.228549, 360, 360.274, 0
6.854, 0.236755, 360, 360.274, 0
6.868, 0.236755, 360, 360.274, 0
6.922, 0.251801, 360, 360.274, 0
6.953, 0.257272, 360, 360.274, 0
6.974, 0.269582, 360, 360.274, 0
6.993, 0.277789, 360, 360.274, 0
7.01, 0.284628, 360, 360.274, 0
7.024, 0.294202, 360, 360.274, 0
7.038, 0.299673, 360, 360.274, 0
7.052, 0.310616, 360, 360.274, 0
7.067, 0.318822, 360, 360.274, 0
7.08, 0.327029, 360, 360.274, 0
7.095, 0.336603, 360, 360.274, 0
7.109, 0.34481, 360, 360.274, 0
7.123, 0.353017, 360, 360.274, 0
7.138, 0.361223, 360, 360.274, 0
7.151, 0.368062, 360, 360.274, 0
7.167, 0.377637, 360, 360.274, -57.9568
7.18, 0.349255, 360, 360.205, 0
7.195, 0.357462, 360, 360.205, 0
7.209, 0.363617, 360, 360.205, 0
7.224, 0.365669, 360, 360.205, 0
7.241, 0.368746, 360, 360.205, 0
7.257, 0.376953, 360, 360.205, 0
7.277, 0.382082, 360, 360.205, 0
7.301, 0.389263, 360, 360.205, 0
7.32, 0.394392, 360, 360.205, 0
7.339, 0.399521, 360, 360.205, 0
7.362, 0.406702, 360, 360.205, 0
7.382, 0.411831, 360, 360.205, 0
7.403, 0.415935, 360, 360.205, 0
7.42, 0.419012, 360, 360.205, 0
7.445, 0.427219, 360, 360.205, 0
7.47, 0.4344, 360, 360.205, 0
7.512, 0.439529, 360, 360.137, 0
7.553, 0.408754, 360, 360.137, 0
7.637, 0.417644, 360, 360.137, 0
7.668, 0.419696, 360, 360.137, 0
7.689, 0.425851, 360, 360.137, 0
7.709, 0.428587, 360, 360.137, 0
7.722, 0.434058, 360, 360.137, 0
7.736, 0.438161, 360, 360.137, 0
7.749, 0.442264, 360, 360.137, 0
7.763, 0.447052, 360, 360.137, 0
7.777, 0.449787, 360, 360.137, 0
7.79, 0.454574, 360, 360.137, 0
7.804, 0.45731, 360, 360.137, 0
7.823, 0.460729, 360, 360.137, 0
7.844, 0.462781, 360, 360.068, 0
7.868, 0.432348, 360, 360, 0
7.885, 0.398837, 360, 360, 0
7.9, 0.398837, 360, 360, 0
7.921, 0.398837, 360, 360, 0
7.94, 0.398837, 360, 360, 0
7.962, 0.398837, 360, 360, 0
7.98, 0.398837, 360, 360, 0
7.997, 0.398837, 360, 360, 0
8.011, 0.398837, 360, 360, 0
8.034, 0.398837, 360, 360, 0
8.052, 0.398837, 360, 360, 0
8.079, 0.398837, 360, 360, 0
8.098, 0.398837, 360, 360, 0
8.119, 0.398837, 360, 360, 0
8.136, 0.398837, 360, 360, 0
8.157, 0.398837, 360, 360, 0
8.175, 0.398837, 360, 360, 0
8.189, 0.398837, 360, 360, 0
8.204, 0.398837, 360, 360, 0
8.219, 0.398837, 360, 360, 0
8.243, 0.398837, 360, 360, 0
8.26, 0.398837, 360, 360, 0
8.28, 0.398837, 360, 360, 0
8.303, 0.398837, 360, 360, 0
8.321, 0.398837, 360, 360, 0
8.34, 0.398837, 360, 360, 0
8.361, 0.398837, 360, 360, 0
8.403, 0.398837, 360, 360, 0
8.449, 0.398837, 360, 360, 0
8.51, 0.398837, 360, 360, 0
8.537, 0.398837, 360, 360, 0
8.563, 0.398837, 360, 360, 0
8.583, 0.398837, 360, 360, 0
8.602, 0.398837, 360, 360, 0
8.642, 0.398837, 360, 360, 0
8.663, 0.398837, 360, 360, 0
8.679, 0.398837, 360, 360, 0
8.703, 0.398837, 360, 360, 0
8.725, 0.398837, 360, 360, 0
8.744, 0.398837, 360, 360, 0
8.764, 0.398837, 360, 360, 0
8.778, 0.398837, 360, 360, 0
8.791, 0.398837, 360, 360, 0
8.806, 0.398837, 360, 360, 0
8.819, 0.398837, 360, 360, 0
8.834, 0.398837, 360, 360, 0
8.849, 0.398837, 360, 360, 0
8.862, 0.398837, 360, 360, 0
8.877, 0.398837, 360, 360, 0
8.89, 0.398837, 360, 360, 0
8.905, 0.398837, 360, 360, 0
8.918, 0.398837, 360, 360, 0
8.934, 0.398837, 360, 360, 0
8.948, 0.398837, 360, 360, 0
8.963, 0.398837, 360, 360, 0
8.976, 0.398837, 360, 360, 0
8.991, 0.398837, 360, 360, 0
9.01, 0.398837, 360, 360, 0
9.026, 0.398837, 360, 360, 0
9.042, 0.398837, 360, 360, -30778.2
9.056, 0.005, 360, 360, 0
9.07, 0.005, 360, 360, 0
9.084, 0.005, 360, 360, 0
9.097, 0.005, 360, 360, 0
9.113, 0.005, 360, 360, 0
9.131, 0.005, 360, 360, 0
9.155, 0.005, 360, 360, 0
9.176, 0.005, 360, 360, 0
9.202, 0.005, 360, 360, 0
9.226, 0.005, 360, 360, 0
9.241, 0.005, 360, 360, 0
9.259, 0.005, 360, 360, 0
9.281, 0.005, 360, 360, 0
9.297, 0.005, 360, 360, 0
9.312, 0.005, 360, 360, 0
9.33, 0.005, 360, 360, 0
9.348, 0.005, 360, 360, 0
9.372, 0.005, 360, 360, 0
9.394, 0.005, 360, 360, 0
9.416, 0.005, 360, 360, 0
9.434, 0.005, 360, 360, 0
9.461, 0.005, 360, 360, 0
9.485, 0.005, 360, 360, 0
9.515, 0.005, 360, 360, 0
9.558, 0.005, 360, 360, 0
9.577, 0.005, 360, 360, 0
9.596, 0.005, 360, 360, 0
9.617, 0.005, 360, 360, 0
9.63, 0.005, 360, 360, 0
9.644, 0.005, 360, 360, 0
9.657, 0.005, 360, 360, 0
9.67, 0.005, 360, 360.205, 0
9.684, 0.173837, 360, 360.41, 0
9.699, 0.255562, 360, 360.479, 0
9.713, 0.269924, 360, 360.479, 0
9.729, 0.284286, 360, 360.479, 0
9.744, 0.303435, 360, 360.479, 0
9.757, 0.276079, 360, 360.41, 0
9.776, 0.280182, 360, 360.41, 0
9.797, 0.264111, 360, 360.342, 0
9.826, 0.26924, 360, 360.342, 0
9.868, 0.27266, 360, 360.342, 0
9.929, 0.291467, 360, 360.342, 0
9.975, 0.298305, 360, 360.342, 0
10.017, 0.311983, 360, 360.342, 0
10.038, 0.322242, 360, 360.342, 0
10.057, 0.33079, 360, 360.342, 0
10.078, 0.344468, 360, 360.342, 0
10.101, 0.351307, 360, 360.342, 0
10.123, 0.364985, 360, 360.342, 0
10.137, 0.375243, 360, 360.342, 0
10.149, 0.383792, 360, 360.342, 0
10.163, 0.39405, 360, 360.342, 0
10.176, 0.39576, 360, 360.342, 0
10.198, 0.406018, 360, 360.342, 0
10.218, 0.419696, 360, 360.342, 0
10.246, 0.435084, 360, 360.342, 0
10.265, 0.443632, 360, 360.342, 0
10.284, 0.452181, 360, 360.274, 0
10.308, 0.427561, 360, 360.274, 0
10.328, 0.433032, 360, 360.274, 0
10.349, 0.443974, 360, 360.274, 0
10.376, 0.42038, 360, 360.205, -5.78979
10.415, 0.424483, 360, 360.137, 0
10.45, 0.39405, 360, 360.137, 0
10.472, 0.398153, 360, 360.137, 0
10.515, 0.399521, 360, 360.137, 0
10.538, 0.40636, 360, 360.137, 0
10.559, 0.409096, 360, 360.137, 0
10.573, 0.409096, 360, 360.137, 0
10.589, 0.415935, 360, 360.137, 0
10.613, 0.41867, 360, 360.137, 0
10.629, 0.425509, 360, 360.137, 0
10.642, 0.427561, 360, 360.137, 0
10.664, 0.431664, 360, 360.137, 0
10.682, 0.435084, 360, 360.137, 0
10.71, 0.439187, 360, 360.137, 0
10.739, 0.441922, 360, 360.137, 0
10.758, 0.44671, 360, 360.137, 0
10.78, 0.449445, 360, 360.137, 0
10.8, 0.456284, 360, 360.137, 0
10.815, 0.460388, 360, 360.137, 0
10.829, 0.464491, 360, 360.137, 0
10.843, 0.434058, 360, 360.068, 0
10.858, 0.436109, 360, 360.068, 0
10.87, 0.403283, 360, 360, 0
10.884, 0.403283, 360, 360, 0
10.899, 0.403283, 360, 360, 0
10.912, 0.403283, 360, 360, 0
10.927, 0.403283, 360, 360, 0
10.942, 0.403283, 360, 360, 0
10.955, 0.403283, 360, 360, 0
10.97, 0.403283, 360, 360, 0
10.983, 0.403283, 360, 360, 0
10.998, 0.403283, 360, 360, 0
11.012, 0.403283, 360, 360, 0
11.026, 0.403283, 360, 360, 0
11.04, 0.403283, 360, 360, 0
11.054, 0.403283, 360, 360, 0
11.068, 0.403283, 360, 360, 0
11.083, 0.403283, 360, 360, 0
11.097, 0.403283, 360, 360, 0
11.112, 0.403283, 360, 360, 0
11.126, 0.403283, 360, 360, 0
11.142, 0.403283, 360, 360, 0
11.157, 0.403283, 360, 360, 0
11.176, 0.403283, 360, 360, 0
11.202, 0.403283, 360, 360, 0
11.217, 0.403283, 360, 360, 0
11.237, 0.403283, 360, 360, 0
11.269, 0.403283, 360, 360, 0
11.345, 0.403283, 360, 360, 0
11.365, 0.403283, 360, 360, 0
11.385, 0.403283, 360, 360, 0
11.409, 0.403283, 360, 360, 0
11.43, 0.403283, 360, 360, 0
11.451, 0.403283, 360, 360, 0
11.468, 0.403283, 360, 360, 0
11.486, 0.403283, 360, 360, 0
11.507, 0.403283, 360, 360, 0
11.53, 0.403283, 360, 360, 0
11.547, 0.403283, 360, 360, 0
11.563, 0.403283, 360, 360, 0
11.583, 0.403283, 360, 360, 0
11.603, 0.403283, 360, 360, 0
