0, 0, 0, 0, 0
0.015, -0, 0, 0, 0
0.028, -0, 0, 0, 0
0.041, -0, 0, 0, 0
0.053, -0, 0, 0, 0
0.066, -0, 0, 0, 0
0.078, -0, 0, 0, 0
0.09, -0, 0, 0, 0
0.103, -0, 0, 0, 0
0.115, -0, 0, 0, 0
0.128, -0, 0, 0, 0
0.14, -0, 0, 0, 0
0.153, -0, 0, 0, 0
0.165, -0, 0, 0, 0
0.178, -0, 0, 0, 0
0.19, -0, 0, 0, 0
0.203, -0, 0, 0, 0
0.216, -0, 0, 0, 0
0.228, -0, 0, 0, 0
0.241, -0, 0, 0, 0
0.253, -0, 0, 0, 0
0.266, -0, 0, 0, 0
0.278, -0, 0, 0, 0
0.291, -0, 0, 0, 0
0.303, -0, 0, 0, 0
0.316, -0, 0, 0, 0
0.329, -0, 0, 0, 0
0.342, -0, 0, 0, 0
0.355, -0, 0, 0, 0
0.368, -0, 0, 0, 0
0.381, -0, 0, 0, 0
0.393, -0, 0, 0, 0
0.406, -0, 0, 0, 0
0.419, -0, 0, 0, 0
0.431, -0, 0, 0, 0
0.444, -0, 0, 0, 0
0.457, -0, 0, 0, 0
0.47, -0, 0, 0, 0
0.483, -0, 0, 0, 0
0.495, -0, 0, 0, 0
0.508, -0, 0, 0, 0
0.521, -0, 0, 0, 0
0.534, -0, 0, 0, 0
0.547, -0, 0, 0, 0
0.559, -0, 0, 0, 0
0.572, -0, 0, 0, 0
0.585, -0, 0, 0, 0
0.598, -0, 0, 0, 0
0.611, -0, 0, 0, 0
0.623, -0, 0, 0, 0
0.636, -0, 0, 0, 0
0.649, -0, 0, 0, 0
0.662, -0, 0, 0, 0
0.675, -0, 0, 0, 0
0.688, -0, 0, 0, 0
0.701, -0, 0, 0, 0
0.713, -0, 0, 0, 0
0.727, -0, 0, 0, 0
0.74, -0, 0, 0, 0
0.753, -0, 0, 0, 0
0.766, -0, 0, 0, 0
0.778, -0, 0, 0, 0
0.791, -0, 0, 0, 0
0.804, -0, 0, 0, 0
0.817, -0, 0, 0, 0
0.83, -0, 0, 0, 0
0.843, -0, 0, 0, 0
0.855, -0, 0, 0, 0
0.868, -0, 0, 0, 0
0.88, -0, 0, 0, 0
0.893, -0, 0, 0, 0
0.905, -0, 0, 0, 0
0.918, -0, 0, 0, 0
0.931, -0, 0, 0, 0
0.943, -0, 0, 0, 0
0.956, -0, 0, 0, 0
0.97, -0, 0, 0, 0
0.983, -0, 0, 0, 0
0.995, -0, 0, 0, 0
1.008, -0, 0, 0, 0
1.02, -0, 0, 0, 0
1.032, -0, 0, 0, 0
1.045, -0, 0, 0, 0
1.057, -0, 0, 0, 0
1.07, -0, 0, 0, 0
1.082, -0, 0, 0, 0
1.095, -0, 0, 0, 0
1.107, -0, 0, 0, 0
1.12, -0, 0, 0, 0
1.132, -0, 0, 0, 0
1.145, -0, 0, 0, 0
1.157, -0, 0, 0, 0
1.17, -0, 0, 0, 0
1.182, -0, 0, 0, 0
1.195, -0, 0, 0, 0
1.207, -0, 0, 0, 0
1.22, -0, 0, 0, 0
1.232, -0, 0, 0, 0
1.244, -0, 0, 0, 0
1.257, -0, 0, 0, 0
1.27, -0, 0, 0, 0
1.282, -0, 0, 0, 0
1.295, -0, 0, 0, 0
1.307, -0, 0, 0, 0
1.32, -0, 0, 0, 0
1.332, -0, 0, 0, 0
1.345, -0, 0, 0, 0
1.357, -0, 0, 0, 0
1.37, -0, 0, 0, 0
1.382, -0, 0, 0, 0
1.394, -0, 0, 0, 0
1.407, -0, 0, 0, 0
1.419, -0, 0, 0, 0
1.431, -0, 0, 0, 0
1.444, -0, 0, 0, 0
1.456, -0, 0, 0, 0
1.469, -0, 0, 0, 0
1.481, -0, 0, 0, 0
1.494, -0, 0, 0, 0
1.506, -0, 0, 0, 0
1.519, -0, 0, 0, 0
1.532, -0, 0, 0, 0
1.544, -0, 0, 0, 0
1.557, -0, 0, 0, 0
1.569, -0, 0, 0, 0
1.582, -0, 0, 0, 0
1.594, -0, 0, 0, 0
1.607, -0, 0, 0, 0
1.62, -0, 0, 0, 0
1.632, -0, 0, 0, 0
1.645, -0, 0, 0, 0
1.658, -0, 0, 0, 0
1.67, -0, 0, 0, 0
1.683, -0, 0, 0, 0
1.696, -0, 0, 0, 0
1.708, -0, 0, 0, 0
1.721, -0, 0, 0, 0
1.734, -0, 0, 0, 0
1.746, -0, 0, 0, 0
1.759, -0, 0, 0, 0
1.772, -0, 0, 0, 0
1.785, -0, 0, 0, 0
1.797, -0, 0, 0, 0
1.81, -0, 0, 0, 0
1.822, -0, 0, 0, 0
1.835, -0, 0, 0, 0
1.848, -0, 0, 0, 0
1.861, -0, 0, 0, 0
1.874, -0, 0, 0, 0
1.887, -0, 0, 0, 0
1.9, -0, 0, 0, 0
1.913, -0, 0, 0, 0
1.925, -0, 0, 0, 0
1.938, -0, 0, 0, 0
1.951, -0, 0, 0, 0
1.964, -0, 0, 0, 0
1.977, -0, 0, 0, 0
1.99, -0, 0, 0, 0
2.002, -0, 0, 0, 0
2.015, -0, 0, 0, 0
2.028, -0, 0, 0, 0
2.041, -0, 0, 0, 0
2.054, -0, 0, 0, 0
2.067, -0, 0, 0, 0
2.08, -0, 0, 0, 0
2.093, -0, 0, 0, 0
2.106, -0, 0, 0, 0
2.119, -0, 0, 0, 0
2.131, -0, 0, 0, 0
2.144, -0, 0, 0, 0
2.157, -0, 0, 0, 0
2.169, -0, 0, 0, 0
2.182, -0, 0, 0, 0
2.195, -0, 0, 0, 0
2.207, -0, 0, 0, 0
2.219, -0, 0, 0, 0
2.232, -0, 0, 0, 0
2.244, -0, 0, 0, 0
2.257, -0, 0, 0, 0
2.269, -0, 0, 0, 0
2.281, -0, 0, 0, 0
2.294, -0, 0, 0, 0
2.306, -0, 0, 0, 0
2.319, -0, 0, 0, 0
2.331, -0, 0, 0, 0
2.344, -0, 0, 0, 0
2.356, -0, 0, 0, 0
2.368, -0, 0, 0, 0
2.381, -0, 0, 0, 0
2.393, -0, 0, 0, 0
2.406, -0, 0, 0, 0
2.419, -0, 0, 0, 0
2.431, -0, 0, 0, 0
2.444, -0, 0, 0, 0
2.456, -0, 0, 0, 0
2.469, -0, 0, 0, 0
2.482, -0, 0, 0, 0
2.495, -0, 0, 0, 0
2.507, -0, 0, 0, 0
2.52, -0, 0, 0, 0
2.533, -0, 0, 0, 0
2.546, -0, 0, 0, 0
2.558, -0, 0, 0, 0
2.571, -0, 0, 0, 0
2.584, -0, 0, 0, 0
2.596, -0, 0, 0, 0
2.609, -0, 0, 0, 0
2.621, -0, 0, 0, 0
2.634, -0, 0, 0, 0
2.646, -0, 0, 0, 0
2.659, -0, 0, 0, 0
2.671, -0, 0, 0, 0
2.683, -0, 0, 0, 0
2.696, -0, 0, 0, 0
2.708, -0, 0, 0, 0
2.721, -0, 0, 0, 0
2.733, -0, 0, 0, 0
2.746, -0, 0, 0, 0
2.759, -0, 0, 0, 0
2.771, -0, 0, 0, 0
2.784, -0, 0, 0, 0
2.797, -0, 0, 0, 0
2.809, -0, 0, 0, 0
2.822, -0, 0, 0, 0
2.835, -0, 0, 0, 0
2.848, -0, 0, 0, 0
2.86, -0, 0, 0, 0
2.873, -0, 0, 0, 0
2.884, -0, 0, 0, 0
2.897, -0, 0, 0, 0
2.91, -0, 0, 0, 0
2.923, -0, 0, 0, 0
2.936, -0, 0, 0, 0
2.949, -0, 0, 0, 0
2.962, -0, 0, 0, 0
2.975, -0, 0, 0, 0
2.987, -0, 0, 0, 0
3.001, -0, 0, 0, 0
3.014, -0, 0, 0, 0
3.026, -0, 0, 0, 0
3.039, -0, 0, 0, 0
3.052, -0, 0, 0, 0
3.065, -0, 0, 0, 0
3.078, -0, 0, 0, 0
3.091, -0, 0, 0, 0
3.103, -0, 0, 0, 0
3.116, -0, 0, 0, 0
3.128, -0, 0, 0, 0
3.141, -0, 0, 0, 0
3.153, -0, 0, 0, 0
3.165, -0, 0, 0, 0
3.178, -0, 0, 0, 0
3.19, -0, 0, 0, 0
3.202, -0, 0, 0, 0
3.215, -0, 0, 0, 0
3.227, -0, 0, 0, 0
3.24, -0, 0, 0, 0
3.252, -0, 0, 0, 0
3.265, -0, 0, 0, 0
3.277, -0, 0, 0, 0
3.289, -0, 0, 0, 0
3.302, -0, 0, 0, 0
3.314, -0, 0, 0, 0
3.326, -0, 0, 0, 0
3.339, -0, 0, 0, 0
3.351, -0, 0, 0, 0
3.364, -0, 0, 0, 0
3.376, -0, 0, 0, 0
3.395, -0, 0, 0, 0
3.407, -0, 0, 0, 0
3.42, -0, 0, 0, 0
3.433, -0, 0, 0, 0
3.445, -0, 0, 0, 0
3.458, -0, 0, 0, 0
3.47, -0, 0, 0, 0
3.483, -0, 0, 0, 0
3.495, -0, 0, 0, 0
3.507, -0, 0, 0, 0
3.52, -0, 0, 0, 0
3.532, -0, 0, 0, 0
3.545, -0, 0, 0, 0
3.557, -0, 0, 0, 0
3.57, -0, 0, 0, 0
3.582, -0, 0, 0, 0
3.595, -0, 0, 0, 0
3.607, -0, 0, 0, 0
3.62, -0, 0, 0, 0
3.632, -0, 0, 0, 0
3.645, -0, 0, 0, 0
3.658, -0, 0, 0, 0
3.67, -0, 0, 0, 0
3.683, -0, 0, 0, 0
3.695, -0, 0, 0, 0
3.708, -0, 0, 0, 0
3.721, -0, 0, 0, 0
3.733, -0, 0, 0, 0
3.745, -0, 0, 0, 0
3.758, -0, 0, 0, 0
3.77, -0, 0, 0, 0
3.782, -0, 0, 0, 0
3.795, -0, 0, 0, 0
3.807, -0, 0, 0, 0
3.82, -0, 0, 0, 0
3.832, -0, 0, 0, 0
3.845, -0, 0, 0, 0
3.857, -0, 0, 0, 0
3.869, -0, 0, 0, 0
3.882, -0, 0, 0, 0
3.894, -0, 0, 0, 0
3.907, -0, 0, 0, 0
3.919, -0, 0, 0, 0
3.931, -0, 0, 0, 0
3.944, -0, 0, 0, 0
3.956, -0, 0, 0, 0
3.969, -0, 0, 0, 0
3.981, -0, 0, 0, 0
3.994, -0, 0, 0, 0
4.007, -0, 0, 0, 0
4.019, -0, 0, 0, 0
4.031, -0, 0, 0, 0
4.044, -0, 0, 0, 0
4.056, -0, 0, 0, 0
4.069, -0, 0, 0, 0
4.082, -0, 0, 0, 0
4.094, -0, 0, 0, 0
4.107, -0, 0, 0, 0
4.119, -0, 0, 0, 0
4.132, -0, 0, 0, 0
4.145, -0, 0, 0, 0
4.157, -0, 0, 0, 0
4.17, -0, 0, 0, 0
4.182, -0, 0, 0, 0
4.195, -0, 0, 0, 0
4.208, -0, 0, 0, 0
4.221, -0, 0, 0, 0
4.233, -0, 0, 0, 0
4.246, -0, 0, 0, 0
4.259, -0, 0, 0, 0
4.272, -0, 0, 0, 0
4.285, -0, 0, 0, 0
4.298, -0, 0, 0, 0
4.31, -0, 0, 0, 0
4.324, -0, 0, 0, 0
4.336, -0, 0, 0, 0
4.349, -0, 0, 0, 0
4.362, -0, 0, 0, 0
4.375, -0, 0, 0, 0
4.388, -0, 0, 0, 0
4.401, -0, 0, 0, 0
4.413, -0, 0, 0, 0
4.426, -0, 0, 0, 0
4.438, -0, 0, 0, 0
4.451, -0, 0, 0, 0
4.464, -0, 0, 0, 0
4.476, -0, 0, 0, 0
4.489, -0, 0, 0, 0
4.502, -0, 0, 0, 0
4.514, -0, 0, 0, 0
4.527, -0, 0, 0, 0
4.539, -0, 0, 0, 0
4.552, -0, 0, 0, 0
4.564, -0, 0, 0, 0
4.577, -0, 0, 0, 0
4.589, -0, 0, 0, 0
4.602, -0, 0, 0, 0
4.614, -0, 0, 0, 0
4.627, -0, 0, 0, 0
4.639, -0, 0, 0, 0
4.652, -0, 0, 0, 0
4.664, -0, 0, 0, 0
4.676, -0, 0, 0, 0
4.689, -0, 0, 0, 0
4.702, -0, 0, 0, 0
4.715, -0, 0, 0, 0
4.727, -0, 0, 0, 0
4.74, -0, 0, 0, 0
4.753, -0, 0, 0, 0
4.765, -0, 0, 0, 0
4.778, -0, 0, 0, 0
4.791, -0, 0, 0, 0
4.803, -0, 0, 0, 0
4.816, -0, 0, 0, 0
4.829, -0, 0, 0, 0
4.841, -0, 0, 0, 0
4.854, -0, 0, 0, 0
4.867, -0, 0, 0, 0
4.879, -0, 0, 0, 0
4.892, -0, 0, 0, 0
4.905, -0, 0, 0, 0
4.918, -0, 0, 0, 0
4.93, -0, 0, 0, 0
4.943, -0, 0, 0, 0
4.956, -0, 0, 0, 0
4.968, -0, 0, 0, 0
4.981, -0, 0, 0, 0
4.993, -0, 0, 0, 0
5.006, -0, 0, 0, 0
5.019, -0, 0, 0, 0
5.032, -0, 0, 0, 0
5.045, -0, 0, 0, 0
5.057, -0, 0, 0, 0
5.07, -0, 0, 0, 0
5.082, -0, 0, 0, 0
5.095, -0, 0, 0, 0
5.107, -0, 0, 0, 0
5.12, -0, 0, 0, 0
5.132, -0, 0, 0, 0
5.145, -0, 0, 0, 0
5.157, -0, 0, 0, 0
5.17, -0, 0, 0, 0
5.182, -0, 0, 0, 0
5.195, -0, 0, 0, 0
5.207, -0, 0, 0, 0
5.22, -0, 0, 0, 0
5.232, -0, 0, 0, 0
5.245, -0, 0, 0, 0
5.257, -0, 0, 0, 0
5.27, -0, 0, 0, 0
5.282, -0, 0, 0, 0
5.294, -0, 0, 0, 0
5.307, -0, 0, 0, 0
5.319, -0, 0, 0, 0
5.332, -0, 0, 0, 0
5.344, -0, 0, 0, 0
5.357, -0, 0, 0, 0
5.369, -0, 0, 0, 0
5.382, -0, 0, 0, 0
5.394, -0, 0, 0, 0
5.407, -0, 0, 0, 0
5.419, -0, 0, 0, 0
5.432, -0, 0, 0, 0
5.444, -0, 0, 0, 0
5.457, -0, 0, 0, 0
5.469, -0, 0, 0, 0
5.481, -0, 0, 0, 0
5.493, -0, 0, 0, 0
5.505, -0, 0, 0, 0
5.518, -0, 0, 0, 0
5.53, -0, 0, 0, 0
5.543, -0, 0, 0, 0
5.555, -0, 0, 0, 0
5.568, -0, 0, 0, 0
5.58, -0, 0, 0, 0
5.593, -0, 0, 0, 0
5.605, -0, 0, 0, 0
5.617, -0, 0, 0, 0
5.629, -0, 0, 0, 0
5.641, -0, 0, 0, 0
5.654, -0, 0, 0, 0
5.666, -0, 0, 0, 0
5.679, -0, 0, 0, 0
5.691, -0, 0, 0, 0
5.703, -0, 0, 0, 0
5.716, -0, 0, 0, 0
5.728, -0, 0, 0, 0
5.741, -0, 0, 0, 0
5.753, -0, 0, 0, 0
5.766, -0, 0, 0, 0
5.778, -0, 0, 0, 0
5.791, -0, 0, 0, 0
5.803, -0, 0, 0, 0
5.816, -0, 0, 0, 0
5.828, -0, 0, 0, 0
5.841, -0, 0, 0, 0
5.853, -0, 0, 0, 0
5.866, -0, 0, 0, 0
5.879, -0, 0, 0, 0
5.891, -0, 0, 0, 0
5.904, -0, 0, 0, 0
5.916, -0, 0, 0, 0
5.928, -0, 0, 0, 0
5.941, -0, 0, 0, 0
5.954, -0, 0, 0, 0
5.966, -0, 0, 0, 0
5.979, -0, 0, 0, 0
5.991, -0, 0, 0, 0
6.004, -0, 0, 0, 0
6.017, -0, 0, 0, 0
6.029, -0, 0, 0, 0
6.042, -0, 0, 0, 0
6.055, -0, 0, 0, 0
6.068, -0, 0, 0, 0
6.08, -0, 0, 0, 0
6.093, -0, 0, 0, 0
6.106, -0, 0, 0, 0
6.118, -0, 0, 0, 0
6.131, -0, 0, 0, 0
6.144, -0, 0, 0, 0
6.156, -0, 0, 0, 0
6.169, -0, 0, 0, 0
6.182, -0, 0, 0, 0
6.194, -0, 0, 0, 0
6.207, -0, 0, 0, 0
6.22, -0, 0, 0, 0
6.232, -0, 0, 0, 0
6.245, -0, 0, 0, 0
6.258, -0, 0, 0, 0
6.27, -0, 0, 0, 0
6.283, -0, 0, 0, 0
6.296, -0, 0, 0, 0
6.309, -0, 0, 0, 0
6.323, -0, 0, 0, 0
6.335, -0, 0, 0, 0
6.348, -0, 0, 0, 0
6.361, -0, 0, 0, 0
6.374, -0, 0, 0, 0
6.386, -0, 0, 0, 0
6.399, -0, 0, 0, 0
6.412, -0, 0, 0, 0
6.425, -0, 0, 0, 0
6.438, -0, 0, 0, 0
6.451, -0, 0, 0, 0
6.463, -0, 0, 0, 0
6.476, -0, 0, 0, 0
6.488, -0, 0, 0, 0
6.501, -0, 0, 0, 0
6.514, -0, 0, 0, 0
6.527, -0, 0, 0, 0
6.539, -0, 0, 0, 0
6.552, -0, 0, 0, 0
6.565, -0, 0, 0, 0
6.578, -0, 0, 0, 0
6.59, -0, 0, 0, 0
6.603, -0, 0, 0, 0
6.616, -0, 0, 0, 0
6.628, -0, 0, 0, 0
6.64, -0, 0, 0, 0
6.652, -0, 0, 0, 0
6.666, -0, 0, 0, 0
6.678, -0, 0, 0, 0
6.691, -0, 0, 0, 0
6.703, -0, 0, 0, 0
6.716, -0, 0, 0, 0
6.728, -0, 0, 0, 0
6.741, -0, 0, 0, 0
6.754, -0, 0, 0, 0
6.766, -0, 0, 0, 0
6.779, -0, 0, 0, 0
6.791, -0, 0, 0, 0
6.804, -0, 0, 0, 0
6.817, -0, 0, 0, 0
6.829, -0, 0, 0, 0
6.842, -0, 0, 0, 0
6.855, -0, 0, 0, 0
6.867, -0, 0, 0, 0
6.88, -0, 0, 0, 0
6.893, -0, 0, 0, 0
6.906, -0, 0, 0, 0
6.919, -0, 0, 0, 0
6.932, -0, 0, 0, 0
6.945, -0, 0, 0, 0
6.959, -0, 0, 0, 0
6.972, -0, 0, 0, 0
6.986, -0, 0, 0, 0
6.998, -0, 0, 0, 0
7.011, -0, 0, 0, 0
7.024, -0, 0, 0, 0
7.037, -0, 0, 0, 0
7.049, -0, 0, 0, 0
7.062, -0, 0, 0, 0
7.075, -0, 0, 0, 0
7.088, -0, 0, 0, 0
7.101, -0, 0, 0, 0
7.114, -0, 0, 0, 0
7.126, -0, 0, 0, 0
7.139, -0, 0, 0, 0
7.152, -0, 0, 0, 0
7.165, -0, 0, 0, 0
7.178, -0, 0, 0, 0
7.191, -0, 0, 0, 0
7.203, -0, 0, 0, 0
7.216, -0, 0, 0, 0
7.229, -0, 0, 0, 0
7.242, -0, 0, 0, 0
7.255, -0, 0, 0, 0
7.268, -0, 0, 0, 0
7.281, -0, 0, 0, 0
7.294, -0, 0, 0, 0
7.307, -0, 0, 0, 0
7.319, -0, 0, 0, 0
7.332, -0, 0, 0, 0
7.345, -0, 0, 0, 0
7.358, -0, 0, 0, 0
7.371, -0, 0, 0, 0
7.384, -0, 0, 0, 0
7.397, -0, 0, 0, 0
7.409, -0, 0, 0, 0
7.422, -0, 0, 0, 0
7.435, -0, 0, 0, 0
7.448, -0, 0, 0, 0
7.461, -0, 0, 0, 0
7.474, -0, 0, 0, 0
7.487, -0, 0, 0, 0
7.5, -0, 0, 0, 0
7.513, -0, 0, 0, 0
7.526, -0, 0, 0, 0
7.538, -0, 0, 0, 0
7.551, -0, 0, 0, 0
7.563, -0, 0, 0, 0
7.576, -0, 0, 0, 0
7.589, -0, 0, 0, 0
7.602, -0, 0, 0, 0
7.615, -0, 0, 0, 0
7.628, -0, 0, 0, 0
7.641, -0, 0, 0, 0
7.654, -0, 0, 0, 0
7.667, -0, 0, 0, 0
7.68, -0, 0, 0, 0
7.693, -0, 0, 0, 0
7.706, -0, 0, 0, 0
7.719, -0, 0, 0, 0
7.732, -0, 0, 0, 0
7.745, -0, 0, 0, 0
7.758, -0, 0, 0, 0
7.771, -0, 0, 0, 0
7.784, -0, 0, 0, 0
7.797, -0, 0, 0, 0
7.81, -0, 0, 0, 0
7.823, -0, 0, 0, 0
7.835, -0, 0, 0, 0
7.848, -0, 0, 0, 0
7.861, -0, 0, 0, 0
7.874, -0, 0, 0, 0
7.887, -0, 0, 0, 0
7.9, -0, 0, 0, 0
7.913, -0, 0, 0, 0
7.926, -0, 0, 0, 0
7.939, -0, 0, 0, 0
7.952, -0, 0, 0, 0
7.966, -0, 0, 0, 0
7.979, -0, 0, 0, 0
7.991, -0, 0, 0, 0
8.004, -0, 0, 0, 0
8.017, -0, 0, 0, 0
8.03, -0, 0, 0, 0
8.043, -0, 0, 0, 0
8.056, -0, 0, 0, 0
8.069, -0, 0, 0, 0
8.082, -0, 0, 0, 0
8.094, -0, 0, 0, 0
8.107, -0, 0, 0, 0
8.12, -0, 0, 0, 0
8.133, -0, 0, 0, 0
8.146, -0, 0, 0, 0
8.158, -0, 0, 0, 0
8.171, -0, 0, 0, 0
8.184, -0, 0, 0, 0
8.197, -0, 0, 0, 0
8.21, -0, 0, 0, 0
8.223, -0, 0, 0, 0
8.235, -0, 0, 0, 0
8.248, -0, 0, 0, 0
8.261, -0, 0, 0, 0
8.274, -0, 0, 0, 0
8.287, -0, 0, 0, 0
8.3, -0, 0, 0, 0
8.313, -0, 0, 0, 0
8.326, -0, 0, 0, 0
8.339, -0, 0, 0, 0
8.351, -0, 0, 0, 0
8.364, -0, 0, 0, 0
8.377, -0, 0, 0, 0
8.389, -0, 0, 0, 0
8.403, -0, 0, 0, 0
8.415, -0, 0, 0, 0
8.428, -0, 0, 0, 0
8.441, -0, 0, 0, 0
8.454, -0, 0, 0, 0
8.466, -0, 0, 0, 0
8.479, -0, 0, 0, 0
8.492, -0, 0, 0, 0
8.505, -0, 0, 0, 0
8.518, -0, 0, 0, 0
8.531, -0, 0, 0, 0
8.544, -0, 0, 0, 0
8.557, -0, 0, 0, 0
8.569, -0, 0, 0, 0
8.582, -0, 0, 0, 0
8.595, -0, 0, 0, 0
8.608, -0, 0, 0, 0
8.621, -0, 0, 0, 0
8.634, -0, 0, 0, 0
8.647, -0, 0, 0, 0
8.659, -0, 0, 0, 0
8.672, -0, 0, 0, 0
8.685, -0, 0, 0, 0
8.698, -0, 0, 0, 0
8.711, -0, 0, 0, 0
8.724, -0, 0, 0, 0
8.737, -0, 0, 0, 0
8.75, -0, 0, 0, 0
8.763, -0, 0, 0, 0
8.776, -0, 0, 0, 0
8.788, -0, 0, 0, 0
8.801, -0, 0, 0, 0
8.814, -0, 0, 0, 0
8.827, -0, 0, 0, 0
8.849, -0, 0, 0, 0
8.862, -0, 0, 0, 0
8.874, -0, 0, 0, 0
8.886, -0, 0, 0, 0
8.899, -0, 0, 0, 0
8.911, -0, 0, 0, 0
8.924, -0, 0, 0, 0
8.936, -0, 0, 0, 0
8.949, -0, 0, 0, 0
8.961, -0, 0, 0, 0
8.974, -0, 0, 0, 0
8.987, -0, 0, 0, 0
8.999, -0, 0, 0, 0
9.012, -0, 0, 0, 0
9.025, -0, 0, 0, 0
9.038, -0, 0, 0, 0
9.051, -0, 0, 0, 0
9.064, -0, 0, 0, 0
9.076, -0, 0, 0, 0
9.089, -0, 0, 0, 0
9.102, -0, 0, 0, 0
9.115, -0, 0, 0, 0
9.128, -0, 0, 0, 0
9.141, -0, 0, 0, 0
9.154, -0, 0, 0, 0
9.166, -0, 0, 0, 0
9.179, -0, 0, 0, 0
9.192, -0, 0, 0, 0
9.205, -0, 0, 0, 0
9.218, -0, 0, 0, 0
9.231, -0, 0, 0, 0
9.244, -0, 0, 0, 0
9.257, -0, 0, 0, 0
9.27, -0, 0, 0, 0
9.283, -0, 0, 0, 0
9.295, -0, 0, 0, 0
9.308, -0, 0, 0, 0
9.321, -0, 0, 0, 0
9.334, -0, 0, 0, 0
9.347, -0, 0, 0, 0
9.36, -0, 0, 0, 0
9.373, -0, 0, 0, 0
9.386, -0, 0, 0, 0
9.398, -0, 0, 0, 0
9.411, -0, 0, 0, 0
9.424, -0, 0, 0, 0
9.437, -0, 0, 0, 0
9.45, -0, 0, 0, 0
9.463, -0, 0, 0, 0
9.476, -0, 0, 0, 0
9.488, -0, 0, 0, 0
9.501, -0, 0, 0, 0
9.514, -0, 0, 0, 0
9.527, -0, 0, 0, 0
9.539, -0, 0, 0, 0
9.552, -0, 0, 0, 0
9.565, -0, 0, 0, 0
9.577, -0, 0, 0, 0
9.59, -0, 0, 0, 0
9.603, -0, 0, 0, 0
9.615, -0, 0, 0, 0
9.628, -0, 0, 0, 0
9.64, -0, 0, 0, 0
9.653, -0, 0, 0, 0
9.666, -0, 0, 0, 0
9.679, -0, 0, 0, 0
9.691, -0, 0, 0, 0
9.704, -0, 0, 0, 0
9.717, -0, 0, 0, 0
9.73, -0, 0, 0, 0
9.743, -0, 0, 0, 0
9.756, -0, 0, 0, 0
9.769, -0, 0, 0, 0
9.782, -0, 0, 0, 0
9.795, -0, 0, 0, 0
9.808, -0, 0, 0, 0
9.821, -0, 0, 0, 0
9.834, -0, 0, 0, 0
9.847, -0, 0, 0, 0
9.86, -0, 0, 0, 0
9.874, -0, 0, 0, 0
9.886, -0, 0, 0, 0
9.899, -0, 0, 0, 0
9.912, -0, 0, 0, 0
9.925, -0, 0, 0, 0
9.938, -0, 0, 0, 0
9.951, -0, 0, 0, 0
9.964, -0, 0, 0, 0
9.977, -0, 0, 0, 0
9.99, -0, 0, 0, 0
10.003, -0, 0, 0, 0
10.015, -0, 0, 0, 0
10.028, -0, 0, 0, 0
10.041, -0, 0, 0, 0
10.054, -0, 0, 0, 0
10.067, -0, 0, 0, 0
10.08, -0, 0, 0, 0
10.093, -0, 0, 0, 0
10.106, -0, 0, 0, 0
10.119, -0, 0, 0, 0
10.132, -0, 0, 0, 0
10.146, -0, 0, 0, 0
10.159, -0, 0, 0, 0
10.171, -0, 0, 0, 0
10.185, -0, 0, 0, 0
10.198, -0, 0, 0, 0
10.211, -0, 0, 0, 0
10.224, -0, 0, 0, 0
10.237, -0, 0, 0, 0
10.25, -0, 0, 0, 0
10.263, -0, 0, 0, 0
10.276, -0, 0, 0, 0
10.289, -0, 0, 0, 0
10.302, -0, 0, 0, 0
10.315, -0, 0, 0, 0
10.328, -0, 0, 0, 0
10.341, -0, 0, 0, 0
10.354, -0, 0, 0, 0
10.367, -0, 0, 0, 0
10.38, -0, 0, 0, 0
10.393, -0, 0, 0, 0
10.406, -0, 0, 0, 0
10.419, -0, 0, 0, 0
10.432, -0, 0, 0, 0
10.444, -0, 0, 0, 0
10.457, -0, 0, 0, 0
10.471, -0, 0, 0, 0
10.483, -0, 0, 0, 0
10.495, -0, 0, 0, 0
10.508, -0, 0, 0, 0
10.521, -0, 0, 0, 0
10.534, -0, 0, 0, 0
10.547, -0, 0, 0, 0
10.559, -0, 0, 0, 0
10.572, -0, 0, 0, 0
10.585, -0, 0, 0, 0
10.598, -0, 0, 0, 0
10.61, -0, 0, 0, 0
10.623, -0, 0, 0, 0
10.636, -0, 0, 0, 0
10.649, -0, 0, 0, 0
10.662, -0, 0, 0, 0
10.675, -0, 0, 0, 0
10.688, -0, 0, 0, 0
10.701, -0, 0, 0, 0
10.714, -0, 0, 0, 0
10.727, -0, 0, 0, 0
10.74, -0, 0, 0, 0
10.753, -0, 0, 0, 0
10.767, -0, 0, 0, 0
10.78, -0, 0, 0, 0
10.793, -0, 0, 0, 0
10.806, -0, 0, 0, 0
10.818, -0, 0, 0, 0
10.832, -0, 0, 0, 0
10.844, -0, 0, 0, 0
10.857, -0, 0, 0, 0
10.87, -0, 0, 0, 0
10.882, -0, 0, 0, 0
10.895, -0, 0, 0, 0
10.908, -0, 0, 0, 0
10.921, -0, 0, 0, 0
10.934, -0, 0, 0, 0
10.947, -0, 0, 0, 0
10.96, -0, 0, 0, 0
10.973, -0, 0, 0, 0
10.986, -0, 0, 0, 0
10.998, -0, 0, 0, 0
11.011, -0, 0, 0, 0
11.023, -0, 0, 0, 0
11.036, -0, 0, 0, 0
11.048, -0, 0, 0, 0
11.061, -0, 0, 0, 0
11.074, -0, 0, 0, 0
11.087, -0, 0, 0, 0
11.099, -0, 0, 0, 0
11.112, -0, 0, 0, 0
11.125, -0, 0, 0, 0
11.138, -0, 0, 0, 0
11.152, -0, 0, 0, 0
11.164, -0, 0, 0, 0
11.177, -0, 0, 0, 0
11.19, -0, 0, 0, 0
11.203, -0, 0, 0, 0
11.215, -0, 0, 0, 0
11.228, -0, 0, 0, 0
11.241, -0, 0, 0, 0
11.254, -0, 0, 0, 0
11.267, -0, 0, 0, 0
11.279, -0, 0, 0, 0
11.292, -0, 0, 0, 0
11.305, -0, 0, 0, 0
11.318, -0, 0, 0, 0
11.331, -0, 0, 0, 0
11.344, -0, 0, 0, 0
11.357, -0, 0, 0, 0
11.369, -0, 0, 0, 0
11.382, -0, 0, 0, 0
11.395, -0, 0, 0, 0
11.407, -0, 0, 0, 0
11.42, -0, 0, 0, 0
11.433, -0, 0, 0, 0
11.446, -0, 0, 0, 0
11.459, -0, 0, 0, 0
11.471, -0, 0, 0, 0
11.484, -0, 0, 0, 0
11.497, -0, 0, 0, 0
11.51, -0, 0, 0, 0
11.523, -0, 0, 0, 0
11.536, -0, 0, 0, 0
11.549, -0, 0, 0, 0
11.562, -0, 0, 0, 0
11.575, -0, 0, 0, 0
11.587, -0, 0, 0, 0
11.6, -0, 0, 0, 0
11.614, -0, 0, 0, 0
11.627, -0, 0, 0, 0
11.64, -0, 0, 0, 0
11.653, -0, 0, 0, 0
11.666, -0, 0, 0, 0
11.679, -0, 0, 0, 0
11.692, -0, 0, 0, 0
11.705, -0, 0, 0, 0
11.718, -0, 0, 0, 0
11.731, -0, 0, 0, 0
11.744, -0, 0, 0, 0
11.757, -0, 0, 0, 0
11.77, -0, 0, 0, 0
11.782, -0, 0, 0, 0
11.795, -0, 0, 0, 0
11.808, -0, 0, 0, 0
11.821, -0, 0, 0, 0
11.834, -0, 0, 0, 0
11.846, -0, 0, 0, 0
11.859, -0, 0, 0, 0
11.872, -0, 0, 0, 0
11.885, -0, 0, 0, 0
11.898, -0, 0, 0, 0
11.911, -0, 0, 0, 0
11.924, -0, 0, 0, 0
11.937, -0, 0, 0, 0
11.95, -0, 0, 0, 0
11.963, -0, 0, 0, 0
11.976, -0, 0, 0, 0
11.989, -0, 0, 0, 0
12.003, -0, 0, 0, 0
12.016, -0, 0, 0, 0
12.029, -0, 0, 0, 0
12.042, -0, 0, 0, 0
12.054, -0, 0, 0, 0
12.068, -0, 0, 0, 0
12.082, -0, 0, 0, 0
12.095, -0, 0, 0, 0
12.108, -0, 0, 0, 0
12.121, -0, 0, 0, 0
12.134, -0, 0, 0, 0
12.147, -0, 0, 0, 0
12.16, -0, 0, 0, 0
12.173, -0, 0, 0, 0
12.186, -0, 0, 0, 0
12.199, -0, 0, 0, 0
12.212, -0, 0, 0, 0
12.226, -0, 0, 0, 0
12.239, -0, 0, 0, 0
12.252, -0, 0, 0, 0
12.264, -0, 0, 0, 0
12.277, -0, 0, 0, 0
12.29, -0, 0, 0, 0
12.304, -0, 0, 0, 0
12.316, -0, 0, 0, 0
12.33, -0, 0, 0, 0
12.343, -0, 0, 0, 0
12.356, -0, 0, 0, 0
12.369, -0, 0, 0, 0
12.381, -0, 0, 0, 0
12.394, -0, 0, 0, 0
12.407, -0, 0, 0, 0
12.419, -0, 0, 0, 0
12.432, -0, 0, 0, 0
12.446, -0, 0, 0, 0
12.459, -0, 0, 0, 0
12.472, -0, 0, 0, 0
12.485, -0, 0, 0, 0
12.498, -0, 0, 0, 0
12.511, -0, 0, 0, 0
12.523, -0, 0, 0, 0
12.536, -0, 0, 0, 0
12.549, -0, 0, 0, 0
12.562, -0, 0, 0, 0
12.575, -0, 0, 0, 0
12.588, -0, 0, 0, 0
12.602, -0, 0, 0, 0
12.614, -0, 0, 0, 0
12.627, -0, 0, 0, 0
12.64, -0, 0, 0, 0
12.653, -0, 0, 0, 0
12.666, -0, 0, 0, 0
12.678, -0, 0, 0, 0
12.691, -0, 0, 0, 0
12.704, -0, 0, 0, 0
12.717, -0, 0, 0, 0
12.73, -0, 0, 0, 0
12.742, -0, 0, 0, 0
12.755, -0, 0, 0, 0
12.768, -0, 0, 0, 0
12.781, -0, 0, 0, 0
12.795, -0, 0, 0, 0
12.808, -0, 0, 0, 0
12.821, -0, 0, 0, 0
12.834, -0, 0, 0, 0
12.847, -0, 0, 0, 0
12.86, -0, 0, 0, 0
12.873, -0, 0, 0, 0
12.886, -0, 0, 0, 0
12.898, -0, 0, 0, 0
12.912, -0, 0, 0, 0
12.925, -0, 0, 0, 0
12.938, -0, 0, 0, 0
12.95, -0, 0, 0, 0
12.963, -0, 0, 0, 0
12.976, -0, 0, 0, 0
12.989, -0, 0, 0, 0
13.002, -0, 0, 0, 0
13.015, -0, 0, 0, 0
13.029, -0, 0, 0, 0
13.042, -0, 0, 0, 0
13.054, -0, 0, 0, 0
13.067, -0, 0, 0, 0
13.08, -0, 0, 0, 0
13.093, -0, 0, 0, 0
13.106, -0, 0, 0, 0
13.119, -0, 0, 0, 0
13.132, -0, 0, 0, 0
13.145, -0, 0, 0, 0
13.158, -0, 0, 0, 0
13.17, -0, 0, 0, 0
13.183, -0, 0, 0, 0
13.196, -0, 0, 0, 0
13.209, -0, 0, 0, 0
13.222, -0, 0, 0, 0
13.235, -0, 0, 0, 0
13.249, -0, 0, 0, 0
13.262, -0, 0, 0, 0
13.275, -0, 0, 0, 0
13.289, -0, 0, 0, 0
13.301, -0, 0, 0, 0
13.314, -0, 0, 0, 0
13.327, -0, 0, 0, 0
13.34, -0, 0, 0, 0
13.353, -0, 0, 0, 0
13.366, -0, 0, 0, 0
13.378, -0, 0, 0, 0
13.391, -0, 0, 0, 0
13.409, -0, 0, 0, 0
13.422, -0, 0, 0, 0
13.435, -0, 0, 0, 0
13.447, -0, 0, 0, 0
13.46, -0, 0, 0, 0
13.473, -0, 0, 0, 0
13.485, -0, 0, 0, 0
13.498, -0, 0, 0, 0
13.511, -0, 0, 0, 0
13.524, -0, 0, 0, 0
13.536, -0, 0, 0, 0
13.549, -0, 0, 0, 0
13.561, -0, 0, 0, 0
13.574, -0, 0, 0, 0
13.587, -0, 0, 0, 0
13.599, -0, 0, 0, 0
13.611, -0, 0, 0, 0
13.624, -0, 0, 0, 0
13.636, -0, 0, 0, 0
13.649, -0, 0, 0, 0
13.662, -0, 0, 0, 0
13.674, -0, 0, 0, 0
13.687, -0, 0, 0, 0
13.7, -0, 0, 0, 0
13.712, -0, 0, 0, 0
13.725, -0, 0, 0, 0
13.738, -0, 0, 0, 0
13.751, -0, 0, 0, 0
13.764, -0, 0, 0, 0
13.777, -0, 0, 0, 0
13.79, -0, 0, 0, 0
13.803, -0, 0, 0, 0
13.816, -0, 0, 0, 0
13.828, -0, 0, 0, 0
13.841, -0, 0, 0, 0
13.854, -0, 0, 0, 0
13.867, -0, 0, 0, 0
13.879, -0, 0, 0, 0
13.892, -0, 0, 0, 0
13.905, -0, 0, 0, 0
13.919, -0, 0, 0, 0
13.931, -0, 0, 0, 0
13.944, -0, 0, 0, 0
13.957, -0, 0, 0, 0
13.97, -0, 0, 0, 0
13.983, -0, 0, 0, 0
13.996, -0, 0, 0, 0
14.009, -0, 0, 0, 0
14.021, -0, 0, 0, 0
14.034, -0, 0, 0, 0
14.047, -0, 0, 0, 0
14.06, -0, 0, 0, 0
14.073, -0, 0, 0, 0
14.086, -0, 0, 0, 0
14.099, -0, 0, 0, 0
14.111, -0, 0, 0, 0
14.124, -0, 0, 0, 0
14.137, -0, 0, 0, 0
14.15, -0, 0, 0, 0
14.163, -0, 0, 0, 0
14.175, -0, 0, 0, 0
14.188, -0, 0, 0, 0
14.201, -0, 0, 0, 0
14.214, -0, 0, 0, 0
14.227, -0, 0, 0, 0
14.24, -0, 0, 0, 0
14.252, -0, 0, 0, 0
14.265, -0, 0, 0, 0
14.278, -0, 0, 0, 0
14.291, -0, 0, 0, 0
14.304, -0, 0, 0, 0
14.317, -0, 0, 0, 0
14.331, -0, 0, 0, 0
14.344, -0, 0, 0, 0
14.357, -0, 0, 0, 0
14.369, -0, 0, 0, 0
14.382, -0, 0, 0, 0
14.395, -0, 0, 0, 0
14.408, -0, 0, 0, 0
14.421, -0, 0, 0, 0
14.434, -0, 0, 0, 0
14.448, -0, 0, 0, 0
14.461, -0, 0, 0, 0
14.473, -0, 0, 0, 0
14.486, -0, 0, 0, 0
14.499, -0, 0, 0, 0
14.512, -0, 0, 0, 0
14.525, -0, 0, 0, 0
14.538, -0, 0, 0, 0
14.552, -0, 0, 0, 0
14.565, -0, 0, 0, 0
14.578, -0, 0, 0, 0
14.59, -0, 0, 0, 0
14.604, -0, 0, 0, 0
14.617, -0, 0, 0, 0
14.63, -0, 0, 0, 0
14.644, -0, 0, 0, 0
14.657, -0, 0, 0, 0
14.67, -0, 0, 0, 0
14.683, -0, 0, 0, 0
14.696, -0, 0, 0, 0
14.709, -0, 0, 0, 0
14.722, -0, 0, 0, 0
14.735, -0, 0, 0, 0
14.748, -0, 0, 0, 0
14.76, -0, 0, 0, 0
14.773, -0, 0, 0, 0
14.786, -0, 0, 0, 0
14.8, -0, 0, 0, 0
14.812, -0, 0, 0, 0
14.825, -0, 0, 0, 0
14.838, -0, 0, 0, 0
14.851, -0, 0, 0, 0
14.864, -0, 0, 0, 0
14.876, -0, 0, 0, 0
14.889, -0, 0, 0, 0
14.901, -0, 0, 0, 0
14.914, -0, 0, 0, 0
14.927, -0, 0, 0, 0
14.94, -0, 0, 0, 0
14.953, -0, 0, 0, 0
14.966, -0, 0, 0, 0
14.978, -0, 0, 0, 0
14.991, -0, 0, 0, 0
15.004, -0, 0, 0, 0
15.017, -0, 0, 0, 0
15.03, -0, 0, 0, 0
15.043, -0, 0, 0, 0
15.055, -0, 0, 0, 0
15.068, -0, 0, 0, 0
15.081, -0, 0, 0, 0
15.094, -0, 0, 0, 0
15.107, -0, 0, 0, 0
15.12, -0, 0, 0, 0
15.133, -0, 0, 0, 0
15.146, -0, 0, 0, 0
15.158, -0, 0, 0, 0
15.171, -0, 0, 0, 0
15.184, -0, 0, 0, 0
15.197, -0, 0, 0, 0
15.21, -0, 0, 0, 0
15.222, -0, 0, 0, 0
15.235, -0, 0, 0, 0
15.248, -0, 0, 0, 0
15.261, -0, 0, 0, 0
15.274, -0, 0, 0, 0
15.287, -0, 0, 0, 0
15.3, -0, 0, 0, 0
15.313, -0, 0, 0, 0
15.325, -0, 0, 0, 0
15.338, -0, 0, 0, 0
15.351, -0, 0, 0, 0
15.364, -0, 0, 0, 0
15.377, -0, 0, 0, 0
15.39, -0, 0, 0, 0
15.403, -0, 0, 0, 0
15.416, -0, 0, 0, 0
15.429, -0, 0, 0, 0
15.442, -0, 0, 0, 0
15.454, -0, 0, 0, 0
15.468, -0, 0, 0, 0
15.481, -0, 0, 0, 0
15.493, -0, 0, 0, 0
15.506, -0, 0, 0, 0
15.519, -0, 0, 0, 0
15.532, -0, 0, 0, 0
15.546, -0, 0, 0, 0
15.559, -0, 0, 0, 0
15.571, -0, 0, 0, 0
15.585, -0, 0, 0, 0
15.598, -0, 0, 0, 0
15.611, -0, 0, 0, 0
15.624, -0, 0, 0, 0
15.636, -0, 0, 0, 0
15.649, -0, 0, 0, 0
15.662, -0, 0, 0, 0
15.675, -0, 0, 0, 0
15.688, -0, 0, 0, 0
15.701, -0, 0, 0, 0
15.714, -0, 0, 0, 0
15.726, -0, 0, 0, 0
15.739, -0, 0, 0, 0
15.752, -0, 0, 0, 0
15.764, -0, 0, 0, 0
15.777, -0, 0, 0, 0
15.79, -0, 0, 0, 0
15.803, -0, 0, 0, 0
15.816, -0, 0, 0, 0
15.828, -0, 0, 0, 0
15.842, -0, 0, 0, 0
15.854, -0, 0, 0, 0
15.868, -0, 0, 0, 0
15.881, -0, 0, 0, 0
15.894, -0, 0, 0, 0
15.907, -0, 0, 0, 0
15.92, -0, 0, 0, 0
15.932, -0, 0, 0, 0
15.945, -0, 0, 0, 0
15.959, -0, 0, 0, 0
15.971, -0, 0, 0, 0
15.984, -0, 0, 0, 0
15.997, -0, 0, 0, 0
16.01, -0, 0, 0, 0
16.023, -0, 0, 0, 0
16.036, -0, 0, 0, 0
16.049, -0, 0, 0, 0
16.062, -0, 0, 0, 0
16.074, -0, 0, 0, 0
16.087, -0, 0, 0, 0
16.099, -0, 0, 0, 0
16.112, -0, 0, 0, 0
16.124, -0, 0, 0, 0
16.137, -0, 0, 0, 0
16.149, -0, 0, 0, 0
16.162, -0, 0, 0, 0
16.174, -0, 0, 0, 0
16.186, -0, 0, 0, 0
16.199, -0, 0, 0, 0
16.212, -0, 0, 0, 0
16.224, -0, 0, 0, 0
16.237, -0, 0, 0, 0
16.25, -0, 0, 0, 0
16.262, -0, 0, 0, 0
16.275, -0, 0, 0, 0
16.288, -0, 0, 0, 0
16.301, -0, 0, 0, 0
16.314, -0, 0, 0, 0
16.326, -0, 0, 0, 0
16.339, -0, 0, 0, 0
16.352, -0, 0, 0, 0
16.366, -0, 0, 0, 0
16.378, -0, 0, 0, 0
16.391, -0, 0, 0, 0
16.404, -0, 0, 0, 0
16.417, -0, 0, 0, 0
16.43, -0, 0, 0, 0
16.443, -0, 0, 0, 0
16.456, -0, 0, 0, 0
16.469, -0, 0, 0, 0
16.482, -0, 0, 0, 0
16.495, -0, 0, 0, 0
16.508, -0, 0, 0, 0
16.521, -0, 0, 0, 0
16.534, -0, 0, 0, 0
16.547, -0, 0, 0, 0
16.56, -0, 0, 0, 0
16.573, -0, 0, 0, 0
16.586, -0, 0, 0, 0
16.598, -0, 0, 0, 0
16.611, -0, 0, 0, 0
16.624, -0, 0, 0, 0
16.637, -0, 0, 0, 0
16.65, -0, 0, 0, 0
16.663, -0, 0, 0, 0
16.676, -0, 0, 0, 0
16.689, -0, 0, 0, 0
16.702, -0, 0, 0, 0
16.715, -0, 0, 0, 0
16.728, -0, 0, 0, 0
16.741, -0, 0, 0, 0
16.754, -0, 0, 0, 0
16.767, -0, 0, 0, 0
16.779, -0, 0, 0, 0
16.792, -0, 0, 0, 0
16.806, -0, 0, 0, 0
16.819, -0, 0, 0, 0
16.832, -0, 0, 0, 0
16.845, -0, 0, 0, 0
16.858, -0, 0, 0, 0
16.871, -0, 0, 0, 0
16.884, -0, 0, 0, 0
16.897, -0, 0, 0, 0
16.91, -0, 0, 0, 0
16.923, -0, 0, 0, 0
16.936, -0, 0, 0, 0
16.949, -0, 0, 0, 0
16.962, -0, 0, 0, 0
16.975, -0, 0, 0, 0
16.988, -0, 0, 0, 0
17, -0, 0, 0, 0
17.013, -0, 0, 0, 0
17.026, -0, 0, 0, 0
17.039, -0, 0, 0, 0
17.052, -0, 0, 0, 0
17.065, -0, 0, 0, 0
17.077, -0, 0, 0, 0
17.09, -0, 0, 0, 0
17.103, -0, 0, 0, 0
17.116, -0, 0, 0, 0
17.129, -0, 0, 0, 0
17.141, -0, 0, 0, 0
17.154, -0, 0, 0, 0
17.167, -0, 0, 0, 0
17.18, -0, 0, 0, 0
17.193, -0, 0, 0, 0
17.206, -0, 0, 0, 0
17.219, -0, 0, 0, 0
17.231, -0, 0, 0, 0
17.245, -0, 0, 0, 0
17.257, -0, 0, 0, 0
17.27, -0, 0, 0, 0
17.283, -0, 0, 0, 0
17.295, -0, 0, 0, 0
17.308, -0, 0, 0, 0
17.321, -0, 0, 0, 0
17.334, -0, 0, 0, 0
17.346, -0, 0, 0, 0
17.359, -0, 0, 0, 0
17.372, -0, 0, 0, 0
17.385, -0, 0, 0, 0
17.398, -0, 0, 0, 0
17.411, -0, 0, 0, 0
17.423, -0, 0, 0, 0
17.436, -0, 0, 0, 0
17.449, -0, 0, 0, 0
17.462, -0, 0, 0, 0
17.475, -0, 0, 0, 0
17.488, -0, 0, 0, 0
17.501, -0, 0, 0, 0
17.514, -0, 0, 0, 0
17.527, -0, 0, 0, 0
17.54, -0, 0, 0, 0
17.553, -0, 0, 0, 0
17.566, -0, 0, 0, 0
17.579, -0, 0, 0, 0
17.592, -0, 0, 0, 0
17.605, -0, 0, 0, 0
17.618, -0, 0, 0, 0
17.631, -0, 0, 0, 0
17.643, -0, 0, 0, 0
17.656, -0, 0, 0, 0
17.669, -0, 0, 0, 0
17.682, -0, 0, 0, 0
17.695, -0, 0, 0, 0
17.708, -0, 0, 0, 0
17.721, -0, 0, 0, 0
17.734, -0, 0, 0, 0
17.746, -0, 0, 0, 0
17.759, -0, 0, 0, 0
17.772, -0, 0, 0, 0
17.786, -0, 0, 0, 0
17.798, -0, 0, 0, 0
17.811, -0, 0, 0, 0
17.824, -0, 0, 0, 0
17.837, -0, 0, 0, 0
17.85, -0, 0, 0, 0
17.863, -0, 0, 0, 0
17.876, -0, 0, 0, 0
17.889, -0, 0, 0, 0
17.901, -0, 0, 0, 0
17.915, -0, 0, 0, 0
17.928, -0, 0, 0, 0
17.94, -0, 0, 0, 0
17.953, -0, 0, 0, 0
17.966, -0, 0, 0, 0
17.979, -0, 0, 0, 0
17.992, -0, 0, 0, 0
18.005, -0, 0, 0, 0
18.017, -0, 0, 0, 0
18.03, -0, 0, 0, 0
18.043, -0, 0, 0, 0
18.056, -0, 0, 0, 0
18.069, -0, 0, 0, 0
18.082, -0, 0, 0, 0
18.095, -0, 0, 0, 0
18.108, -0, 0, 0, 0
18.121, -0, 0, 0, 0
18.137, -0, 0, 0, 0
18.15, -0, 0, 0, 0
18.163, -0, 0, 0, 0
18.176, -0, 0, 0, 0
18.189, -0, 0, 0, 0
18.203, -0, 0, 0, 0
18.216, -0, 0, 0, 0
18.228, -0, 0, 0, 0
18.241, -0, 0, 0, 0
18.254, -0, 0, 0, 0
18.267, -0, 0, 0, 0
18.28, -0, 0, 0, 0
18.293, -0, 0, 0, 0
18.305, -0, 0, 0, 0
18.318, -0, 0, 0, 0
18.331, -0, 0, 0, 0
18.344, -0, 0, 0, 0
18.358, -0, 0, 0, 0
18.37, -0, 0, 0, 0
18.383, -0, 0, 0, 0
18.396, -0, 0, 0, 0
18.409, -0, 0, 0, 0
18.422, -0, 0, 0, 0
18.435, -0, 0, 0, 0
18.449, -0, 0, 0, 0
18.461, -0, 0, 0, 0
18.474, -0, 0, 0, 0
18.487, -0, 0, 0, 0
18.5, -0, 0, 0, 0
18.514, -0, 0, 0, 0
18.526, -0, 0, 0, 0
18.539, -0, 0, 0, 0
18.552, -0, 0, 0, 0
18.565, -0, 0, 0, 0
18.578, -0, 0, 0, 0
18.591, -0, 0, 0, 0
18.604, -0, 0, 0, 0
18.617, -0, 0, 0, 0
18.629, -0, 0, 0, 0
18.642, -0, 0, 0, 0
18.655, -0, 0, 0, 0
18.668, -0, 0, 0, 0
18.681, -0, 0, 0, 0
18.694, -0, 0, 0, 0
18.707, -0, 0, 0, 0
18.72, -0, 0, 0, 0
18.733, -0, 0, 0, 0
18.746, -0, 0, 0, 0
18.758, -0, 0, 0, 0
18.772, -0, 0, 0, 0
18.785, -0, 0, 0, 0
18.798, -0, 0, 0, 0
18.811, -0, 0, 0, 0
18.824, -0, 0, 0, 0
18.837, -0, 0, 0, 0
18.849, -0, 0, 0, 0
18.862, -0, 0, 0, 0
18.875, -0, 0, 0, 0
18.888, -0, 0, 0, 0
18.901, -0, 0, 0, 0
18.914, -0, 0, 0, 0
18.927, -0, 0, 0, 0
18.94, -0, 0, 0, 0
18.954, -0, 0, 0, 0
18.966, -0, 0, 0, 0
18.979, -0, 0, 0, 0
18.992, -0, 0, 0, 0
19.005, -0, 0, 0, 0
19.018, -0, 0, 0, 0
19.03, -0, 0, 0, 0
19.043, -0, 0, 0, 0
19.056, -0, 0, 0, 0
19.069, -0, 0, 0, 0
19.082, -0, 0, 0, 0
19.095, -0, 0, 0, 0
19.108, -0, 0, 0, 0
19.12, -0, 0, 0, 0
19.133, -0, 0, 0, 0
19.146, -0, 0, 0, 0
19.159, -0, 0, 0, 0
19.172, -0, 0, 0, 0
19.185, -0, 0, 0, 0
19.198, -0, 0, 0, 0
19.211, -0, 0, 0, 0
19.224, -0, 0, 0, 0
19.237, -0, 0, 0, 0
19.25, -0, 0, 0, 0
19.262, -0, 0, 0, 0
19.275, -0, 0, 0, 0
19.288, -0, 0, 0, 0
19.301, -0, 0, 0, 0
19.314, -0, 0, 0, 0
19.327, -0, 0, 0, 0
19.34, -0, 0, 0, 0
19.353, -0, 0, 0, 0
19.367, -0, 0, 0, 0
19.38, -0, 0, 0, 0
19.393, -0, 0, 0, 0
19.406, -0, 0, 0, 0
19.419, -0, 0, 0, 0
19.432, -0, 0, 0, 0
19.444, -0, 0, 0, 0
19.457, -0, 0, 0, 0
19.471, -0, 0, 0, 0
19.483, -0, 0, 0, 0
19.496, -0, 0, 0, 0
19.509, -0, 0, 0, 0
19.522, -0, 0, 0, 0
19.535, -0, 0, 0, 0
19.548, -0, 0, 0, 0
19.561, -0, 0, 0, 0
19.574, -0, 0, 0, 0
19.587, -0, 0, 0, 0
19.599, -0, 0, 0, 0
19.612, -0, 0, 0, 0
19.625, -0, 0, 0, 0
19.638, -0, 0, 0, 0
19.651, -0, 0, 0, 0
19.663, -0, 0, 0, 0
19.676, -0, 0, 0, 0
19.689, -0, 0, 0, 0
19.702, -0, 0, 0, 0
19.715, -0, 0, 0, 0
19.728, -0, 0, 0, 0
19.74, -0, 0, 0, 0
19.753, -0, 0, 0, 0
19.766, -0, 0, 0, 0
19.779, -0, 0, 0, 0
19.792, -0, 0, 0, 0
19.805, -0, 0, 0, 0
19.818, -0, 0, 0, 0
19.831, -0, 0, 0, 0
19.844, -0, 0, 0, 0
19.858, -0, 0, 0, 0
19.871, -0, 0, 0, 0
19.884, -0, 0, 0, 0
19.896, -0, 0, 0, 0
19.909, -0, 0, 0, 0
19.923, -0, 0, 0, 0
19.936, -0, 0, 0, 0
19.949, -0, 0, 0, 0
19.962, -0, 0, 0, 0
19.975, -0, 0, 0, 0
19.988, -0, 0, 0, 0
20.001, -0, 0, 0, 0
20.014, -0, 0, 0, 0
20.027, -0, 0, 0, 0
20.039, -0, 0, 0, 0
20.052, -0, 0, 0, 0
20.063, -0, 0, 0, 0
20.076, -0, 0, 0, 0
20.089, -0, 0, 0, 0
20.102, -0, 0, 0, 0
20.114, -0, 0, 0, 0
20.127, -0, 0, 0, 0
20.139, -0, 0, 0, 0
20.152, -0, 0, 0, 0
20.165, -0, 0, 0, 0
20.178, -0, 0, 0, 0
20.191, -0, 0, 0, 0
20.204, -0, 0, 0, 0
20.216, -0, 0, 0, 0
20.229, -0, 0, 0, 0
20.242, -0, 0, 0, 0
20.255, -0, 0, 0, 0
20.268, -0, 0, 0, 0
20.281, -0, 0, 0, 0
20.294, -0, 0, 0, 0
20.306, -0, 0, 0, 0
20.319, -0, 0, 0, 0
20.332, -0, 0, 0, 0
20.345, -0, 0, 0, 0
20.358, -0, 0, 0, 0
20.371, -0, 0, 0, 0
20.384, -0, 0, 0, 0
20.397, -0, 0, 0, 0
20.409, -0, 0, 0, 0
20.422, -0, 0, 0, 0
20.435, -0, 0, 0, 0
20.448, -0, 0, 0, 0
20.461, -0, 0, 0, 0
20.474, -0, 0, 0, 0
20.487, -0, 0, 0, 0
20.5, -0, 0, 0, 0
20.512, -0, 0, 0, 0
20.525, -0, 0, 0, 0
20.538, -0, 0, 0, 0
20.551, -0, 0, 0, 0
20.564, -0, 0, 0, 0
20.577, -0, 0, 0, 0
20.59, -0, 0, 0, 0
20.603, -0, 0, 0, 0
20.616, -0, 0, 0, 0
20.629, -0, 0, 0, 0
20.642, -0, 0, 0, 0
20.655, -0, 0, 0, 0
20.668, -0, 0, 0, 0
20.68, -0, 0, 0, 0
20.693, -0, 0, 0, 0
20.706, -0, 0, 0, 0
20.719, -0, 0, 0, 0
20.732, -0, 0, 0, 0
20.745, -0, 0, 0, 0
20.757, -0, 0, 0, 0
20.77, -0, 0, 0, 0
20.783, -0, 0, 0, 0
20.796, -0, 0, 0, 0
20.809, -0, 0, 0, 0
20.822, -0, 0, 0, 0
20.834, -0, 0, 0, 0
20.847, -0, 0, 0, 0
20.86, -0, 0, 0, 0
20.873, -0, 0, 0, 0
20.886, -0, 0, 0, 0
20.899, -0, 0, 0, 0
20.912, -0, 0, 0, 0
20.924, -0, 0, 0, 0
20.937, -0, 0, 0, 0
20.95, -0, 0, 0, 0
20.963, -0, 0, 0, 0
20.976, -0, 0, 0, 0
20.989, -0, 0, 0, 0
21.001, -0, 0, 0, 0
21.014, -0, 0, 0, 0
21.027, -0, 0, 0, 0
21.04, -0, 0, 0, 0
21.053, -0, 0, 0, 0
21.066, -0, 0, 0, 0
21.079, -0, 0, 0, 0
21.091, -0, 0, 0, 0
21.104, -0, 0, 0, 0
21.117, -0, 0, 0, 0
21.13, -0, 0, 0, 0
21.143, -0, 0, 0, 0
21.156, -0, 0, 0, 0
21.17, -0, 0, 0, 0
21.183, -0, 0, 0, 0
21.196, -0, 0, 0, 0
21.209, -0, 0, 0, 0
21.223, -0, 0, 0, 0
21.236, -0, 0, 0, 0
21.25, -0, 0, 0, 0
21.262, -0, 0, 0, 0
21.276, -0, 0, 0, 0
21.289, -0, 0, 0, 0
21.302, -0, 0, 0, 0
21.314, -0, 0, 0, 0
21.327, -0, 0, 0, 0
21.341, -0, 0, 0, 0
21.354, -0, 0, 0, 0
21.366, -0, 0, 0, 0
21.379, -0, 0, 0, 0
21.392, -0, 0, 0, 0
21.405, -0, 0, 0, 0
21.418, -0, 0, 0, 0
21.431, -0, 0, 0, 0
21.444, -0, 0, 0, 0
21.457, -0, 0, 0, 0
21.47, -0, 0, 0, 0
21.483, -0, 0, 0, 0
21.496, -0, 0, 0, 0
21.509, -0, 0, 0, 0
21.522, -0, 0, 0, 0
21.535, -0, 0, 0, 0
21.548, -0, 0, 0, 0
21.561, -0, 0, 0, 0
21.573, -0, 0, 0, 0
21.586, -0, 0, 0, 0
21.599, -0, 0, 0, 0
21.612, -0, 0, 0, 0
21.625, -0, 0, 0, 0
21.638, -0, 0, 0, 0
21.651, -0, 0, 0, 0
21.663, -0, 0, 0, 0
21.676, -0, 0, 0, 0
21.689, -0, 0, 0, 0
21.702, -0, 0, 0, 0
21.715, -0, 0, 0, 0
21.727, -0, 0, 0, 0
21.74, -0, 0, 0, 0
21.753, -0, 0, 0, 0
21.766, -0, 0, 0, 0
21.779, -0, 0, 0, 0
21.792, -0, 0, 0, 0
21.805, -0, 0, 0, 0
21.818, -0, 0, 0, 0
21.831, -0, 0, 0, 0
21.844, -0, 0, 0, 0
21.857, -0, 0, 0, 0
21.87, -0, 0, 0, 0
21.882, -0, 0, 0, 0
21.895, -0, 0, 0, 0
21.908, -0, 0, 0, 0
21.922, -0, 0, 0, 0
21.936, -0, 0, 0, 0
21.949, -0, 0, 0, 0
21.962, -0, 0, 0, 0
21.974, -0, 0, 0, 0
21.987, -0, 0, 0, 0
22, -0, 0, 0, 0
22.013, -0, 0, 0, 0
22.026, -0, 0, 0, 0
22.039, -0, 0, 0, 0
22.051, -0, 0, 0, 0
22.064, -0, 0, 0, 0
22.078, -0, 0, 0, 0
22.09, -0, 0, 0, 0
22.103, -0, 0, 0, 0
22.116, -0, 0, 0, 0
22.129, -0, 0, 0, 0
22.142, -0, 0, 0, 0
22.155, -0, 0, 0, 0
22.168, -0, 0, 0, 0
22.18, -0, 0, 0, 0
22.193, -0, 0, 0, 0
22.206, -0, 0, 0, 0
22.219, -0, 0, 0, 0
22.232, -0, 0, 0, 0
22.244, -0, 0, 0, 0
22.257, -0, 0, 0, 0
22.27, -0, 0, 0, 0
22.283, -0, 0, 0, 0
22.296, -0, 0, 0, 0
22.309, -0, 0, 0, 0
22.322, -0, 0, 0, 0
22.335, -0, 0, 0, 0
22.348, -0, 0, 0, 0
22.361, -0, 0, 0, 0
22.374, -0, 0, 0, 0
22.387, -0, 0, 0, 0
22.401, -0, 0, 0, 0
22.414, -0, 0, 0, 0
22.426, -0, 0, 0, 0
22.439, -0, 0, 0, 0
22.452, -0, 0, 0, 0
22.464, -0, 0, 0, 0
22.478, -0, 0, 0, 0
22.491, -0, 0, 0, 0
22.504, -0, 0, 0, 0
22.516, -0, 0, 0, 0
22.529, -0, 0, 0, 0
22.542, -0, 0, 0, 0
22.555, -0, 0, 0, 0
22.568, -0, 0, 0, 0
22.58, -0, 0, 0, 0
22.593, -0, 0, 0, 0
22.606, -0, 0, 0, 0
22.619, -0, 0, 0, 0
22.631, -0, 0, 0, 0
22.644, -0, 0, 0, 0
22.658, -0, 0, 0, 0
22.67, -0, 0, 0, 0
22.683, -0, 0, 0, 0
22.696, -0, 0, 0, 0
22.709, -0, 0, 0, 0
22.722, -0, 0, 0, 0
22.735, -0, 0, 0, 0
22.748, -0, 0, 0, 0
22.761, -0, 0, 0, 0
22.773, -0, 0, 0, 0
22.786, -0, 0, 0, 0
22.799, -0, 0, 0, 0
22.812, -0, 0, 0, 0
22.825, -0, 0, 0, 0
22.838, -0, 0, 0, 0
22.851, -0, 0, 0, 0
22.864, -0, 0, 0, 0
22.876, -0, 0, 0, 0
22.89, -0, 0, 0, 0
22.903, -0, 0, 0, 0
22.916, -0, 0, 0, 0
22.929, -0, 0, 0, 0
22.942, -0, 0, 0, 0
22.955, -0, 0, 0, 0
22.967, -0, 0, 0, 0
22.98, -0, 0, 0, 0
22.993, -0, 0, 0, 0
23.007, -0, 0, 0, 0
23.019, -0, 0, 0, 0
23.033, -0, 0, 0, 0
23.046, -0, 0, 0, 0
23.059, -0, 0, 0, 0
23.072, -0, 0, 0, 0
23.085, -0, 0, 0, 0
23.098, -0, 0, 0, 0
23.11, -0, 0, 0, 0
23.123, -0, 0, 0, 0
23.135, -0, 0, 0, 0
23.148, -0, 0, 0, 0
23.161, -0, 0, 0, 0
23.173, -0, 0, 0, 0
23.187, -0, 0, 0, 0
23.2, -0, 0, 0, 0
23.212, -0, 0, 0, 0
23.225, -0, 0, 0, 0
23.237, -0, 0, 0, 0
23.25, -0, 0, 0, 0
23.263, -0, 0, 0, 0
23.275, -0, 0, 0, 0
23.288, -0, 0, 0, 0
23.302, -0, 0, 0, 0
23.315, -0, 0, 0, 0
23.327, -0, 0, 0, 0
23.34, -0, 0, 0, 0
23.352, -0, 0, 0, 0
23.365, -0, 0, 0, 0
23.378, -0, 0, 0, 0
23.391, -0, 0, 0, 0
23.404, -0, 0, 0, 0
23.417, -0, 0, 0, 0
23.43, -0, 0, 0, 0
23.443, -0, 0, 0, 0
23.455, -0, 0, 0, 0
23.469, -0, 0, 0, 0
23.482, -0, 0, 0, 0
23.495, -0, 0, 0, 0
23.508, -0, 0, 0, 0
23.521, -0, 0, 0, 0
23.534, -0, 0, 0, 0
23.547, -0, 0, 0, 0
23.559, -0, 0, 0, 0
23.572, -0, 0, 0, 0
23.585, -0, 0, 0, 0
23.598, -0, 0, 0, 0
23.61, -0, 0, 0, 0
23.623, -0, 0, 0, 0
23.636, -0, 0, 0, 0
23.649, -0, 0, 0, 0
23.662, -0, 0, 0, 0
23.674, -0, 0, 0, 0
23.687, -0, 0, 0, 0
23.701, -0, 0, 0, 0
23.714, -0, 0, 0, 0
23.726, -0, 0, 0, 0
23.739, -0, 0, 0, 0
23.752, -0, 0, 0, 0
23.764, -0, 0, 0, 0
23.777, -0, 0, 0, 0
23.789, -0, 0, 0, 0
23.801, -0, 0, 0, 0
23.814, -0, 0, 0, 0
23.827, -0, 0, 0, 0
23.84, -0, 0, 0, 0
23.853, -0, 0, 0, 0
23.866, -0, 0, 0, 0
23.878, -0, 0, 0, 0
23.891, -0, 0, 0, 0
23.904, -0, 0, 0, 0
23.917, -0, 0, 0, 0
23.93, -0, 0, 0, 0
23.943, -0, 0, 0, 0
23.956, -0, 0, 0, 0
23.968, -0, 0, 0, 0
23.981, -0, 0, 0, 0
23.995, -0, 0, 0, 0
24.007, -0, 0, 0, 0
24.019, -0, 0, 0, 0
24.032, -0, 0, 0, 0
24.045, -0, 0, 0, 0
24.058, -0, 0, 0, 0
24.071, -0, 0, 0, 0
24.083, -0, 0, 0, 0
24.096, -0, 0, 0, 0
24.11, -0, 0, 0, 0
24.123, -0, 0, 0, 0
24.135, -0, 0, 0, 0
24.148, -0, 0, 0, 0
24.162, -0, 0, 0, 0
24.175, -0, 0, 0, 0
24.188, -0, 0, 0, 0
24.2, -0, 0, 0, 0
24.213, -0, 0, 0, 0
24.227, -0, 0, 0, 0
24.24, -0, 0, 0, 0
24.253, -0, 0, 0, 0
24.266, -0, 0, 0, 0
24.279, -0, 0, 0, 0
24.292, -0, 0, 0, 0
24.305, -0, 0, 0, 0
24.318, -0, 0, 0, 0
24.331, -0, 0, 0, 0
24.344, -0, 0, 0, 0
24.356, -0, 0, 0, 0
24.369, -0, 0, 0, 0
24.382, -0, 0, 0, 0
24.394, -0, 0, 0, 0
24.407, -0, 0, 0, 0
24.42, -0, 0, 0, 0
24.433, -0, 0, 0, 0
24.446, -0, 0, 0, 0
24.458, -0, 0, 0, 0
24.471, -0, 0, 0, 0
24.484, -0, 0, 0, 0
24.497, -0, 0, 0, 0
24.51, -0, 0, 0, 0
24.523, -0, 0, 0, 0
24.535, -0, 0, 0, 0
24.549, -0, 0, 0, 0
24.561, -0, 0, 0, 0
24.574, -0, 0, 0, 0
24.587, -0, 0, 0, 0
24.6, -0, 0, 0, 0
24.613, -0, 0, 0, 0
24.626, -0, 0, 0, 0
24.639, -0, 0, 0, 0
24.652, -0, 0, 0, 0
24.664, -0, 0, 0, 0
24.677, -0, 0, 0, 0
24.69, -0, 0, 0, 0
24.703, -0, 0, 0, 0
24.716, -0, 0, 0, 0
24.729, -0, 0, 0, 0
24.742, -0, 0, 0, 0
24.755, -0, 0, 0, 0
24.768, -0, 0, 0, 0
24.781, -0, 0, 0, 0
24.794, -0, 0, 0, 0
24.807, -0, 0, 0, 0
24.82, -0, 0, 0, 0
24.833, -0, 0, 0, 0
24.846, -0, 0, 0, 0
24.859, -0, 0, 0, 0
24.872, -0, 0, 0, 0
24.885, -0, 0, 0, 0
24.898, -0, 0, 0, 0
24.911, -0, 0, 0, 0
24.924, -0, 0, 0, 0
24.937, -0, 0, 0, 0
24.95, -0, 0, 0, 0
24.962, -0, 0, 0, 0
24.975, -0, 0, 0, 0
24.988, -0, 0, 0, 0
25, -0, 0, 0, 0
25.013, -0, 0, 0, 0
25.026, -0, 0, 0, 0
25.039, -0, 0, 0, 0
25.052, -0, 0, 0, 0
25.065, -0, 0, 0, 0
25.078, -0, 0, 0, 0
25.091, -0, 0, 0, 0
25.104, -0, 0, 0, 0
25.117, -0, 0, 0, 0
25.131, -0, 0, 0, 0
25.143, -0, 0, 0, 0
25.156, -0, 0, 0, 0
25.169, -0, 0, 0, 0
25.182, -0, 0, 0, 0
25.194, -0, 0, 0, 0
25.207, -0, 0, 0, 0
25.22, -0, 0, 0, 0
25.233, -0, 0, 0, 0
25.246, -0, 0, 0, 0
25.258, -0, 0, 0, 0
25.271, -0, 0, 0, 0
25.284, -0, 0, 0, 0
25.297, -0, 0, 0, 0
25.31, -0, 0, 0, 0
25.323, -0, 0, 0, 0
25.336, -0, 0, 0, 0
25.348, -0, 0, 0, 0
25.361, -0, 0, 0, 0
25.374, -0, 0, 0, 0
25.387, -0, 0, 0, 0
25.4, -0, 0, 0, 0
25.413, -0, 0, 0, 0
25.426, -0, 0, 0, 0
25.439, -0, 0, 0, 0
25.451, -0, 0, 0, 0
25.464, -0, 0, 0, 0
25.477, -0, 0, 0, 0
25.49, -0, 0, 0, 0
25.502, -0, 0, 0, 0
25.515, -0, 0, 0, 0
25.528, -0, 0, 0, 0
25.541, -0, 0, 0, 0
25.554, -0, 0, 0, 0
25.567, -0, 0, 0, 0
25.58, -0, 0, 0, 0
25.592, -0, 0, 0, 0
25.605, -0, 0, 0, 0
25.618, -0, 0, 0, 0
25.631, -0, 0, 0, 0
25.644, -0, 0, 0, 0
25.657, -0, 0, 0, 0
25.67, -0, 0, 0, 0
25.683, -0, 0, 0, 0
25.695, -0, 0, 0, 0
25.708, -0, 0, 0, 0
25.721, -0, 0, 0, 0
25.734, -0, 0, 0, 0
25.747, -0, 0, 0, 0
25.759, -0, 0, 0, 0
25.772, -0, 0, 0, 0
25.786, -0, 0, 0, 0
25.799, -0, 0, 0, 0
25.811, -0, 0, 0, 0
25.824, -0, 0, 0, 0
25.837, -0, 0, 0, 0
25.85, -0, 0, 0, 0
25.863, -0, 0, 0, 0
25.876, -0, 0, 0, 0
25.889, -0, 0, 0, 0
25.902, -0, 0, 0, 0
25.915, -0, 0, 0, 0
25.928, -0, 0, 0, 0
25.941, -0, 0, 0, 0
25.954, -0, 0, 0, 0
25.967, -0, 0, 0, 0
25.979, -0, 0, 0, 0
25.992, -0, 0, 0, 0
26.005, -0, 0, 0, 0
26.019, -0, 0, 0, 0
26.033, -0, 0, 0, 0
26.045, -0, 0, 0, 0
26.058, -0, 0, 0, 0
26.071, -0, 0, 0, 0
26.084, -0, 0, 0, 0
26.098, -0, 0, 0, 0
26.111, -0, 0, 0, 0
26.124, -0, 0, 0, 0
26.136, -0, 0, 0, 0
26.15, -0, 0, 0, 0
26.162, -0, 0, 0, 0
26.175, -0, 0, 0, 0
26.188, -0, 0, 0, 0
26.202, -0, 0, 0, 0
26.214, -0, 0, 0, 0
26.227, -0, 0, 0, 0
26.24, -0, 0, 0, 0
26.253, -0, 0, 0, 0
26.266, -0, 0, 0, 0
26.279, -0, 0, 0, 0
26.292, -0, 0, 0, 0
26.305, -0, 0, 0, 0
26.318, -0, 0, 0, 0
26.331, -0, 0, 0, 0
26.344, -0, 0, 0, 0
26.357, -0, 0, 0, 0
26.369, -0, 0, 0, 0
26.382, -0, 0, 0, 0
26.395, -0, 0, 0, 0
26.408, -0, 0, 0, 0
26.421, -0, 0, 0, 0
26.433, -0, 0, 0, 0
26.446, -0, 0, 0, 0
26.459, -0, 0, 0, 0
26.472, -0, 0, 0, 0
26.485, -0, 0, 0, 0
26.497, -0, 0, 0, 0
26.51, -0, 0, 0, 0
26.523, -0, 0, 0, 0
26.537, -0, 0, 0, 0
26.549, -0, 0, 0, 0
26.563, -0, 0, 0, 0
26.576, -0, 0, 0, 0
26.588, -0, 0, 0, 0
26.601, -0, 0, 0, 0
26.614, -0, 0, 0, 0
26.627, -0, 0, 0, 0
26.64, -0, 0, 0, 0
26.653, -0, 0, 0, 0
26.666, -0, 0, 0, 0
26.679, -0, 0, 0, 0
26.691, -0, 0, 0, 0
26.704, -0, 0, 0, 0
26.717, -0, 0, 0, 0
26.73, -0, 0, 0, 0
26.743, -0, 0, 0, 0
26.756, -0, 0, 0, 0
26.769, -0, 0, 0, 0
26.782, -0, 0, 0, 0
26.795, -0, 0, 0, 0
26.807, -0, 0, 0, 0
26.821, -0, 0, 0, 0
26.833, -0, 0, 0, 0
26.846, -0, 0, 0, 0
26.859, -0, 0, 0, 0
26.872, -0, 0, 0, 0
26.885, -0, 0, 0, 0
26.898, -0, 0, 0, 0
26.911, -0, 0, 0, 0
26.924, -0, 0, 0, 0
26.937, -0, 0, 0, 0
26.95, -0, 0, 0, 0
26.962, -0, 0, 0, 0
26.975, -0, 0, 0, 0
26.988, -0, 0, 0, 0
27.001, -0, 0, 0, 0
27.014, -0, 0, 0, 0
27.027, -0, 0, 0, 0
27.039, -0, 0, 0, 0
27.052, -0, 0, 0, 0
27.065, -0, 0, 0, 0
27.079, -0, 0, 0, 0
27.091, -0, 0, 0, 0
27.104, -0, 0, 0, 0
27.117, -0, 0, 0, 0
27.13, -0, 0, 0, 0
27.143, -0, 0, 0, 0
27.156, -0, 0, 0, 0
27.168, -0, 0, 0, 0
27.181, -0, 0, 0, 0
27.194, -0, 0, 0, 0
27.207, -0, 0, 0, 0
27.221, -0, 0, 0, 0
27.234, -0, 0, 0, 0
27.247, -0, 0, 0, 0
27.259, -0, 0, 0, 0
27.272, -0, 0, 0, 0
27.285, -0, 0, 0, 0
27.298, -0, 0, 0, 0
27.311, -0, 0, 0, 0
27.323, -0, 0, 0, 0
27.336, -0, 0, 0, 0
27.35, -0, 0, 0, 0
27.362, -0, 0, 0, 0
27.375, -0, 0, 0, 0
27.388, -0, 0, 0, 0
27.401, -0, 0, 0, 0
27.414, -0, 0, 0, 0
27.427, -0, 0, 0, 0
27.439, -0, 0, 0, 0
27.453, -0, 0, 0, 0
27.466, -0, 0, 0, 0
27.479, -0, 0, 0, 0
27.492, -0, 0, 0, 0
27.504, -0, 0, 0, 0
27.517, -0, 0, 0, 0
27.53, -0, 0, 0, 0
27.543, -0, 0, 0, 0
27.556, -0, 0, 0, 0
27.569, -0, 0, 0, 0
27.582, -0, 0, 0, 0
27.595, -0, 0, 0, 0
27.607, -0, 0, 0, 0
27.62, -0, 0, 0, 0
27.633, -0, 0, 0, 0
27.646, -0, 0, 0, 0
27.659, -0, 0, 0, 0
27.672, -0, 0, 0, 0
27.685, -0, 0, 0, 0
27.698, -0, 0, 0, 0
27.71, -0, 0, 0, 0
27.723, -0, 0, 0, 0
27.736, -0, 0, 0, 0
27.749, -0, 0, 0, 0
27.762, -0, 0, 0, 0
27.775, -0, 0, 0, 0
27.787, -0, 0, 0, 0
27.8, -0, 0, 0, 0
27.813, -0, 0, 0, 0
27.826, -0, 0, 0, 0
27.839, -0, 0, 0, 0
27.851, -0, 0, 0, 0
27.864, -0, 0, 0, 0
27.877, -0, 0, 0, 0
27.89, -0, 0, 0, 0
27.902, -0, 0, 0, 0
27.915, -0, 0, 0, 0
27.927, -0, 0, 0, 0
27.94, -0, 0, 0, 0
27.953, -0, 0, 0, 0
27.966, -0, 0, 0, 0
27.979, -0, 0, 0, 0
27.992, -0, 0, 0, 0
28.004, -0, 0, 0, 0
28.017, -0, 0, 0, 0
28.03, -0, 0, 0, 0
28.043, -0, 0, 0, 0
28.056, -0, 0, 0, 0
28.069, -0, 0, 0, 0
28.082, -0, 0, 0, 0
28.095, -0, 0, 0, 0
28.108, -0, 0, 0, 0
28.121, -0, 0, 0, 0
28.134, -0, 0, 0, 0
28.146, -0, 0, 0, 0
28.159, -0, 0, 0, 0
28.172, -0, 0, 0, 0
28.185, -0, 0, 0, 0
28.198, -0, 0, 0, 0
28.21, -0, 0, 0, 0
28.223, -0, 0, 0, 0
28.237, -0, 0, 0, 0
28.25, -0, 0, 0, 0
28.263, -0, 0, 0, 0
28.275, -0, 0, 0, 0
28.288, -0, 0, 0, 0
28.301, -0, 0, 0, 0
28.314, -0, 0, 0, 0
28.327, -0, 0, 0, 0
28.34, -0, 0, 0, 0
28.353, -0, 0, 0, 0
28.365, -0, 0, 0, 0
28.379, -0, 0, 0, 0
28.392, -0, 0, 0, 0
28.405, -0, 0, 0, 0
28.418, -0, 0, 0, 0
28.43, -0, 0, 0, 0
28.443, -0, 0, 0, 0
28.456, -0, 0, 0, 0
28.47, -0, 0, 0, 0
28.482, -0, 0, 0, 0
28.495, -0, 0, 0, 0
28.508, -0, 0, 0, 0
28.52, -0, 0, 0, 0
28.533, -0, 0, 0, 0
28.546, -0, 0, 0, 0
28.558, -0, 0, 0, 0
28.571, -0, 0, 0, 0
28.584, -0, 0, 0, 0
28.597, -0, 0, 0, 0
28.61, -0, 0, 0, 0
28.623, -0, 0, 0, 0
28.635, -0, 0, 0, 0
28.648, -0, 0, 0, 0
28.661, -0, 0, 0, 0
28.674, -0, 0, 0, 0
28.687, -0, 0, 0, 0
28.7, -0, 0, 0, 0
28.713, -0, 0, 0, 0
28.725, -0, 0, 0, 0
28.738, -0, 0, 0, 0
28.751, -0, 0, 0, 0
28.764, -0, 0, 0, 0
28.778, -0, 0, 0, 0
28.791, -0, 0, 0, 0
28.803, -0, 0, 0, 0
28.816, -0, 0, 0, 0
28.829, -0, 0, 0, 0
28.842, -0, 0, 0, 0
28.855, -0, 0, 0, 0
28.867, -0, 0, 0, 0
28.88, -0, 0, 0, 0
28.893, -0, 0, 0, 0
28.907, -0, 0, 0, 0
28.92, -0, 0, 0, 0
28.933, -0, 0, 0, 0
28.946, -0, 0, 0, 0
28.959, -0, 0, 0, 0
28.972, -0, 0, 0, 0
28.985, -0, 0, 0, 0
28.998, -0, 0, 0, 0
29.01, -0, 0, 0, 0
29.023, -0, 0, 0, 0
29.036, -0, 0, 0, 0
29.049, -0, 0, 0, 0
29.062, -0, 0, 0, 0
29.075, -0, 0, 0, 0
29.087, -0, 0, 0, 0
29.1, -0, 0, 0, 0
29.113, -0, 0, 0, 0
29.126, -0, 0, 0, 0
29.139, -0, 0, 0, 0
29.152, -0, 0, 0, 0
29.165, -0, 0, 0, 0
29.178, -0, 0, 0, 0
29.191, -0, 0, 0, 0
29.204, -0, 0, 0, 0
29.216, -0, 0, 0, 0
29.229, -0, 0, 0, 0
29.243, -0, 0, 0, 0
29.255, -0, 0, 0, 0
29.268, -0, 0, 0, 0
29.281, -0, 0, 0, 0
29.294, -0, 0, 0, 0
29.307, -0, 0, 0, 0
29.319, -0, 0, 0, 0
29.332, -0, 0, 0, 0
29.345, -0, 0, 0, 0
29.358, -0, 0, 0, 0
29.371, -0, 0, 0, 0
29.385, -0, 0, 0, 0
29.397, -0, 0, 0, 0
29.41, -0, 0, 0, 0
29.422, -0, 0, 0, 0
29.435, -0, 0, 0, 0
29.448, -0, 0, 0, 0
29.461, -0, 0, 0, 0
29.474, -0, 0, 0, 0
29.486, -0, 0, 0, 0
29.499, -0, 0, 0, 0
29.512, -0, 0, 0, 0
29.525, -0, 0, 0, 0
29.538, -0, 0, 0, 0
29.55, -0, 0, 0, 0
29.563, -0, 0, 0, 0
29.575, -0, 0, 0, 0
29.587, -0, 0, 0, 0
29.6, -0, 0, 0, 0
29.612, -0, 0, 0, 0
29.625, -0, 0, 0, 0
29.637, -0, 0, 0, 0
29.649, -0, 0, 0, 0
29.662, -0, 0, 0, 0
29.674, -0, 0, 0, 0
29.687, -0, 0, 0, 0
29.699, -0, 0, 0, 0
29.711, -0, 0, 0, 0
29.724, -0, 0, 0, 0
29.736, -0, 0, 0, 0
29.749, -0, 0, 0, 0
29.761, -0, 0, 0, 0
29.774, -0, 0, 0, 0
29.786, -0, 0, 0, 0
29.799, -0, 0, 0, 0
29.811, -0, 0, 0, 0
29.824, -0, 0, 0, 0
29.836, -0, 0, 0, 0
29.848, -0, 0, 0, 0
29.861, -0, 0, 0, 0
29.874, -0, 0, 0, 0
29.886, -0, 0, 0, 0
29.899, -0, 0, 0, 0
29.911, -0, 0, 0, 0
29.924, -0, 0, 0, 0
29.936, -0, 0, 0, 0
29.948, -0, 0, 0, 0
29.961, -0, 0, 0, 0
29.973, -0, 0, 0, 0
29.986, -0, 0, 0, 0
29.998, -0, 0, 0, 0
30.01, -0, 0, 0, 0
30.023, -0, 0, 0, 0
30.035, -0, 0, 0, 0
30.048, -0, 0, 0, 0
30.06, -0, 0, 0, 0
30.073, -0, 0, 0, 0
30.086, -0, 0, 0, 0
30.098, -0, 0, 0, 0
30.111, -0, 0, 0, 0
30.123, -0, 0, 0, 0
30.136, -0, 0, 0, 0
30.148, -0, 0, 0, 0
