0, 1.81168e-312, 4.94066e-324, 0, 0
0.011, 1, 4.94066e-324, 0.0683891, 0
0.024, 1, 4.94066e-324, 0.341945, 0
0.037, 1, 4.94066e-324, 0.75228, 60.4144
0.049, 1, 4.94066e-324, 1.29939, 60.7363
0.062, 1, 4.94066e-324, 1.91489, 60.8444
0.074, 1, 4.94066e-324, 2.73556, 0
0.087, 1, 4.94066e-324, 3.62462, 62.3419
0.099, 1, 4.94066e-324, 4.65046, 61.3905
0.111, 1, 4.94066e-324, 5.81307, 121.906
0.124, 1, 4.94066e-324, 7.11246, 115.914
0.136, 1, 4.94066e-324, 8.54863, 119.561
0.149, 1, 4.94066e-324, 10.1216, 175.958
0.161, 1, 4.94066e-324, 11.9681, 117.305
0.174, 1, 4.94066e-324, 13.8146, 170.263
0.187, 1, 4.94066e-324, 15.8663, 114.363
0.2, 1, 4.94066e-324, 17.8495, 156.976
0.212, 1, 4.94066e-324, 19.9696, 154.261
0.226, 1, 4.94066e-324, 22.1581, 163.48
0.238, 1, 4.94066e-324, 24.2781, 119.981
0.251, 1, 4.94066e-324, 26.3298, 169.7
0.264, 1, 4.94066e-324, 28.5182, 166.938
0.277, 1, 4.94066e-324, 30.6383, 167.483
0.29, 1, 4.94066e-324, 32.8267, 154.261
0.304, 1, 4.94066e-324, 35.0152, 142.874
0.317, 1, 4.94066e-324, 37.2036, 157.337
0.33, 1, 4.94066e-324, 39.3921, 144.994
0.344, 1, 4.94066e-324, 41.5805, 187.496
0.357, 1, 4.94066e-324, 43.769, 177.327
0.37, 1, 4.94066e-324, 45.8891, 178.873
0.382, 1, 4.94066e-324, 47.9407, 180.446
0.395, 1, 4.94066e-324, 49.9924, 182.858
0.407, 1, 4.94066e-324, 52.0441, 183.022
0.42, 1, 4.94066e-324, 54.0957, 174.462
0.432, 1, 4.94066e-324, 56.1474, 170.83
0.445, 1, 4.94066e-324, 58.2675, 164.003
0.457, 1, 4.94066e-324, 60.3191, 170.122
0.47, 1, 4.94066e-324, 62.4392, 171.544
0.483, 1, 4.94066e-324, 64.5593, 164.925
0.496, 1, 4.94066e-324, 66.6793, 101.242
0.508, 1, 4.94066e-324, 68.731, 163.872
0.521, 1, 4.94066e-324, 70.9195, 166.262
0.534, 1, 4.94066e-324, 73.0395, 206.302
0.548, 1, 4.94066e-324, 75.228, 156.976
0.561, 1, 4.94066e-324, 77.348, 175.657
0.573, 1, 4.94066e-324, 79.4681, 160.915
0.586, 1, 4.94066e-324, 81.5881, 164.925
0.599, 1, 4.94066e-324, 83.7082, 209.301
0.612, 1, 4.94066e-324, 85.8967, 146.548
0.626, 1, 4.94066e-324, 88.0851, 157.821
0.639, 1, 4.94066e-324, 90.2736, 198.373
0.652, 1, 4.94066e-324, 92.5304, 154.726
0.665, 1, 4.94066e-324, 94.6505, 210.105
0.679, 1, 4.94066e-324, 96.8389, 155.784
0.692, 1, 4.94066e-324, 99.0274, 143.876
0.705, 1, 4.94066e-324, 101.216, 170.122
0.719, 1, 4.94066e-324, 103.473, 135.513
0.732, 1, 4.94066e-324, 105.661, 140.622
0.745, 1, 4.94066e-324, 107.85, 133.225
0.759, 1, 4.94066e-324, 110.106, 156.976
0.772, 1, 4.94066e-324, 112.226, 148.78
0.785, 1, 4.94066e-324, 114.415, 208.662
0.799, 1, 4.94066e-324, 116.672, 155.548
0.812, 1, 4.94066e-324, 118.86, 156.139
0.825, 1, 4.94066e-324, 120.98, 201.589
0.838, 1, 4.94066e-324, 123.169, 154.29
0.852, 1, 4.94066e-324, 125.562, 157.821
0.865, 1, 4.94066e-324, 127.682, 155.902
0.878, 1, 4.94066e-324, 129.802, 160.037
0.891, 1, 4.94066e-324, 131.922, 205.373
0.905, 1, 4.94066e-324, 134.111, 167.723
0.918, 1, 4.94066e-324, 136.299, 206.146
0.931, 1, 4.94066e-324, 138.488, 149.212
0.944, 1, 4.94066e-324, 140.676, 154.96
0.957, 1, 4.94066e-324, 142.796, 165.511
0.972, 1, 4.94066e-324, 145.19, 187.06
0.986, 1, 4.94066e-324, 147.584, 218.356
1, 1, 4.94066e-324, 149.909, 175.657
1.013, 1, 4.94066e-324, 152.029, 238.955
1.027, 1, 4.94066e-324, 154.286, 154.96
1.04, 1, 4.94066e-324, 156.474, 271.027
1.055, 1, 4.94066e-324, 158.868, 75.568
1.068, 1, 4.94066e-324, 161.056, 121.257
1.08, 1, 4.94066e-324, 163.108, 181.725
1.093, 1, 4.94066e-324, 165.16, 121.15
1.105, 1, 4.94066e-324, 167.143, 180.287
1.118, 1, 4.94066e-324, 169.263, 121.473
1.13, 1, 4.94066e-324, 171.246, 179.029
1.143, 1, 4.94066e-324, 173.366, 120.509
1.155, 1, 4.94066e-324, 175.418, 178.406
1.168, 1, 4.94066e-324, 177.47, 121.043
1.18, 1, 4.94066e-324, 179.521, 179.813
1.193, 1, 4.94066e-324, 181.573, 178.717
1.205, 1, 4.94066e-324, 183.625, 179.971
1.218, 1, 4.94066e-324, 185.676, 180.129
1.23, 1, 4.94066e-324, 187.796, 119.981
1.243, 1, 4.94066e-324, 189.848, 178.562
1.255, 1, 4.94066e-324, 191.968, 177.327
1.268, 1, 4.94066e-324, 194.02, 170.405
1.281, 1, 4.94066e-324, 196.14, 181.083
1.293, 1, 4.94066e-324, 198.191, 179.185
1.306, 1, 4.94066e-324, 200.243, 182.047
1.318, 1, 4.94066e-324, 202.295, 171.976
1.331, 1, 4.94066e-324, 204.347, 182.533
1.343, 1, 4.94066e-324, 206.467, 122.014
1.357, 1, 4.94066e-324, 208.723, 175.357
1.37, 1, 4.94066e-324, 210.843, 114.843
1.382, 1, 4.94066e-324, 212.895, 181.243
1.395, 1, 4.94066e-324, 214.947, 177.634
1.407, 1, 4.94066e-324, 216.998, 180.605
1.42, 1, 4.94066e-324, 219.119, 92.3552
1.435, 1, 4.94066e-324, 221.649, 122.451
1.448, 1, 4.94066e-324, 223.701, 121.15
1.46, 1, 4.94066e-324, 225.752, 178.562
1.473, 1, 4.94066e-324, 227.804, 173.137
1.485, 1, 4.94066e-324, 229.856, 184.337
1.498, 1, 4.94066e-324, 231.907, 122.671
1.51, 1, 4.94066e-324, 233.959, 179.499
1.523, 1, 4.94066e-324, 236.011, 180.129
1.535, 1, 4.94066e-324, 238.062, 184.669
1.547, 1, 4.94066e-324, 240.114, 121.15
1.56, 1, 4.94066e-324, 242.166, 183.677
1.572, 1, 4.94066e-324, 244.217, 178.251
1.585, 1, 4.94066e-324, 246.269, 180.129
1.597, 1, 4.94066e-324, 248.321, 179.971
1.61, 1, 4.94066e-324, 250.372, 180.129
1.622, 1, 4.94066e-324, 252.424, 177.788
1.635, 1, 4.94066e-324, 254.476, 177.327
1.647, 1, 4.94066e-324, 256.596, 176.412
1.66, 1, 4.94066e-324, 258.647, 173.43
1.672, 1, 4.94066e-324, 260.699, 175.057
1.685, 1, 4.94066e-324, 262.819, 110.841
1.698, 1, 4.94066e-324, 264.871, 171.544
1.71, 1, 4.94066e-324, 266.991, 163.48
1.723, 1, 4.94066e-324, 269.111, 154.61
1.736, 1, 4.94066e-324, 271.163, 236.028
1.749, 1, 4.94066e-324, 273.283, 176.716
1.761, 1, 4.94066e-324, 275.334, 179.656
1.774, 1, 4.94066e-324, 277.386, 171.401
1.786, 1, 4.94066e-324, 279.506, 110.841
1.799, 1, 4.94066e-324, 281.558, 164.925
1.812, 1, 4.94066e-324, 283.678, 166.262
1.825, 1, 4.94066e-324, 285.798, 146.026
1.838, 1, 4.94066e-324, 288.055, 154.029
1.851, 1, 4.94066e-324, 290.175, 199.676
1.864, 1, 4.94066e-324, 292.363, 104.731
1.877, 1, 4.94066e-324, 294.415, 174.314
1.889, 1, 4.94066e-324, 296.535, 163.741
1.902, 1, 4.94066e-324, 298.655, 167.895
1.915, 1, 4.94066e-324, 300.775, 121.15
1.928, 1, 4.94066e-324, 302.827, 176.412
1.94, 1, 4.94066e-324, 304.878, 177.48
1.953, 1, 4.94066e-324, 306.93, 165.591
1.965, 1, 4.94066e-324, 309.05, 118.937
1.978, 1, 4.94066e-324, 311.033, 238.289
1.991, 1, 4.94066e-324, 313.29, 173.87
2.004, 1, 4.94066e-324, 315.41, 178.406
2.016, 1, 4.94066e-324, 317.462, 177.48
2.029, 1, 4.94066e-324, 319.514, 177.942
2.042, 1, 4.94066e-324, 321.634, 109.686
2.054, 1, 4.94066e-324, 323.685, 178.717
2.067, 1, 4.94066e-324, 325.737, 180.446
2.079, 1, 4.94066e-324, 327.789, 183.185
2.092, 1, 4.94066e-324, 329.909, 238.082
2.105, 1, 4.94066e-324, 332.029, 175.357
2.117, 1, 4.94066e-324, 334.081, 179.499
2.13, 1, 4.94066e-324, 336.132, 184.006
2.142, 1, 4.94066e-324, 338.184, 182.696
2.155, 1, 4.94066e-324, 340.236, 171.544
2.167, 1, 4.94066e-324, 342.356, 119.249
2.18, 1, 4.94066e-324, 344.407, 157.337
2.193, 1, 4.94066e-324, 346.527, 170.688
2.205, 1, 4.94066e-324, 348.579, 143.977
2.218, 1, 4.94066e-324, 350.699, 174.462
2.231, 1, 4.94066e-324, 352.819, 117.205
2.243, 1, 4.94066e-324, 354.871, 170.405
2.256, 1, 4.94066e-324, 356.991, 165.859
2.269, 1, 4.94066e-324, 359.111, 118.423
2.281, 1, 4.94066e-324, 361.094, 239.123
2.294, 1, 4.94066e-324, 363.214, 170.688
2.306, 1, 4.94066e-324, 365.266, 215.06
2.32, 1, 4.94066e-324, 367.454, 155.077
2.332, 1, 4.94066e-324, 369.574, 174.462
2.345, 1, 4.94066e-324, 371.695, 110.841
2.358, 1, 4.94066e-324, 373.746, 175.357
2.37, 1, 4.94066e-324, 375.798, 179.185
2.383, 1, 4.94066e-324, 377.85, 182.209
2.395, 1, 4.94066e-324, 379.901, 169.981
2.408, 1, 4.94066e-324, 381.953, 181.725
2.42, 1, 4.94066e-324, 384.005, 182.858
2.433, 1, 4.94066e-324, 386.056, 183.842
2.445, 1, 4.94066e-324, 388.108, 178.717
2.458, 1, 4.94066e-324, 390.228, 173.43
2.471, 1, 4.94066e-324, 392.348, 172.409
2.483, 1, 4.94066e-324, 394.4, 172.845
2.496, 1, 4.94066e-324, 396.451, 161.295
2.508, 1, 4.94066e-324, 398.571, 175.357
2.521, 1, 4.94066e-324, 400.691, 112.575
2.534, 1, 4.94066e-324, 402.743, 179.656
2.546, 1, 4.94066e-324, 404.795, 170.122
2.559, 1, 4.94066e-324, 406.983, 113.887
2.572, 1, 4.94066e-324, 409.035, 163.48
2.585, 1, 4.94066e-324, 411.155, 172.554
2.597, 1, 4.94066e-324, 413.275, 170.83
2.61, 1, 4.94066e-324, 415.395, 152.541
2.623, 1, 4.94066e-324, 417.515, 156.258
2.636, 1, 4.94066e-324, 419.635, 174.759
2.649, 1, 4.94066e-324, 421.687, 177.788
2.661, 1, 4.94066e-324, 423.739, 169.84
2.674, 1, 4.94066e-324, 425.859, 173.43
2.686, 1, 4.94066e-324, 427.91, 170.263
2.699, 1, 4.94066e-324, 430.03, 171.832
2.712, 1, 4.94066e-324, 432.082, 162.831
2.725, 1, 4.94066e-324, 434.271, 155.902
2.738, 1, 4.94066e-324, 436.391, 217.8
2.751, 1, 4.94066e-324, 438.511, 209.782
2.764, 1, 4.94066e-324, 440.699, 167.347
2.777, 1, 4.94066e-324, 442.819, 109.862
2.789, 1, 4.94066e-324, 444.871, 206.458
2.803, 1, 4.94066e-324, 447.128, 199.968
2.816, 1, 4.94066e-324, 449.384, 152.314
2.829, 1, 4.94066e-324, 451.505, 153.453
2.843, 1, 4.94066e-324, 453.693, 147.284
2.856, 1, 4.94066e-324, 455.95, 105.295
2.869, 1, 4.94066e-324, 458.07, 147.496
2.883, 1, 4.94066e-324, 460.395, 157.337
2.896, 1, 4.94066e-324, 462.584, 131.771
2.91, 1, 4.94066e-324, 464.772, 157.942
2.923, 1, 4.94066e-324, 466.96, 106.969
2.937, 1, 4.94066e-324, 469.217, 153.453
2.95, 1, 4.94066e-324, 471.337, 209.622
2.963, 1, 4.94066e-324, 473.594, 126.96
2.977, 1, 4.94066e-324, 475.851, 169.49
2.994, 1, 4.94066e-324, 478.723, 160.287
3.007, 1, 4.94066e-324, 480.843, 119.666
3.021, 1, 4.94066e-324, 483.032, 162.187
3.034, 1, 4.94066e-324, 485.152, 165.591
3.048, 1, 4.94066e-324, 487.477, 221.503
3.061, 1, 4.94066e-324, 489.734, 153.453
3.075, 1, 4.94066e-324, 491.922, 154.61
3.088, 1, 4.94066e-324, 494.111, 153.798
3.101, 1, 4.94066e-324, 496.231, 202.185
3.114, 1, 4.94066e-324, 498.488, 158.553
3.127, 1, 4.94066e-324, 500.676, 157.337
3.141, 1, 4.94066e-324, 502.796, 178.562
3.153, 1, 4.94066e-324, 504.916, 122.342
3.166, 1, 4.94066e-324, 506.968, 183.349
3.178, 1, 4.94066e-324, 509.02, 211.077
3.191, 1, 4.94066e-324, 511.208, 151.415
3.205, 1, 4.94066e-324, 513.465, 199.385
3.218, 1, 4.94066e-324, 515.653, 169.84
3.231, 1, 4.94066e-324, 517.774, 157.578
3.244, 1, 4.94066e-324, 519.962, 109.335
3.257, 1, 4.94066e-324, 522.082, 100.277
3.27, 1, 4.94066e-324, 524.202, 168.862
3.283, 1, 4.94066e-324, 526.322, 186.346
3.297, 1, 4.94066e-324, 528.579, 152.088
3.31, 1, 4.94066e-324, 530.767, 99.0428
3.323, 1, 4.94066e-324, 532.888, 162.187
3.336, 1, 4.94066e-324, 535.008, 199.676
3.349, 1, 4.94066e-324, 537.196, 206.613
3.364, 1, 4.94066e-324, 539.658, 117.406
3.376, 1, 4.94066e-324, 541.71, 180.287
3.389, 1, 4.94066e-324, 543.761, 117.507
3.401, 1, 4.94066e-324, 545.813, 163.741
3.414, 1, 4.94066e-324, 547.933, 178.251
3.427, 1, 4.94066e-324, 550.053, 109.161
3.44, 1, 4.94066e-324, 552.105, 175.207
3.452, 1, 4.94066e-324, 554.225, 180.287
3.465, 1, 4.94066e-324, 556.277, 161.804
3.478, 1, 4.94066e-324, 558.397, 162.059
3.491, 1, 4.94066e-324, 560.585, 156.976
3.504, 1, 4.94066e-324, 562.705, 185.672
3.516, 1, 4.94066e-324, 564.757, 171.258
3.529, 1, 4.94066e-324, 566.877, 164.925
3.542, 1, 4.94066e-324, 568.997, 164.925
3.555, 1, 4.94066e-324, 571.185, 136.414
3.569, 1, 4.94066e-324, 573.374, 237.875
3.582, 1, 4.94066e-324, 575.562, 155.195
3.595, 1, 4.94066e-324, 577.682, 210.105
3.608, 1, 4.94066e-324, 579.871, 156.976
3.621, 1, 4.94066e-324, 582.059, 148.672
3.634, 1, 4.94066e-324, 584.248, 157.458
3.648, 1, 4.94066e-324, 586.436, 101.242
3.661, 1, 4.94066e-324, 588.556, 157.942
3.674, 1, 4.94066e-324, 590.813, 204.635
3.689, 1, 4.94066e-324, 593.275, 165.491
3.703, 1, 4.94066e-324, 595.532, 175.657
3.716, 1, 4.94066e-324, 597.652, 92.7938
3.729, 1, 4.94066e-324, 599.704, 183.185
3.741, 1, 4.94066e-324, 601.824, 117.811
3.754, 1, 4.94066e-324, 603.875, 169.7
3.766, 1, 4.94066e-324, 605.927, 219.724
3.779, 1, 4.94066e-324, 608.116, 168.584
3.792, 1, 4.94066e-324, 610.236, 113.792
3.805, 1, 4.94066e-324, 612.287, 167.074
3.818, 1, 4.94066e-324, 614.476, 157.821
3.831, 1, 4.94066e-324, 616.596, 207.083
3.844, 1, 4.94066e-324, 618.784, 158.308
3.857, 1, 4.94066e-324, 620.973, 153.914
3.87, 1, 4.94066e-324, 623.161, 102.379
3.883, 1, 4.94066e-324, 625.281, 121.329
3.898, 1, 4.94066e-324, 627.675, 119.771
3.912, 1, 4.94066e-324, 630, 149.212
3.925, 1, 4.94066e-324, 632.188, 119.353
3.939, 1, 4.94066e-324, 634.514, 193.737
3.954, 1, 4.94066e-324, 637.249, 138.299
3.971, 1, 4.94066e-324, 639.916, 132.195
3.985, 1, 4.94066e-324, 642.036, 258.56
3.998, 1, 4.94066e-324, 644.225, 171.688
4.012, 1, 4.94066e-324, 646.413, 203.539
4.024, 1, 4.94066e-324, 648.533, 103.935
4.037, 1, 4.94066e-324, 650.653, 148.242
4.051, 1, 4.94066e-324, 652.91, 193.6
4.065, 1, 4.94066e-324, 655.236, 126.588
4.08, 1, 4.94066e-324, 657.629, 156.021
4.093, 1, 4.94066e-324, 659.818, 144.688
4.106, 1, 4.94066e-324, 662.006, 218.728
4.119, 1, 4.94066e-324, 664.195, 212.169
4.133, 1, 4.94066e-324, 666.451, 242.945
4.147, 1, 4.94066e-324, 668.64, 126.725
4.161, 1, 4.94066e-324, 670.965, 85.4863
4.173, 1, 4.94066e-324, 673.085, 166.803
4.187, 1, 4.94066e-324, 675.342, 152.739
4.202, 1, 4.94066e-324, 677.736, 156.497
4.217, 1, 4.94066e-324, 680.266, 213.849
4.232, 1, 4.94066e-324, 682.728, 203.842
4.247, 1, 4.94066e-324, 685.258, 109.642
4.263, 1, 4.94066e-324, 687.857, 154.726
4.278, 1, 4.94066e-324, 690.319, 217.281
4.291, 1, 4.94066e-324, 692.508, 157.578
4.305, 1, 4.94066e-324, 694.764, 210.105
4.319, 1, 4.94066e-324, 697.021, 120.722
4.334, 1, 4.94066e-324, 699.552, 223.25
4.347, 1, 4.94066e-324, 701.74, 151.136
4.361, 1, 4.94066e-324, 703.929, 179.342
4.373, 1, 4.94066e-324, 706.049, 121.473
4.388, 1, 4.94066e-324, 708.511, 182.209
4.401, 1, 4.94066e-324, 710.562, 172.845
4.413, 1, 4.94066e-324, 712.614, 182.533
4.426, 1, 4.94066e-324, 714.666, 160.287
4.439, 1, 4.94066e-324, 716.786, 178.562
4.451, 1, 4.94066e-324, 718.837, 203.842
4.465, 1, 4.94066e-324, 721.094, 144.382
4.478, 1, 4.94066e-324, 723.283, 167.757
4.491, 1, 4.94066e-324, 725.403, 212.059
4.505, 1, 4.94066e-324, 727.728, 0
4.516, 1, 4.94066e-324, 729.643, 130.513
4.53, 1, 4.94066e-324, 731.831, 157.578
4.543, 1, 4.94066e-324, 733.951, 188.92
4.557, 1, 4.94066e-324, 736.277, 189.838
4.57, 1, 4.94066e-324, 738.533, 154.261
4.584, 1, 4.94066e-324, 740.722, 143.373
4.597, 1, 4.94066e-324, 742.91, 157.942
4.61, 1, 4.94066e-324, 745.099, 114.94
4.625, 1, 4.94066e-324, 747.424, 213.449
4.639, 1, 4.94066e-324, 749.886, 224.841
4.655, 1, 4.94066e-324, 752.416, 152.927
4.67, 1, 4.94066e-324, 754.947, 191.781
4.685, 1, 4.94066e-324, 757.546, 214.61
4.699, 1, 4.94066e-324, 759.734, 127.058
4.714, 1, 4.94066e-324, 762.196, 175.582
4.729, 1, 4.94066e-324, 764.658, 205.496
4.744, 1, 4.94066e-324, 767.052, 182.468
4.759, 1, 4.94066e-324, 769.514, 156.407
4.773, 1, 4.94066e-324, 771.976, 157.096
4.787, 1, 4.94066e-324, 774.164, 313.472
4.801, 1, 4.94066e-324, 776.489, 208.981
4.814, 1, 4.94066e-324, 778.746, 104.65
4.827, 1, 4.94066e-324, 780.866, 160.037
4.841, 1, 4.94066e-324, 783.055, 272.901
4.855, 1, 4.94066e-324, 785.448, 149.812
4.87, 1, 4.94066e-324, 788.047, 214.79
4.885, 1, 4.94066e-324, 790.372, 146.443
4.899, 1, 4.94066e-324, 792.629, 150.086
4.912, 1, 4.94066e-324, 794.886, 154.145
4.925, 1, 4.94066e-324, 797.074, 182.736
4.939, 1, 4.94066e-324, 799.331, 165.491
4.954, 1, 4.94066e-324, 801.793, 113.509
4.97, 1, 4.94066e-324, 804.324, 170.228
4.984, 1, 4.94066e-324, 806.717, 284.446
4.999, 1, 4.94066e-324, 809.248, 132.11
5.013, 1, 4.94066e-324, 811.368, 97.1896
5.027, 1, 4.94066e-324, 813.761, 103.073
5.04, 1, 4.94066e-324, 815.95, 75.9035
5.053, 1, 4.94066e-324, 818.07, 117.105
5.067, 1, 4.94066e-324, 820.327, 216.25
5.08, 1, 4.94066e-324, 822.447, 133.572
5.093, 1, 4.94066e-324, 824.635, 196.238
5.106, 1, 4.94066e-324, 826.892, 153.96
5.122, 1, 4.94066e-324, 829.491, 286.446
5.136, 1, 4.94066e-324, 831.748, 192.32
5.151, 1, 4.94066e-324, 834.415, 157.851
5.167, 1, 4.94066e-324, 836.809, 158.675
5.181, 1, 4.94066e-324, 839.202, 229.186
5.195, 1, 4.94066e-324, 841.459, 209.782
5.209, 1, 4.94066e-324, 843.784, 80.8381
5.223, 1, 4.94066e-324, 846.109, 196.746
5.239, 1, 4.94066e-324, 848.845, 170.016
5.254, 1, 4.94066e-324, 851.307, 174.573
5.269, 1, 4.94066e-324, 853.701, 405.469
5.283, 1, 4.94066e-324, 856.026, 164.003
5.296, 1, 4.94066e-324, 858.146, 169.84
5.309, 1, 4.94066e-324, 860.266, 157.216
5.322, 1, 4.94066e-324, 862.454, 155.312
5.336, 1, 4.94066e-324, 864.78, 247.658
5.358, 1, 4.94066e-324, 868.404, 363.495
5.373, 1, 4.94066e-324, 870.729, 178.251
5.385, 1, 4.94066e-324, 872.85, 119.145
5.398, 1, 4.94066e-324, 874.901, 169.981
5.41, 1, 4.94066e-324, 876.953, 179.499
5.423, 1, 4.94066e-324, 879.005, 177.021
5.435, 1, 4.94066e-324, 881.125, 170.122
5.448, 1, 4.94066e-324, 883.245, 144.382
5.462, 1, 4.94066e-324, 885.502, 166.262
5.475, 1, 4.94066e-324, 887.553, 164.529
5.487, 1, 4.94066e-324, 889.742, 117.912
5.501, 1, 4.94066e-324, 891.93, 182.371
5.514, 1, 4.94066e-324, 894.05, 154.726
5.527, 1, 4.94066e-324, 896.17, 170.546
5.54, 1, 4.94066e-324, 898.29, 205.373
5.553, 1, 4.94066e-324, 900.479, 195.845
5.567, 1, 4.94066e-324, 902.736, 238.497
5.579, 1, 4.94066e-324, 904.856, 185.672
5.592, 1, 4.94066e-324, 906.976, 182.696
5.605, 1, 4.94066e-324, 909.096, 183.513
5.618, 1, 4.94066e-324, 911.216, 199.53
5.631, 1, 4.94066e-324, 913.404, 178.562
5.644, 1, 4.94066e-324, 915.524, 171.115
5.657, 1, 4.94066e-324, 917.576, 222.766
5.67, 1, 4.94066e-324, 919.764, 168.308
5.683, 1, 4.94066e-324, 921.884, 210.428
5.697, 1, 4.94066e-324, 924.278, 215.195
5.711, 1, 4.94066e-324, 926.603, 101.267
5.726, 1, 4.94066e-324, 928.997, 227.711
5.739, 1, 4.94066e-324, 931.117, 153.511
5.752, 1, 4.94066e-324, 933.305, 138.299
5.765, 1, 4.94066e-324, 935.494, 72.4844
5.779, 1, 4.94066e-324, 937.819, 199.191
5.792, 1, 4.94066e-324, 939.939, 135.156
5.805, 1, 4.94066e-324, 942.128, 317.596
5.82, 1, 4.94066e-324, 944.658, 266.451
5.835, 1, 4.94066e-324, 947.052, 181.789
5.85, 1, 4.94066e-324, 949.514, 188.92
5.865, 1, 4.94066e-324, 951.976, 214.386
5.88, 1, 4.94066e-324, 954.369, 265.074
5.895, 1, 4.94066e-324, 956.9, 158.186
5.908, 1, 4.94066e-324, 959.088, 114.172
5.924, 1, 4.94066e-324, 961.687, 155.077
5.937, 1, 4.94066e-324, 963.875, 184.139
5.952, 1, 4.94066e-324, 966.337, 171.401
5.966, 1, 4.94066e-324, 968.663, 163.61
5.979, 1, 4.94066e-324, 970.783, 140.718
5.993, 1, 4.94066e-324, 973.04, 188.529
6.006, 1, 4.94066e-324, 975.228, 183.513
6.019, 1, 4.94066e-324, 977.348, 200.996
6.032, 1, 4.94066e-324, 979.536, 157.337
6.046, 1, 4.94066e-324, 981.793, 169.385
6.06, 1, 4.94066e-324, 984.119, 181.886
6.074, 1, 4.94066e-324, 986.444, 166.701
6.088, 1, 4.94066e-324, 988.837, 169.784
6.104, 1, 4.94066e-324, 991.368, 200.554
6.118, 1, 4.94066e-324, 993.625, 204.962
6.131, 1, 4.94066e-324, 995.95, 83.3505
6.145, 1, 4.94066e-324, 998.207, 215.286
6.159, 1, 4.94066e-324, 1000.4, 226.704
6.172, 1, 4.94066e-324, 1002.58, 219.901
6.186, 1, 4.94066e-324, 1004.91, 124.57
6.199, 1, 4.94066e-324, 1007.17, 207.869
6.213, 1, 4.94066e-324, 1009.29, 114.459
6.226, 1, 4.94066e-324, 1011.41, 219.196
6.239, 1, 4.94066e-324, 1013.66, 214.925
6.254, 1, 4.94066e-324, 1016.12, 199.385
6.268, 1, 4.94066e-324, 1018.38, 226.641
6.281, 1, 4.94066e-324, 1020.64, 114.555
6.295, 1, 4.94066e-324, 1022.9, 157.942
6.309, 1, 4.94066e-324, 1025.22, 177.289
6.323, 1, 4.94066e-324, 1027.48, 157.821
6.336, 1, 4.94066e-324, 1029.67, 144.484
6.349, 1, 4.94066e-324, 1031.85, 382.775
6.365, 1, 4.94066e-324, 1034.45, 765.769
6.382, 1, 4.94066e-324, 1037.26, 121.257
6.395, 1, 4.94066e-324, 1039.31, 187.882
6.407, 1, 4.94066e-324, 1041.36, 184.835
6.419, 1, 4.94066e-324, 1043.41, 183.022
6.432, 1, 4.94066e-324, 1045.46, 117.709
6.444, 1, 4.94066e-324, 1047.52, 178.717
6.457, 1, 4.94066e-324, 1049.57, 159.663
6.469, 1, 4.94066e-324, 1051.62, 177.942
6.482, 1, 4.94066e-324, 1053.81, 171.832
6.495, 1, 4.94066e-324, 1055.93, 162.831
6.508, 1, 4.94066e-324, 1058.05, 180.446
6.521, 1, 4.94066e-324, 1060.1, 166.938
6.534, 1, 4.94066e-324, 1062.22, 465.584
6.549, 1, 4.94066e-324, 1064.75, 192.781
6.562, 1, 4.94066e-324, 1067.01, 169.981
6.575, 1, 4.94066e-324, 1069.13, 157.337
6.589, 1, 4.94066e-324, 1071.31, 94.6561
6.601, 1, 4.94066e-324, 1073.43, 143.574
6.615, 1, 4.94066e-324, 1075.62, 206.613
6.628, 1, 4.94066e-324, 1077.88, 164.595
6.643, 1, 4.94066e-324, 1080.34, 167.006
6.658, 1, 4.94066e-324, 1082.74, 241.515
6.673, 1, 4.94066e-324, 1085.27, 147.01
6.689, 1, 4.94066e-324, 1087.93, 171.08
6.704, 1, 4.94066e-324, 1090.4, 208.822
6.718, 1, 4.94066e-324, 1092.58, 319.575
6.732, 1, 4.94066e-324, 1095.11, 106.194
6.75, 1, 4.94066e-324, 1097.92, 178.695
6.766, 1, 4.94066e-324, 1100.59, 210.04
6.78, 1, 4.94066e-324, 1102.98, 144.433
6.795, 1, 4.94066e-324, 1105.37, 200.202
6.81, 1, 4.94066e-324, 1107.83, 171.187
6.824, 1, 4.94066e-324, 1110.23, 146.235
6.838, 1, 4.94066e-324, 1112.42, 152.201
6.851, 1, 4.94066e-324, 1114.6, 148.564
6.865, 1, 4.94066e-324, 1116.93, 141.984
6.878, 1, 4.94066e-324, 1119.19, 76.3271
6.892, 1, 4.94066e-324, 1121.44, 123.744
6.906, 1, 4.94066e-324, 1123.7, 191.781
6.921, 1, 4.94066e-324, 1126.23, 344.158
6.936, 1, 4.94066e-324, 1128.76, 192.104
6.952, 1, 4.94066e-324, 1131.29, 154.29
6.967, 1, 4.94066e-324, 1133.75, 190.499
6.982, 1, 4.94066e-324, 1136.22, 197.542
6.996, 1, 4.94066e-324, 1138.61, 156.139
7.009, 1, 4.94066e-324, 1140.73, 184.503
7.022, 1, 4.94066e-324, 1142.85, 157.578
7.035, 1, 4.94066e-324, 1145.11, 181.524
7.049, 1, 4.94066e-324, 1147.36, 147.47
7.065, 1, 4.94066e-324, 1149.96, 182.128
7.079, 1, 4.94066e-324, 1152.22, 159.601
7.093, 1, 4.94066e-324, 1154.68, 154.726
7.108, 1, 4.94066e-324, 1157.14, 193.189
7.123, 1, 4.94066e-324, 1159.6, 138.439
7.138, 1, 4.94066e-324, 1162.07, 212.125
7.153, 1, 4.94066e-324, 1164.53, 140.776
7.169, 1, 4.94066e-324, 1167.2, 115.816
7.182, 1, 4.94066e-324, 1169.32, 327.22
7.197, 1, 4.94066e-324, 1171.64, 147.073
7.211, 1, 4.94066e-324, 1174.03, 204.911
7.224, 1, 4.94066e-324, 1176.29, 141.886
7.24, 1, 4.94066e-324, 1178.96, 182.761
7.255, 1, 4.94066e-324, 1181.42, 155.341
7.27, 1, 4.94066e-324, 1183.88, 168.966
7.285, 1, 4.94066e-324, 1186.34, 176.412
7.299, 1, 4.94066e-324, 1188.6, 146.443
7.313, 1, 4.94066e-324, 1190.86, 205.991
7.327, 1, 4.94066e-324, 1193.12, 129.361
7.341, 1, 4.94066e-324, 1195.65, 185.84
7.356, 1, 4.94066e-324, 1197.97, 177.942
7.369, 1, 4.94066e-324, 1200.09, 179.499
7.381, 1, 4.94066e-324, 1202.14, 670.481
7.398, 1, 4.94066e-324, 1204.81, 183.349
7.41, 1, 4.94066e-324, 1206.93, 121.257
7.423, 1, 4.94066e-324, 1208.91, 178.406
7.435, 1, 4.94066e-324, 1211.03, 178.717
7.448, 1, 4.94066e-324, 1213.09, 116.209
7.46, 1, 4.94066e-324, 1215.14, 169.001
7.473, 1, 4.94066e-324, 1217.26, 227.018
7.486, 1, 4.94066e-324, 1219.38, 164.925
7.499, 1, 4.94066e-324, 1221.5, 171.115
7.511, 1, 4.94066e-324, 1223.62, 150.306
7.524, 1, 4.94066e-324, 1225.81, 154.843
7.537, 1, 4.94066e-324, 1227.93, 211.077
7.551, 1, 4.94066e-324, 1230.11, 148.028
7.564, 1, 4.94066e-324, 1232.23, 158.798
7.577, 1, 4.94066e-324, 1234.35, 191.164
7.59, 1, 4.94066e-324, 1236.61, 140.622
7.603, 1, 4.94066e-324, 1238.87, 153.11
7.617, 1, 4.94066e-324, 1241.06, 179.499
7.632, 1, 4.94066e-324, 1243.59, 119.701
7.646, 1, 4.94066e-324, 1245.91, 119.645
7.662, 1, 4.94066e-324, 1248.58, 130.451
7.677, 1, 4.94066e-324, 1251.04, 166.904
7.692, 1, 4.94066e-324, 1253.43, 231.044
7.705, 1, 4.94066e-324, 1255.69, 222.283
7.718, 1, 4.94066e-324, 1257.81, 121.473
7.731, 1, 4.94066e-324, 1259.93, 150.471
7.744, 1, 4.94066e-324, 1261.98, 80.5525
7.759, 1, 4.94066e-324, 1264.38, 215.909
7.771, 1, 4.94066e-324, 1266.5, 161.295
7.785, 1, 4.94066e-324, 1268.75, 247.607
7.8, 1, 4.94066e-324, 1271.22, 163.35
7.813, 1, 4.94066e-324, 1273.34, 200.849
7.826, 1, 4.94066e-324, 1275.59, 156.377
7.839, 1, 4.94066e-324, 1277.78, 158.308
7.853, 1, 4.94066e-324, 1279.97, 186.346
7.866, 1, 4.94066e-324, 1282.23, 157.821
7.88, 1, 4.94066e-324, 1284.35, 206.146
7.893, 1, 4.94066e-324, 1286.53, 147.39
7.907, 1, 4.94066e-324, 1289, 559.583
7.926, 1, 4.94066e-324, 1292.07, 160.444
7.941, 1, 4.94066e-324, 1294.54, 146.6
7.956, 1, 4.94066e-324, 1297, 143.901
7.971, 1, 4.94066e-324, 1299.46, 161.772
7.986, 1, 4.94066e-324, 1301.85, 194.067
8.001, 1, 4.94066e-324, 1304.32, 167.62
8.014, 1, 4.94066e-324, 1306.5, 157.458
8.028, 1, 4.94066e-324, 1308.76, 123.949
8.043, 1, 4.94066e-324, 1311.36, 123.002
8.058, 1, 4.94066e-324, 1313.75, 172.265
8.072, 1, 4.94066e-324, 1316.08, 211.567
8.085, 1, 4.94066e-324, 1318.27, 200.114
8.099, 1, 4.94066e-324, 1320.66, 116.954
8.115, 1, 4.94066e-324, 1323.19, 232.616
8.129, 1, 4.94066e-324, 1325.45, 177.327
8.142, 1, 4.94066e-324, 1327.71, 220.847
8.155, 1, 4.94066e-324, 1329.89, 122.196
8.169, 1, 4.94066e-324, 1332.22, 283.185
8.183, 1, 4.94066e-324, 1334.48, 150.969
8.196, 1, 4.94066e-324, 1336.6, 86.024
8.21, 1, 4.94066e-324, 1338.92, 152.654
8.223, 1, 4.94066e-324, 1341.04, 230.784
8.236, 1, 4.94066e-324, 1343.23, 169.28
8.25, 1, 4.94066e-324, 1345.42, 222.766
8.263, 1, 4.94066e-324, 1347.67, 152.314
8.276, 1, 4.94066e-324, 1349.79, 152.654
8.289, 1, 4.94066e-324, 1351.91, 170.83
8.303, 1, 4.94066e-324, 1354.17, 398.242
8.32, 1, 4.94066e-324, 1356.98, 162.059
8.335, 1, 4.94066e-324, 1359.51, 194.398
8.35, 1, 4.94066e-324, 1362.04, 273.967
8.366, 1, 4.94066e-324, 1364.64, 117.205
8.379, 1, 4.94066e-324, 1366.69, 183.349
8.391, 1, 4.94066e-324, 1368.74, 183.022
8.403, 1, 4.94066e-324, 1370.79, 184.669
8.416, 1, 4.94066e-324, 1372.84, 171.688
8.429, 1, 4.94066e-324, 1374.96, 164.003
8.441, 1, 4.94066e-324, 1377.08, 167.074
8.454, 1, 4.94066e-324, 1379.2, 112.021
8.467, 1, 4.94066e-324, 1381.25, 165.859
8.48, 1, 4.94066e-324, 1383.37, 204.605
8.493, 1, 4.94066e-324, 1385.56, 209.622
8.506, 1, 4.94066e-324, 1387.75, 181.403
8.519, 1, 4.94066e-324, 1389.87, 120.758
8.533, 1, 4.94066e-324, 1392.13, 139.285
8.546, 1, 4.94066e-324, 1394.32, 154.726
8.559, 1, 4.94066e-324, 1396.5, 170.016
8.573, 1, 4.94066e-324, 1398.69, 208.344
8.586, 1, 4.94066e-324, 1401.02, 154.726
8.6, 1, 4.94066e-324, 1403.14, 179.264
8.613, 1, 4.94066e-324, 1405.4, 137.144
8.627, 1, 4.94066e-324, 1407.72, 102.188
8.643, 1, 4.94066e-324, 1410.25, 130.017
8.657, 1, 4.94066e-324, 1412.64, 260.034
8.671, 1, 4.94066e-324, 1414.97, 172.874
8.686, 1, 4.94066e-324, 1417.5, 115.522
8.701, 1, 4.94066e-324, 1419.83, 157.126
8.715, 1, 4.94066e-324, 1422.29, 186.042
8.73, 1, 4.94066e-324, 1424.75, 128.914
8.745, 1, 4.94066e-324, 1427.21, 213.849
8.76, 1, 4.94066e-324, 1429.6, 199.634
8.775, 1, 4.94066e-324, 1432.14, 228.344
8.788, 1, 4.94066e-324, 1434.32, 168.239
8.803, 1, 4.94066e-324, 1436.72, 249.14
8.816, 1, 4.94066e-324, 1438.97, 162.187
8.83, 1, 4.94066e-324, 1441.23, 104.891
8.844, 1, 4.94066e-324, 1443.49, 148.028
8.857, 1, 4.94066e-324, 1445.68, 86.024
8.87, 1, 4.94066e-324, 1447.86, 188.296
8.885, 1, 4.94066e-324, 1450.26, 409.924
8.9, 1, 4.94066e-324, 1452.72, 96.052
8.914, 1, 4.94066e-324, 1455.11, 154.814
8.929, 1, 4.94066e-324, 1457.58, 152.91
8.944, 1, 4.94066e-324, 1459.97, 288.388
8.959, 1, 4.94066e-324, 1462.43, 200.849
8.972, 1, 4.94066e-324, 1464.62, 168.862
8.985, 1, 4.94066e-324, 1466.74, 203.842
8.998, 1, 4.94066e-324, 1469, 159.788
9.011, 1, 4.94066e-324, 1471.12, 177.404
9.025, 1, 4.94066e-324, 1473.31, 205.836
9.038, 1, 4.94066e-324, 1475.56, 182.566
9.053, 1, 4.94066e-324, 1478.02, 147.868
9.068, 1, 4.94066e-324, 1480.42, 232.3
9.082, 1, 4.94066e-324, 1482.74, 134.89
9.096, 1, 4.94066e-324, 1485.07, 149.484
9.111, 1, 4.94066e-324, 1487.67, 152.996
9.126, 1, 4.94066e-324, 1490.13, 180.923
9.142, 1, 4.94066e-324, 1492.59, 187.367
9.157, 1, 4.94066e-324, 1495.12, 205.003
9.171, 1, 4.94066e-324, 1497.52, 186.855
9.187, 1, 4.94066e-324, 1500.18, 152.825
9.202, 1, 4.94066e-324, 1502.58, 151.303
9.218, 1, 4.94066e-324, 1505.17, 118.577
9.234, 1, 4.94066e-324, 1507.91, 210.557
9.251, 1, 4.94066e-324, 1510.65, 161.963
9.265, 1, 4.94066e-324, 1513.04, 183.25
9.28, 1, 4.94066e-324, 1515.5, 136.369
9.295, 1, 4.94066e-324, 1517.96, 192.428
9.31, 1, 4.94066e-324, 1520.43, 397.611
9.325, 1, 4.94066e-324, 1522.89, 208.344
9.339, 1, 4.94066e-324, 1525.28, 151.303
9.357, 1, 4.94066e-324, 1528.09, 211.077
9.37, 1, 4.94066e-324, 1530.27, 179.342
9.385, 1, 4.94066e-324, 1532.74, 120.829
9.397, 1, 4.94066e-324, 1534.72, 177.327
9.41, 1, 4.94066e-324, 1536.84, 176.868
9.422, 1, 4.94066e-324, 1538.89, 176.564
9.435, 1, 4.94066e-324, 1541.01, 60.2016
9.447, 1, 4.94066e-324, 1542.99, 166.938
9.46, 1, 4.94066e-324, 1545.11, 217.973
9.473, 1, 4.94066e-324, 1547.3, 154.726
9.486, 1, 4.94066e-324, 1549.49, 165.058
9.499, 1, 4.94066e-324, 1551.61, 189.575
9.513, 1, 4.94066e-324, 1553.8, 187.624
9.526, 1, 4.94066e-324, 1555.99, 222.766
9.539, 1, 4.94066e-324, 1558.18, 157.821
9.552, 1, 4.94066e-324, 1560.36, 38.9903
9.565, 1, 4.94066e-324, 1562.48, 123.15
9.578, 1, 4.94066e-324, 1564.74, 162.96
9.592, 1, 4.94066e-324, 1566.86, 169.84
9.604, 1, 4.94066e-324, 1568.98, 209.141
9.618, 1, 4.94066e-324, 1571.17, 140.525
9.631, 1, 4.94066e-324, 1573.36, 206.613
9.644, 1, 4.94066e-324, 1575.62, 157.216
9.658, 1, 4.94066e-324, 1577.8, 138.253
9.671, 1, 4.94066e-324, 1579.99, 105.133
9.684, 1, 4.94066e-324, 1582.11, 162.155
9.697, 1, 4.94066e-324, 1584.37, 197.514
9.712, 1, 4.94066e-324, 1586.76, 164.634
9.727, 1, 4.94066e-324, 1589.29, 157
9.742, 1, 4.94066e-324, 1591.82, 172.265
9.757, 1, 4.94066e-324, 1594.15, 211.469
9.771, 1, 4.94066e-324, 1596.54, 180.637
9.787, 1, 4.94066e-324, 1599.14, 135.962
9.801, 1, 4.94066e-324, 1601.81, 267.772
9.818, 1, 4.94066e-324, 1604.2, 207.869
9.831, 1, 4.94066e-324, 1606.39, 225.211
9.844, 1, 4.94066e-324, 1608.58, 210.557
9.859, 1, 4.94066e-324, 1611.04, 182.956
9.874, 1, 4.94066e-324, 1613.57, 160.462
9.89, 1, 4.94066e-324, 1616.1, 143.173
9.903, 1, 4.94066e-324, 1618.29, 110.127
9.916, 1, 4.94066e-324, 1620.34, 207.712
9.93, 1, 4.94066e-324, 1622.67, 120.971
9.944, 1, 4.94066e-324, 1625.06, 206.146
9.958, 1, 4.94066e-324, 1627.45, 145.354
9.972, 1, 4.94066e-324, 1629.64, 159.601
9.985, 1, 4.94066e-324, 1631.83, 278.571
9.999, 1, 4.94066e-324, 1634.09, 88.7785
10.013, -0, 4.94066e-324, 1635.87, 58.804
10.025, -0, 4.94066e-324, 1636.48, 64.2754
10.039, -0, 4.94066e-324, 1636.69, 0
10.052, -0, 4.94066e-324, 1636.76, 0
10.065, -0, 4.94066e-324, 1636.76, 0
10.08, -0, 4.94066e-324, 1636.76, 0
10.093, -0, 4.94066e-324, 1636.76, 0
10.106, -0, 4.94066e-324, 1636.76, 0
10.119, -0, 4.94066e-324, 1636.76, 0
10.133, -0, 4.94066e-324, 1636.76, 0
10.148, -0, 4.94066e-324, 1636.76, 0
10.162, -0, 4.94066e-324, 1636.76, 0
10.176, -0, 4.94066e-324, 1636.76, 0
10.189, -0, 4.94066e-324, 1636.76, 0
10.203, -0, 4.94066e-324, 1636.76, 0
10.216, -0, 4.94066e-324, 1636.76, 0
10.23, -0, 4.94066e-324, 1636.76, 0
10.245, -0, 4.94066e-324, 1636.76, 0
10.259, -0, 4.94066e-324, 1636.76, 0
10.275, -0, 4.94066e-324, 1636.76, 0
10.29, -0, 4.94066e-324, 1636.76, 0
10.304, -0, 4.94066e-324, 1636.76, 0
10.319, -0, 4.94066e-324, 1636.76, 0
10.333, -0, 4.94066e-324, 1636.76, 0
10.346, -0, 4.94066e-324, 1636.76, 0
10.359, -0, 4.94066e-324, 1636.76, 0
10.372, -0, 4.94066e-324, 1636.76, 0
10.388, -0, 4.94066e-324, 1636.76, 0
10.401, -0, 4.94066e-324, 1636.76, 0
10.413, -0, 4.94066e-324, 1636.76, 0
10.426, -0, 4.94066e-324, 1636.76, 0
10.439, -0, 4.94066e-324, 1636.76, 0
10.451, -0, 4.94066e-324, 1636.76, 0
10.464, -0, 4.94066e-324, 1636.76, 0
10.477, -0, 4.94066e-324, 1636.76, 0
10.491, -0, 4.94066e-324, 1636.76, 0
10.504, -0, 4.94066e-324, 1636.76, 0
10.517, -0, 4.94066e-324, 1636.76, 0
10.53, -0, 4.94066e-324, 1636.76, 0
10.544, -0, 4.94066e-324, 1636.76, 0
10.559, -0, 4.94066e-324, 1636.76, 0
10.573, -0, 4.94066e-324, 1636.76, 0
10.586, -0, 4.94066e-324, 1636.76, 0
10.6, -0, 4.94066e-324, 1636.76, 0
10.613, -0, 4.94066e-324, 1636.76, 0
10.626, -0, 4.94066e-324, 1636.76, 0
10.641, -0, 4.94066e-324, 1636.76, 0
10.656, -0, 4.94066e-324, 1636.76, 0
10.671, -0, 4.94066e-324, 1636.76, 0
10.685, -0, 4.94066e-324, 1636.76, 0
10.7, -0, 4.94066e-324, 1636.76, 0
10.716, -0, 4.94066e-324, 1636.76, 0
10.73, -0, 4.94066e-324, 1636.76, 0
10.744, -0, 4.94066e-324, 1636.76, 0
10.758, -0, 4.94066e-324, 1636.76, 0
10.773, -0, 4.94066e-324, 1636.76, 0
10.786, -0, 4.94066e-324, 1636.76, 0
10.801, -0, 4.94066e-324, 1636.76, 0
10.816, -0, 4.94066e-324, 1636.76, 0
10.831, -0, 4.94066e-324, 1636.76, 0
10.846, -0, 4.94066e-324, 1636.76, 0
10.862, -0, 4.94066e-324, 1636.76, 0
10.876, -0, 4.94066e-324, 1636.76, 0
10.89, -0, 4.94066e-324, 1636.76, 0
10.903, -0, 4.94066e-324, 1636.76, 0
10.917, -0, 4.94066e-324, 1636.76, 0
10.931, -0, 4.94066e-324, 1636.76, 0
10.945, -0, 4.94066e-324, 1636.76, 0
10.959, -0, 4.94066e-324, 1636.76, 0
10.972, -0, 4.94066e-324, 1636.76, 0
10.987, -0, 4.94066e-324, 1636.76, 0
11, -0, 4.94066e-324, 1636.76, 0
11.014, -0, 4.94066e-324, 1636.76, 0
11.026, -0, 4.94066e-324, 1636.76, 0
11.04, -0, 4.94066e-324, 1636.76, 0
11.053, -0, 4.94066e-324, 1636.76, 0
11.067, -0, 4.94066e-324, 1636.76, 0
11.08, -0, 4.94066e-324, 1636.76, 0
11.096, -0, 4.94066e-324, 1636.76, 0
11.11, -0, 4.94066e-324, 1636.76, 0
11.125, -0, 4.94066e-324, 1636.76, 0
11.138, -0, 4.94066e-324, 1636.76, 0
11.151, -0, 4.94066e-324, 1636.76, 0
11.165, -0, 4.94066e-324, 1636.76, 0
11.18, -0, 4.94066e-324, 1636.76, 0
11.195, -0, 4.94066e-324, 1636.76, 0
11.209, -0, 4.94066e-324, 1636.76, 0
11.223, -0, 4.94066e-324, 1636.76, 0
11.238, -0, 4.94066e-324, 1636.76, 0
11.252, -0, 4.94066e-324, 1636.76, 0
11.268, -0, 4.94066e-324, 1636.76, 0
11.283, -0, 4.94066e-324, 1636.76, 0
11.298, -0, 4.94066e-324, 1636.76, 0
11.315, -0, 4.94066e-324, 1636.76, 0
11.328, -0, 4.94066e-324, 1636.76, 0
11.341, -0, 4.94066e-324, 1636.76, 0
11.366, -0, 4.94066e-324, 1636.76, 0
11.379, -0, 4.94066e-324, 1636.76, 0
11.391, -0, 4.94066e-324, 1636.76, 0
11.404, -0, 4.94066e-324, 1636.76, 0
11.417, -0, 4.94066e-324, 1636.76, 0
11.429, -0, 4.94066e-324, 1636.76, 0
11.442, -0, 4.94066e-324, 1636.76, 0
11.454, -0, 4.94066e-324, 1636.76, 0
11.467, -0, 4.94066e-324, 1636.76, 0
11.479, -0, 4.94066e-324, 1636.76, 0
11.492, -0, 4.94066e-324, 1636.76, 0
11.506, -0, 4.94066e-324, 1636.76, 0
11.518, -0, 4.94066e-324, 1636.76, 0
11.531, -0, 4.94066e-324, 1636.76, 0
11.543, -0, 4.94066e-324, 1636.76, 0
11.557, -0, 4.94066e-324, 1636.76, 0
11.569, -0, 4.94066e-324, 1636.76, 0
11.582, -0, 4.94066e-324, 1636.76, 0
11.594, -0, 4.94066e-324, 1636.76, 0
11.607, -0, 4.94066e-324, 1636.76, 0
11.619, -0, 4.94066e-324, 1636.76, 0
11.632, -0, 4.94066e-324, 1636.76, 0
11.646, -0, 4.94066e-324, 1636.76, 0
11.659, -0, 4.94066e-324, 1636.76, 0
11.671, -0, 4.94066e-324, 1636.76, 0
11.684, -0, 4.94066e-324, 1636.76, 0
11.696, -0, 4.94066e-324, 1636.76, 0
11.708, -0, 4.94066e-324, 1636.76, 0
11.721, -0, 4.94066e-324, 1636.76, 0
11.783, -0, 4.94066e-324, 1636.76, 0
11.796, -0, 4.94066e-324, 1636.76, 0
11.808, -0, 4.94066e-324, 1636.76, 0
11.821, -0, 4.94066e-324, 1636.76, 0
11.834, -0, 4.94066e-324, 1636.76, 0
11.847, -0, 4.94066e-324, 1636.76, 0
11.86, -0, 4.94066e-324, 1636.76, 0
11.873, -0, 4.94066e-324, 1636.76, 0
11.885, -0, 4.94066e-324, 1636.76, 0
11.898, -0, 4.94066e-324, 1636.76, 0
11.91, -0, 4.94066e-324, 1636.76, 0
11.923, -0, 4.94066e-324, 1636.76, 0
11.935, -0, 4.94066e-324, 1636.76, 0
11.948, -0, 4.94066e-324, 1636.76, 0
11.96, -0, 4.94066e-324, 1636.76, 0
11.973, -0, 4.94066e-324, 1636.76, 0
11.986, -0, 4.94066e-324, 1636.76, 0
11.998, -0, 4.94066e-324, 1636.76, 0
12.011, -0, 4.94066e-324, 1636.76, 0
12.024, -0, 4.94066e-324, 1636.76, 0
12.037, -0, 4.94066e-324, 1636.76, 0
12.049, -0, 4.94066e-324, 1636.76, 0
12.063, -0, 4.94066e-324, 1636.76, 0
12.076, -0, 4.94066e-324, 1636.76, 0
12.089, -0, 4.94066e-324, 1636.76, 0
12.103, -0, 4.94066e-324, 1636.76, 0
12.116, -0, 4.94066e-324, 1636.76, 0
12.13, -0, 4.94066e-324, 1636.76, 0
12.143, -0, 4.94066e-324, 1636.76, 0
12.156, -0, 4.94066e-324, 1636.76, 0
12.17, -0, 4.94066e-324, 1636.76, 0
12.183, -0, 4.94066e-324, 1636.76, 0
12.197, -0, 4.94066e-324, 1636.76, 0
12.21, -0, 4.94066e-324, 1636.76, 0
12.223, -0, 4.94066e-324, 1636.76, 0
12.237, -0, 4.94066e-324, 1636.76, 0
12.25, -0, 4.94066e-324, 1636.76, 0
12.264, -0, 4.94066e-324, 1636.76, 0
12.279, -0, 4.94066e-324, 1636.76, 0
12.293, -0, 4.94066e-324, 1636.76, 0
12.306, -0, 4.94066e-324, 1636.76, 0
12.319, -0, 4.94066e-324, 1636.76, 0
12.332, -0, 4.94066e-324, 1636.76, 0
12.346, -0, 4.94066e-324, 1636.76, 0
12.36, -0, 4.94066e-324, 1636.76, 0
12.372, -0, 4.94066e-324, 1636.76, 0
12.385, -0, 4.94066e-324, 1636.76, 0
12.398, -0, 4.94066e-324, 1636.76, 0
12.41, -0, 4.94066e-324, 1636.76, 0
12.423, -0, 4.94066e-324, 1636.76, 0
12.435, -0, 4.94066e-324, 1636.76, 0
12.448, -0, 4.94066e-324, 1636.76, 0
12.46, -0, 4.94066e-324, 1636.76, 0
12.473, -0, 4.94066e-324, 1636.76, 0
12.486, -0, 4.94066e-324, 1636.76, 0
12.499, -0, 4.94066e-324, 1636.76, 0
12.512, -0, 4.94066e-324, 1636.76, 0
12.525, -0, 4.94066e-324, 1636.76, 0
12.538, -0, 4.94066e-324, 1636.76, 0
12.552, -0, 4.94066e-324, 1636.76, 0
12.565, -0, 4.94066e-324, 1636.76, 0
12.578, -0, 4.94066e-324, 1636.76, 0
12.59, -0, 4.94066e-324, 1636.76, 0
12.603, -0, 4.94066e-324, 1636.76, 0
12.616, -0, 4.94066e-324, 1636.76, 0
12.63, -0, 4.94066e-324, 1636.76, 0
12.643, -0, 4.94066e-324, 1636.76, 0
12.656, -0, 4.94066e-324, 1636.76, 0
12.671, -0, 4.94066e-324, 1636.76, 0
12.684, -0, 4.94066e-324, 1636.76, 0
12.698, -0, 4.94066e-324, 1636.76, 0
12.711, -0, 4.94066e-324, 1636.76, 0
12.724, -0, 4.94066e-324, 1636.76, 0
12.737, -0, 4.94066e-324, 1636.76, 0
12.75, -0, 4.94066e-324, 1636.76, 0
12.763, -0, 4.94066e-324, 1636.76, 0
12.776, -0, 4.94066e-324, 1636.76, 0
12.789, -0, 4.94066e-324, 1636.76, 0
12.803, -0, 4.94066e-324, 1636.76, 0
12.819, -0, 4.94066e-324, 1636.76, 0
12.832, -0, 4.94066e-324, 1636.76, 0
12.846, -0, 4.94066e-324, 1636.76, 0
12.859, -0, 4.94066e-324, 1636.76, 0
12.874, -0, 4.94066e-324, 1636.76, 0
12.888, -0, 4.94066e-324, 1636.76, 0
12.904, -0, 4.94066e-324, 1636.76, 0
12.917, -0, 4.94066e-324, 1636.76, 0
12.93, -0, 4.94066e-324, 1636.76, 0
12.943, -0, 4.94066e-324, 1636.76, 0
12.958, -0, 4.94066e-324, 1636.76, 0
12.972, -0, 4.94066e-324, 1636.76, 0
12.986, -0, 4.94066e-324, 1636.76, 0
13, -0, 4.94066e-324, 1636.76, 0
13.013, -0, 4.94066e-324, 1636.76, 0
13.026, -0, 4.94066e-324, 1636.76, 0
13.039, -0, 4.94066e-324, 1636.76, 0
13.052, -0, 4.94066e-324, 1636.76, 0
13.065, -0, 4.94066e-324, 1636.76, 0
13.078, -0, 4.94066e-324, 1636.76, 0
13.091, -0, 4.94066e-324, 1636.76, 0
13.105, -0, 4.94066e-324, 1636.76, 0
13.119, -0, 4.94066e-324, 1636.76, 0
13.134, -0, 4.94066e-324, 1636.76, 0
13.15, -0, 4.94066e-324, 1636.76, 0
13.166, -0, 4.94066e-324, 1636.76, 0
13.179, -0, 4.94066e-324, 1636.76, 0
13.194, -0, 4.94066e-324, 1636.76, 0
13.207, -0, 4.94066e-324, 1636.76, 0
13.221, -0, 4.94066e-324, 1636.76, 0
13.235, -0, 4.94066e-324, 1636.76, 0
13.252, -0, 4.94066e-324, 1636.76, 0
13.265, -0, 4.94066e-324, 1636.76, 0
13.279, -0, 4.94066e-324, 1636.76, 0
13.291, -0, 4.94066e-324, 1636.76, 0
13.305, -0, 4.94066e-324, 1636.76, 0
13.319, -0, 4.94066e-324, 1636.76, 0
13.332, -0, 4.94066e-324, 1636.76, 0
13.346, -0, 4.94066e-324, 1636.76, 0
13.36, -0, 4.94066e-324, 1636.76, 0
13.373, -0, 4.94066e-324, 1636.76, 0
13.386, -0, 4.94066e-324, 1636.76, 0
13.398, -0, 4.94066e-324, 1636.76, 0
13.411, -0, 4.94066e-324, 1636.76, 0
13.423, -0, 4.94066e-324, 1636.76, 0
13.436, -0, 4.94066e-324, 1636.76, 0
13.448, -0, 4.94066e-324, 1636.76, 0
13.461, -0, 4.94066e-324, 1636.76, 0
13.473, -0, 4.94066e-324, 1636.76, 0
13.486, -0, 4.94066e-324, 1636.76, 0
13.499, -0, 4.94066e-324, 1636.76, 0
13.512, -0, 4.94066e-324, 1636.76, 0
13.524, -0, 4.94066e-324, 1636.76, 0
13.537, -0, 4.94066e-324, 1636.76, 0
13.551, -0, 4.94066e-324, 1636.76, 0
13.564, -0, 4.94066e-324, 1636.76, 0
13.577, -0, 4.94066e-324, 1636.76, 0
13.59, -0, 4.94066e-324, 1636.76, 0
13.603, -0, 4.94066e-324, 1636.76, 0
13.617, -0, 4.94066e-324, 1636.76, 0
13.632, -0, 4.94066e-324, 1636.76, 0
13.645, -0, 4.94066e-324, 1636.76, 0
13.658, -0, 4.94066e-324, 1636.76, 0
13.672, -0, 4.94066e-324, 1636.76, 0
13.684, -0, 4.94066e-324, 1636.76, 0
13.697, -0, 4.94066e-324, 1636.76, 0
13.709, -0, 4.94066e-324, 1636.76, 0
13.722, -0, 4.94066e-324, 1636.76, 0
13.734, -0, 4.94066e-324, 1636.76, 0
13.747, -0, 4.94066e-324, 1636.76, 0
13.759, -0, 4.94066e-324, 1636.76, 0
13.772, -0, 4.94066e-324, 1636.76, 0
13.785, -0, 4.94066e-324, 1636.76, 0
13.797, -0, 4.94066e-324, 1636.76, 0
13.81, -0, 4.94066e-324, 1636.76, 0
13.823, -0, 4.94066e-324, 1636.76, 0
13.835, -0, 4.94066e-324, 1636.76, 0
13.848, -0, 4.94066e-324, 1636.76, 0
13.862, -0, 4.94066e-324, 1636.76, 0
13.875, -0, 4.94066e-324, 1636.76, 0
13.889, -0, 4.94066e-324, 1636.76, 0
13.902, -0, 4.94066e-324, 1636.76, 0
13.915, -0, 4.94066e-324, 1636.76, 0
13.931, -0, 4.94066e-324, 1636.76, 0
13.946, -0, 4.94066e-324, 1636.76, 0
13.961, -0, 4.94066e-324, 1636.76, 0
13.974, -0, 4.94066e-324, 1636.76, 0
13.987, -0, 4.94066e-324, 1636.76, 0
14.001, -0, 4.94066e-324, 1636.76, 0
14.014, -0, 4.94066e-324, 1636.76, 0
14.027, -0, 4.94066e-324, 1636.76, 0
14.041, -0, 4.94066e-324, 1636.76, 0
14.054, -0, 4.94066e-324, 1636.76, 0
14.067, -0, 4.94066e-324, 1636.76, 0
14.081, -0, 4.94066e-324, 1636.76, 0
14.094, -0, 4.94066e-324, 1636.76, 0
14.107, -0, 4.94066e-324, 1636.76, 0
14.121, -0, 4.94066e-324, 1636.76, 0
14.134, -0, 4.94066e-324, 1636.76, 0
14.149, -0, 4.94066e-324, 1636.76, 0
14.164, -0, 4.94066e-324, 1636.76, 0
14.179, -0, 4.94066e-324, 1636.76, 0
14.194, -0, 4.94066e-324, 1636.76, 0
14.209, -0, 4.94066e-324, 1636.76, 0
14.224, -0, 4.94066e-324, 1636.76, 0
14.238, -0, 4.94066e-324, 1636.76, 0
14.252, -0, 4.94066e-324, 1636.76, 0
14.265, -0, 4.94066e-324, 1636.76, 0
14.279, -0, 4.94066e-324, 1636.76, 0
14.292, -0, 4.94066e-324, 1636.76, 0
14.305, -0, 4.94066e-324, 1636.76, 0
14.319, -0, 4.94066e-324, 1636.76, 0
14.335, -0, 4.94066e-324, 1636.76, 0
14.35, -0, 4.94066e-324, 1636.76, 0
14.365, -0, 4.94066e-324, 1636.76, 0
14.378, -0, 4.94066e-324, 1636.76, 0
14.391, -0, 4.94066e-324, 1636.76, 0
14.403, -0, 4.94066e-324, 1636.76, 0
14.416, -0, 4.94066e-324, 1636.76, 0
14.428, -0, 4.94066e-324, 1636.76, 0
14.44, -0, 4.94066e-324, 1636.76, 0
14.453, -0, 4.94066e-324, 1636.76, 0
14.465, -0, 4.94066e-324, 1636.76, 0
14.478, -0, 4.94066e-324, 1636.76, 0
14.491, -0, 4.94066e-324, 1636.76, 0
14.504, -0, 4.94066e-324, 1636.76, 0
14.516, -0, 4.94066e-324, 1636.76, 0
14.529, -0, 4.94066e-324, 1636.76, 0
14.542, -0, 4.94066e-324, 1636.76, 0
14.556, -0, 4.94066e-324, 1636.76, 0
14.569, -0, 4.94066e-324, 1636.76, 0
14.582, -0, 4.94066e-324, 1636.76, 0
14.596, -0, 4.94066e-324, 1636.76, 0
14.609, -0, 4.94066e-324, 1636.76, 0
14.622, -0, 4.94066e-324, 1636.76, 0
14.637, -0, 4.94066e-324, 1636.76, 0
14.652, -0, 4.94066e-324, 1636.76, 0
14.667, -0, 4.94066e-324, 1636.76, 0
14.68, -0, 4.94066e-324, 1636.76, 0
14.693, -0, 4.94066e-324, 1636.76, 0
14.708, -0, 4.94066e-324, 1636.76, 0
14.723, -0, 4.94066e-324, 1636.76, 0
14.739, -0, 4.94066e-324, 1636.76, 0
14.755, -0, 4.94066e-324, 1636.76, 0
14.769, -0, 4.94066e-324, 1636.76, 0
14.785, -0, 4.94066e-324, 1636.76, 0
14.8, -0, 4.94066e-324, 1636.76, 0
14.815, -0, 4.94066e-324, 1636.76, 0
14.83, -0, 4.94066e-324, 1636.76, 0
14.846, -0, 4.94066e-324, 1636.76, 0
14.86, -0, 4.94066e-324, 1636.76, 0
14.875, -0, 4.94066e-324, 1636.76, 0
14.89, -0, 4.94066e-324, 1636.76, 0
14.906, -0, 4.94066e-324, 1636.76, 0
14.922, -0, 4.94066e-324, 1636.76, 0
14.939, -0, 4.94066e-324, 1636.76, 0
14.956, -0, 4.94066e-324, 1636.76, 0
14.97, -0, 4.94066e-324, 1636.76, 0
14.983, -0, 4.94066e-324, 1636.76, 0
14.997, -0, 4.94066e-324, 1636.76, 0
15.011, -0, 4.94066e-324, 1636.76, 0
15.023, -0, 4.94066e-324, 1636.76, 0
15.039, -0, 4.94066e-324, 1636.76, 0
15.053, -0, 4.94066e-324, 1636.76, 0
15.069, -0, 4.94066e-324, 1636.76, 0
15.082, -0, 4.94066e-324, 1636.76, 0
15.096, -0, 4.94066e-324, 1636.76, 0
15.112, -0, 4.94066e-324, 1636.76, 0
15.127, -0, 4.94066e-324, 1636.76, 0
15.142, -0, 4.94066e-324, 1636.76, 0
15.158, -0, 4.94066e-324, 1636.76, 0
15.173, -0, 4.94066e-324, 1636.76, 0
15.188, -0, 4.94066e-324, 1636.76, 0
15.203, -0, 4.94066e-324, 1636.76, 0
15.218, -0, 4.94066e-324, 1636.76, 0
15.231, -0, 4.94066e-324, 1636.76, 0
15.244, -0, 4.94066e-324, 1636.76, 0
15.258, -0, 4.94066e-324, 1636.76, 0
15.271, -0, 4.94066e-324, 1636.76, 0
15.284, -0, 4.94066e-324, 1636.76, 0
15.298, -0, 4.94066e-324, 1636.76, 0
15.314, -0, 4.94066e-324, 1636.76, 0
15.329, -0, 4.94066e-324, 1636.76, 0
15.344, -0, 4.94066e-324, 1636.76, 0
15.359, -0, 4.94066e-324, 1636.76, 0
15.372, -0, 4.94066e-324, 1636.76, 0
15.386, -0, 4.94066e-324, 1636.76, 0
15.401, -0, 4.94066e-324, 1636.76, 0
15.413, -0, 4.94066e-324, 1636.76, 0
15.426, -0, 4.94066e-324, 1636.76, 0
15.438, -0, 4.94066e-324, 1636.76, 0
15.451, -0, 4.94066e-324, 1636.76, 0
15.463, -0, 4.94066e-324, 1636.76, 0
15.476, -0, 4.94066e-324, 1636.76, 0
15.489, -0, 4.94066e-324, 1636.76, 0
15.501, -0, 4.94066e-324, 1636.76, 0
15.514, -0, 4.94066e-324, 1636.76, 0
15.527, -0, 4.94066e-324, 1636.76, 0
15.54, -0, 4.94066e-324, 1636.76, 0
15.553, -0, 4.94066e-324, 1636.76, 0
15.566, -0, 4.94066e-324, 1636.76, 0
15.579, -0, 4.94066e-324, 1636.76, 0
15.591, -0, 4.94066e-324, 1636.76, 0
15.604, -0, 4.94066e-324, 1636.76, 0
15.616, -0, 4.94066e-324, 1636.76, 0
15.629, -0, 4.94066e-324, 1636.76, 0
15.641, -0, 4.94066e-324, 1636.76, 0
15.654, -0, 4.94066e-324, 1636.76, 0
15.666, -0, 4.94066e-324, 1636.76, 0
15.679, -0, 4.94066e-324, 1636.76, 0
15.692, -0, 4.94066e-324, 1636.76, 0
15.705, -0, 4.94066e-324, 1636.76, 0
15.718, -0, 4.94066e-324, 1636.76, 0
15.73, -0, 4.94066e-324, 1636.76, 0
15.744, -0, 4.94066e-324, 1636.76, 0
15.757, -0, 4.94066e-324, 1636.76, 0
15.771, -0, 4.94066e-324, 1636.76, 0
15.784, -0, 4.94066e-324, 1636.76, 0
15.797, -0, 4.94066e-324, 1636.76, 0
15.811, -0, 4.94066e-324, 1636.76, 0
15.824, -0, 4.94066e-324, 1636.76, 0
15.837, -0, 4.94066e-324, 1636.76, 0
15.851, -0, 4.94066e-324, 1636.76, 0
15.863, -0, 4.94066e-324, 1636.76, 0
15.878, -0, 4.94066e-324, 1636.76, 0
15.893, -0, 4.94066e-324, 1636.76, 0
15.908, -0, 4.94066e-324, 1636.76, 0
15.922, -0, 4.94066e-324, 1636.76, 0
15.936, -0, 4.94066e-324, 1636.76, 0
15.951, -0, 4.94066e-324, 1636.76, 0
15.964, -0, 4.94066e-324, 1636.76, 0
15.978, -0, 4.94066e-324, 1636.76, 0
15.991, -0, 4.94066e-324, 1636.76, 0
16.004, -0, 4.94066e-324, 1636.76, 0
16.018, -0, 4.94066e-324, 1636.76, 0
16.031, -0, 4.94066e-324, 1636.76, 0
16.044, -0, 4.94066e-324, 1636.76, 0
16.057, -0, 4.94066e-324, 1636.76, 0
16.071, -0, 4.94066e-324, 1636.76, 0
16.084, -0, 4.94066e-324, 1636.76, 0
16.099, -0, 4.94066e-324, 1636.76, 0
16.113, -0, 4.94066e-324, 1636.76, 0
16.126, -0, 4.94066e-324, 1636.76, 0
16.14, -0, 4.94066e-324, 1636.76, 0
16.153, -0, 4.94066e-324, 1636.76, 0
16.167, -0, 4.94066e-324, 1636.76, 0
16.18, -0, 4.94066e-324, 1636.76, 0
16.194, -0, 4.94066e-324, 1636.76, 0
16.207, -0, 4.94066e-324, 1636.76, 0
16.22, -0, 4.94066e-324, 1636.76, 0
16.234, -0, 4.94066e-324, 1636.76, 0
16.247, -0, 4.94066e-324, 1636.76, 0
16.263, -0, 4.94066e-324, 1636.76, 0
16.279, -0, 4.94066e-324, 1636.76, 0
16.292, -0, 4.94066e-324, 1636.76, 0
16.306, -0, 4.94066e-324, 1636.76, 0
16.321, -0, 4.94066e-324, 1636.76, 0
16.336, -0, 4.94066e-324, 1636.76, 0
16.356, -0, 4.94066e-324, 1636.76, 0
16.37, -0, 4.94066e-324, 1636.76, 0
16.383, -0, 4.94066e-324, 1636.76, 0
16.395, -0, 4.94066e-324, 1636.76, 0
16.408, -0, 4.94066e-324, 1636.76, 0
16.42, -0, 4.94066e-324, 1636.76, 0
16.433, -0, 4.94066e-324, 1636.76, 0
16.445, -0, 4.94066e-324, 1636.76, 0
16.458, -0, 4.94066e-324, 1636.76, 0
16.47, -0, 4.94066e-324, 1636.76, 0
16.483, -0, 4.94066e-324, 1636.76, 0
16.496, -0, 4.94066e-324, 1636.76, 0
16.509, -0, 4.94066e-324, 1636.76, 0
16.522, -0, 4.94066e-324, 1636.76, 0
16.534, -0, 4.94066e-324, 1636.76, 0
16.548, -0, 4.94066e-324, 1636.76, 0
16.563, -0, 4.94066e-324, 1636.76, 0
16.577, -0, 4.94066e-324, 1636.76, 0
16.59, -0, 4.94066e-324, 1636.76, 0
16.603, -0, 4.94066e-324, 1636.76, 0
16.618, -0, 4.94066e-324, 1636.76, 0
16.634, -0, 4.94066e-324, 1636.76, 0
16.649, -0, 4.94066e-324, 1636.76, 0
16.665, -0, 4.94066e-324, 1636.76, 0
16.68, -0, 4.94066e-324, 1636.76, 0
16.695, -0, 4.94066e-324, 1636.76, 0
16.709, -0, 4.94066e-324, 1636.76, 0
16.724, -0, 4.94066e-324, 1636.76, 0
16.74, -0, 4.94066e-324, 1636.76, 0
16.756, -0, 4.94066e-324, 1636.76, 0
16.771, -0, 4.94066e-324, 1636.76, 0
16.784, -0, 4.94066e-324, 1636.76, 0
16.797, -0, 4.94066e-324, 1636.76, 0
16.811, -0, 4.94066e-324, 1636.76, 0
16.824, -0, 4.94066e-324, 1636.76, 0
16.839, -0, 4.94066e-324, 1636.76, 0
16.854, -0, 4.94066e-324, 1636.76, 0
16.869, -0, 4.94066e-324, 1636.76, 0
16.884, -0, 4.94066e-324, 1636.76, 0
16.899, -0, 4.94066e-324, 1636.76, 0
16.914, -0, 4.94066e-324, 1636.76, 0
16.929, -0, 4.94066e-324, 1636.76, 0
16.944, -0, 4.94066e-324, 1636.76, 0
16.957, -0, 4.94066e-324, 1636.76, 0
16.971, -0, 4.94066e-324, 1636.76, 0
16.985, -0, 4.94066e-324, 1636.76, 0
16.999, -0, 4.94066e-324, 1636.76, 0
17.012, -0, 4.94066e-324, 1636.76, 0
17.025, -0, 4.94066e-324, 1636.76, 0
17.039, -0, 4.94066e-324, 1636.76, 0
17.054, -0, 4.94066e-324, 1636.76, 0
17.068, -0, 4.94066e-324, 1636.76, 0
17.082, -0, 4.94066e-324, 1636.76, 0
17.096, -0, 4.94066e-324, 1636.76, 0
17.112, -0, 4.94066e-324, 1636.76, 0
17.127, -0, 4.94066e-324, 1636.76, 0
17.142, -0, 4.94066e-324, 1636.76, 0
17.156, -0, 4.94066e-324, 1636.76, 0
17.17, -0, 4.94066e-324, 1636.76, 0
17.186, -0, 4.94066e-324, 1636.76, 0
17.2, -0, 4.94066e-324, 1636.76, 0
17.215, -0, 4.94066e-324, 1636.76, 0
17.229, -0, 4.94066e-324, 1636.76, 0
17.244, -0, 4.94066e-324, 1636.76, 0
17.257, -0, 4.94066e-324, 1636.76, 0
17.272, -0, 4.94066e-324, 1636.76, 0
17.287, -0, 4.94066e-324, 1636.76, 0
17.3, -0, 4.94066e-324, 1636.76, 0
17.316, -0, 4.94066e-324, 1636.76, 0
17.331, -0, 4.94066e-324, 1636.76, 0
17.344, -0, 4.94066e-324, 1636.76, 0
17.362, -0, 4.94066e-324, 1636.76, 0
17.375, -0, 4.94066e-324, 1636.76, 0
17.391, -0, 4.94066e-324, 1636.76, 0
17.403, -0, 4.94066e-324, 1636.76, 0
17.416, -0, 4.94066e-324, 1636.76, 0
17.428, -0, 4.94066e-324, 1636.76, 0
17.441, -0, 4.94066e-324, 1636.76, 0
17.454, -0, 4.94066e-324, 1636.76, 0
17.467, -0, 4.94066e-324, 1636.76, 0
17.479, -0, 4.94066e-324, 1636.76, 0
17.493, -0, 4.94066e-324, 1636.76, 0
17.506, -0, 4.94066e-324, 1636.76, 0
17.519, -0, 4.94066e-324, 1636.76, 0
17.532, -0, 4.94066e-324, 1636.76, 0
17.545, -0, 4.94066e-324, 1636.76, 0
17.558, -0, 4.94066e-324, 1636.76, 0
17.571, -0, 4.94066e-324, 1636.76, 0
17.585, -0, 4.94066e-324, 1636.76, 0
17.598, -0, 4.94066e-324, 1636.76, 0
17.612, -0, 4.94066e-324, 1636.76, 0
17.626, -0, 4.94066e-324, 1636.76, 0
17.638, -0, 4.94066e-324, 1636.76, 0
17.651, -0, 4.94066e-324, 1636.76, 0
17.664, -0, 4.94066e-324, 1636.76, 0
17.677, -0, 4.94066e-324, 1636.76, 0
17.691, -0, 4.94066e-324, 1636.76, 0
17.704, -0, 4.94066e-324, 1636.76, 0
17.717, -0, 4.94066e-324, 1636.76, 0
17.73, -0, 4.94066e-324, 1636.76, 0
17.743, -0, 4.94066e-324, 1636.76, 0
17.757, -0, 4.94066e-324, 1636.76, 0
17.77, -0, 4.94066e-324, 1636.76, 0
17.784, -0, 4.94066e-324, 1636.76, 0
17.799, -0, 4.94066e-324, 1636.76, 0
17.814, -0, 4.94066e-324, 1636.76, 0
17.83, -0, 4.94066e-324, 1636.76, 0
17.845, -0, 4.94066e-324, 1636.76, 0
17.859, -0, 4.94066e-324, 1636.76, 0
17.873, -0, 4.94066e-324, 1636.76, 0
17.886, -0, 4.94066e-324, 1636.76, 0
17.901, -0, 4.94066e-324, 1636.76, 0
17.914, -0, 4.94066e-324, 1636.76, 0
17.929, -0, 4.94066e-324, 1636.76, 0
17.942, -0, 4.94066e-324, 1636.76, 0
17.955, -0, 4.94066e-324, 1636.76, 0
17.968, -0, 4.94066e-324, 1636.76, 0
17.981, -0, 4.94066e-324, 1636.76, 0
17.994, -0, 4.94066e-324, 1636.76, 0
18.008, -0, 4.94066e-324, 1636.76, 0
18.021, -0, 4.94066e-324, 1636.76, 0
18.034, -0, 4.94066e-324, 1636.76, 0
18.048, -0, 4.94066e-324, 1636.76, 0
18.061, -0, 4.94066e-324, 1636.76, 0
18.074, -0, 4.94066e-324, 1636.76, 0
18.086, -0, 4.94066e-324, 1636.76, 0
18.1, -0, 4.94066e-324, 1636.76, 0
18.114, -0, 4.94066e-324, 1636.76, 0
18.128, -0, 4.94066e-324, 1636.76, 0
18.142, -0, 4.94066e-324, 1636.76, 0
18.155, -0, 4.94066e-324, 1636.76, 0
18.168, -0, 4.94066e-324, 1636.76, 0
18.182, -0, 4.94066e-324, 1636.76, 0
18.196, -0, 4.94066e-324, 1636.76, 0
18.21, -0, 4.94066e-324, 1636.76, 0
18.224, -0, 4.94066e-324, 1636.76, 0
18.237, -0, 4.94066e-324, 1636.76, 0
18.251, -0, 4.94066e-324, 1636.76, 0
18.264, -0, 4.94066e-324, 1636.76, 0
18.279, -0, 4.94066e-324, 1636.76, 0
18.293, -0, 4.94066e-324, 1636.76, 0
18.307, -0, 4.94066e-324, 1636.76, 0
18.32, -0, 4.94066e-324, 1636.76, 0
18.334, -0, 4.94066e-324, 1636.76, 0
18.347, -0, 4.94066e-324, 1636.76, 0
18.362, -0, 4.94066e-324, 1636.76, 0
18.374, -0, 4.94066e-324, 1636.76, 0
18.387, -0, 4.94066e-324, 1636.76, 0
18.399, -0, 4.94066e-324, 1636.76, 0
18.412, -0, 4.94066e-324, 1636.76, 0
18.424, -0, 4.94066e-324, 1636.76, 0
18.437, -0, 4.94066e-324, 1636.76, 0
18.449, -0, 4.94066e-324, 1636.76, 0
18.462, -0, 4.94066e-324, 1636.76, 0
18.475, -0, 4.94066e-324, 1636.76, 0
18.488, -0, 4.94066e-324, 1636.76, 0
18.501, -0, 4.94066e-324, 1636.76, 0
18.514, -0, 4.94066e-324, 1636.76, 0
18.526, -0, 4.94066e-324, 1636.76, 0
18.539, -0, 4.94066e-324, 1636.76, 0
18.552, -0, 4.94066e-324, 1636.76, 0
18.566, -0, 4.94066e-324, 1636.76, 0
18.579, -0, 4.94066e-324, 1636.76, 0
18.592, -0, 4.94066e-324, 1636.76, 0
18.605, -0, 4.94066e-324, 1636.76, 0
18.618, -0, 4.94066e-324, 1636.76, 0
18.631, -0, 4.94066e-324, 1636.76, 0
18.645, -0, 4.94066e-324, 1636.76, 0
18.66, -0, 4.94066e-324, 1636.76, 0
18.674, -0, 4.94066e-324, 1636.76, 0
18.69, -0, 4.94066e-324, 1636.76, 0
18.706, -0, 4.94066e-324, 1636.76, 0
18.722, -0, 4.94066e-324, 1636.76, 0
18.737, -0, 4.94066e-324, 1636.76, 0
18.752, -0, 4.94066e-324, 1636.76, 0
18.768, -0, 4.94066e-324, 1636.76, 0
18.784, -0, 4.94066e-324, 1636.76, 0
18.798, -0, 4.94066e-324, 1636.76, 0
18.813, -0, 4.94066e-324, 1636.76, 0
18.828, -0, 4.94066e-324, 1636.76, 0
18.843, -0, 4.94066e-324, 1636.76, 0
18.858, -0, 4.94066e-324, 1636.76, 0
18.873, -0, 4.94066e-324, 1636.76, 0
18.887, -0, 4.94066e-324, 1636.76, 0
18.902, -0, 4.94066e-324, 1636.76, 0
18.916, -0, 4.94066e-324, 1636.76, 0
18.931, -0, 4.94066e-324, 1636.76, 0
18.945, -0, 4.94066e-324, 1636.76, 0
18.96, -0, 4.94066e-324, 1636.76, 0
18.974, -0, 4.94066e-324, 1636.76, 0
18.987, -0, 4.94066e-324, 1636.76, 0
19.001, -0, 4.94066e-324, 1636.76, 0
19.015, -0, 4.94066e-324, 1636.76, 0
19.027, -0, 4.94066e-324, 1636.76, 0
19.041, -0, 4.94066e-324, 1636.76, 0
19.054, -0, 4.94066e-324, 1636.76, 0
19.068, -0, 4.94066e-324, 1636.76, 0
19.083, -0, 4.94066e-324, 1636.76, 0
19.096, -0, 4.94066e-324, 1636.76, 0
19.11, -0, 4.94066e-324, 1636.76, 0
19.125, -0, 4.94066e-324, 1636.76, 0
19.139, -0, 4.94066e-324, 1636.76, 0
19.154, -0, 4.94066e-324, 1636.76, 0
19.169, -0, 4.94066e-324, 1636.76, 0
19.182, -0, 4.94066e-324, 1636.76, 0
19.195, -0, 4.94066e-324, 1636.76, 0
19.209, -0, 4.94066e-324, 1636.76, 0
19.222, -0, 4.94066e-324, 1636.76, 0
19.236, -0, 4.94066e-324, 1636.76, 0
19.251, -0, 4.94066e-324, 1636.76, 0
19.267, -0, 4.94066e-324, 1636.76, 0
19.282, -0, 4.94066e-324, 1636.76, 0
19.296, -0, 4.94066e-324, 1636.76, 0
19.308, -0, 4.94066e-324, 1636.76, 0
19.322, -0, 4.94066e-324, 1636.76, 0
19.335, -0, 4.94066e-324, 1636.76, 0
19.351, -0, 4.94066e-324, 1636.76, 0
19.365, -0, 4.94066e-324, 1636.76, 0
19.378, -0, 4.94066e-324, 1636.76, 0
19.391, -0, 4.94066e-324, 1636.76, 0
19.403, -0, 4.94066e-324, 1636.76, 0
19.416, -0, 4.94066e-324, 1636.76, 0
19.428, -0, 4.94066e-324, 1636.76, 0
19.44, -0, 4.94066e-324, 1636.76, 0
19.453, -0, 4.94066e-324, 1636.76, 0
19.466, -0, 4.94066e-324, 1636.76, 0
19.478, -0, 4.94066e-324, 1636.76, 0
19.492, -0, 4.94066e-324, 1636.76, 0
19.505, -0, 4.94066e-324, 1636.76, 0
19.518, -0, 4.94066e-324, 1636.76, 0
19.532, -0, 4.94066e-324, 1636.76, 0
19.545, -0, 4.94066e-324, 1636.76, 0
19.559, -0, 4.94066e-324, 1636.76, 0
19.572, -0, 4.94066e-324, 1636.76, 0
19.585, -0, 4.94066e-324, 1636.76, 0
19.599, -0, 4.94066e-324, 1636.76, 0
19.612, -0, 4.94066e-324, 1636.76, 0
19.626, -0, 4.94066e-324, 1636.76, 0
19.64, -0, 4.94066e-324, 1636.76, 0
19.655, -0, 4.94066e-324, 1636.76, 0
19.671, -0, 4.94066e-324, 1636.76, 0
19.686, -0, 4.94066e-324, 1636.76, 0
19.701, -0, 4.94066e-324, 1636.76, 0
19.715, -0, 4.94066e-324, 1636.76, 0
19.73, -0, 4.94066e-324, 1636.76, 0
19.745, -0, 4.94066e-324, 1636.76, 0
19.76, -0, 4.94066e-324, 1636.76, 0
19.774, -0, 4.94066e-324, 1636.76, 0
19.788, -0, 4.94066e-324, 1636.76, 0
19.803, -0, 4.94066e-324, 1636.76, 0
19.817, -0, 4.94066e-324, 1636.76, 0
19.832, -0, 4.94066e-324, 1636.76, 0
19.847, -0, 4.94066e-324, 1636.76, 0
19.861, -0, 4.94066e-324, 1636.76, 0
19.875, -0, 4.94066e-324, 1636.76, 0
19.89, -0, 4.94066e-324, 1636.76, 0
19.904, -0, 4.94066e-324, 1636.76, 0
19.919, -0, 4.94066e-324, 1636.76, 0
19.933, -0, 4.94066e-324, 1636.76, 0
19.948, -0, 4.94066e-324, 1636.76, 0
19.964, -0, 4.94066e-324, 1636.76, 0
19.978, -0, 4.94066e-324, 1636.76, 0
19.994, -0, 4.94066e-324, 1636.76, 0
20.011, -0, 4.94066e-324, 1636.76, 0
20.024, -0, 4.94066e-324, 1636.76, 0
20.039, -0, 4.94066e-324, 1636.76, 0
20.052, -0, 4.94066e-324, 1636.76, 0
20.066, -0, 4.94066e-324, 1636.76, 0
20.08, -0, 4.94066e-324, 1636.76, 0
20.094, -0, 4.94066e-324, 1636.76, 0
20.11, -0, 4.94066e-324, 1636.76, 0
20.126, -0, 4.94066e-324, 1636.76, 0
20.14, -0, 4.94066e-324, 1636.76, 0
20.153, -0, 4.94066e-324, 1636.76, 0
20.167, -0, 4.94066e-324, 1636.76, 0
20.181, -0, 4.94066e-324, 1636.76, 0
20.194, -0, 4.94066e-324, 1636.76, 0
20.208, -0, 4.94066e-324, 1636.76, 0
20.221, -0, 4.94066e-324, 1636.76, 0
20.235, -0, 4.94066e-324, 1636.76, 0
20.248, -0, 4.94066e-324, 1636.76, 0
20.263, -0, 4.94066e-324, 1636.76, 0
20.278, -0, 4.94066e-324, 1636.76, 0
20.291, -0, 4.94066e-324, 1636.76, 0
20.305, -0, 4.94066e-324, 1636.76, 0
20.318, -0, 4.94066e-324, 1636.76, 0
20.333, -0, 4.94066e-324, 1636.76, 0
20.348, -0, 4.94066e-324, 1636.76, 0
20.367, -0, 4.94066e-324, 1636.76, 0
20.381, -0, 4.94066e-324, 1636.76, 0
20.393, -0, 4.94066e-324, 1636.76, 0
20.405, -0, 4.94066e-324, 1636.76, 0
20.418, -0, 4.94066e-324, 1636.76, 0
20.43, -0, 4.94066e-324, 1636.76, 0
20.443, -0, 4.94066e-324, 1636.76, 0
20.455, -0, 4.94066e-324, 1636.76, 0
20.468, -0, 4.94066e-324, 1636.76, 0
20.481, -0, 4.94066e-324, 1636.76, 0
20.493, -0, 4.94066e-324, 1636.76, 0
20.506, -0, 4.94066e-324, 1636.76, 0
20.519, -0, 4.94066e-324, 1636.76, 0
20.532, -0, 4.94066e-324, 1636.76, 0
20.545, -0, 4.94066e-324, 1636.76, 0
20.558, -0, 4.94066e-324, 1636.76, 0
20.571, -0, 4.94066e-324, 1636.76, 0
20.585, -0, 4.94066e-324, 1636.76, 0
20.598, -0, 4.94066e-324, 1636.76, 0
20.611, -0, 4.94066e-324, 1636.76, 0
20.626, -0, 4.94066e-324, 1636.76, 0
20.639, -0, 4.94066e-324, 1636.76, 0
20.653, -0, 4.94066e-324, 1636.76, 0
20.668, -0, 4.94066e-324, 1636.76, 0
20.682, -0, 4.94066e-324, 1636.76, 0
20.696, -0, 4.94066e-324, 1636.76, 0
20.712, -0, 4.94066e-324, 1636.76, 0
20.728, -0, 4.94066e-324, 1636.76, 0
20.743, -0, 4.94066e-324, 1636.76, 0
20.759, -0, 4.94066e-324, 1636.76, 0
20.774, -0, 4.94066e-324, 1636.76, 0
20.79, -0, 4.94066e-324, 1636.76, 0
20.803, -0, 4.94066e-324, 1636.76, 0
20.819, -0, 4.94066e-324, 1636.76, 0
20.832, -0, 4.94066e-324, 1636.76, 0
20.847, -0, 4.94066e-324, 1636.76, 0
20.863, -0, 4.94066e-324, 1636.76, 0
20.878, -0, 4.94066e-324, 1636.76, 0
20.893, -0, 4.94066e-324, 1636.76, 0
20.908, -0, 4.94066e-324, 1636.76, 0
20.925, -0, 4.94066e-324, 1636.76, 0
20.94, -0, 4.94066e-324, 1636.76, 0
20.956, -0, 4.94066e-324, 1636.76, 0
20.975, -0, 4.94066e-324, 1636.76, 0
20.991, -0, 4.94066e-324, 1636.76, 0
21.004, -0, 4.94066e-324, 1636.76, 0
21.016, -0, 4.94066e-324, 1636.76, 0
21.028, -0, 4.94066e-324, 1636.76, 0
21.041, -0, 4.94066e-324, 1636.76, 0
21.053, -0, 4.94066e-324, 1636.76, 0
21.066, -0, 4.94066e-324, 1636.76, 0
21.079, -0, 4.94066e-324, 1636.76, 0
21.091, -0, 4.94066e-324, 1636.76, 0
21.104, -0, 4.94066e-324, 1636.76, 0
21.116, -0, 4.94066e-324, 1636.76, 0
21.13, -0, 4.94066e-324, 1636.76, 0
21.143, -0, 4.94066e-324, 1636.76, 0
21.157, -0, 4.94066e-324, 1636.76, 0
21.17, -0, 4.94066e-324, 1636.76, 0
21.183, -0, 4.94066e-324, 1636.76, 0
21.197, -0, 4.94066e-324, 1636.76, 0
21.211, -0, 4.94066e-324, 1636.76, 0
21.227, -0, 4.94066e-324, 1636.76, 0
21.244, -0, 4.94066e-324, 1636.76, 0
21.26, -0, 4.94066e-324, 1636.76, 0
21.273, -0, 4.94066e-324, 1636.76, 0
21.287, -0, 4.94066e-324, 1636.76, 0
21.3, -0, 4.94066e-324, 1636.76, 0
21.313, -0, 4.94066e-324, 1636.76, 0
21.327, -0, 4.94066e-324, 1636.76, 0
21.34, -0, 4.94066e-324, 1636.76, 0
21.355, -0, 4.94066e-324, 1636.76, 0
21.369, -0, 4.94066e-324, 1636.76, 0
21.381, -0, 4.94066e-324, 1636.76, 0
21.393, -0, 4.94066e-324, 1636.76, 0
21.406, -0, 4.94066e-324, 1636.76, 0
21.419, -0, 4.94066e-324, 1636.76, 0
21.431, -0, 4.94066e-324, 1636.76, 0
21.443, -0, 4.94066e-324, 1636.76, 0
21.456, -0, 4.94066e-324, 1636.76, 0
21.468, -0, 4.94066e-324, 1636.76, 0
21.481, -0, 4.94066e-324, 1636.76, 0
21.493, -0, 4.94066e-324, 1636.76, 0
21.506, -0, 4.94066e-324, 1636.76, 0
21.519, -0, 4.94066e-324, 1636.76, 0
21.531, -0, 4.94066e-324, 1636.76, 0
21.544, -0, 4.94066e-324, 1636.76, 0
21.557, -0, 4.94066e-324, 1636.76, 0
21.57, -0, 4.94066e-324, 1636.76, 0
21.583, -0, 4.94066e-324, 1636.76, 0
21.596, -0, 4.94066e-324, 1636.76, 0
21.609, -0, 4.94066e-324, 1636.76, 0
21.622, -0, 4.94066e-324, 1636.76, 0
21.635, -0, 4.94066e-324, 1636.76, 0
21.648, -0, 4.94066e-324, 1636.76, 0
21.661, -0, 4.94066e-324, 1636.76, 0
21.676, -0, 4.94066e-324, 1636.76, 0
21.691, -0, 4.94066e-324, 1636.76, 0
21.705, -0, 4.94066e-324, 1636.76, 0
21.72, -0, 4.94066e-324, 1636.76, 0
21.735, -0, 4.94066e-324, 1636.76, 0
21.748, -0, 4.94066e-324, 1636.76, 0
21.763, -0, 4.94066e-324, 1636.76, 0
21.777, -0, 4.94066e-324, 1636.76, 0
21.792, -0, 4.94066e-324, 1636.76, 0
21.807, -0, 4.94066e-324, 1636.76, 0
21.822, -0, 4.94066e-324, 1636.76, 0
21.837, -0, 4.94066e-324, 1636.76, 0
21.852, -0, 4.94066e-324, 1636.76, 0
21.866, -0, 4.94066e-324, 1636.76, 0
21.881, -0, 4.94066e-324, 1636.76, 0
21.896, -0, 4.94066e-324, 1636.76, 0
21.911, -0, 4.94066e-324, 1636.76, 0
21.926, -0, 4.94066e-324, 1636.76, 0
21.94, -0, 4.94066e-324, 1636.76, 0
21.953, -0, 4.94066e-324, 1636.76, 0
21.967, -0, 4.94066e-324, 1636.76, 0
21.981, -0, 4.94066e-324, 1636.76, 0
21.995, -0, 4.94066e-324, 1636.76, 0
22.01, -0, 4.94066e-324, 1636.76, 0
22.023, -0, 4.94066e-324, 1636.76, 0
22.035, -0, 4.94066e-324, 1636.76, 0
22.049, -0, 4.94066e-324, 1636.76, 0
22.062, -0, 4.94066e-324, 1636.76, 0
22.076, -0, 4.94066e-324, 1636.76, 0
22.089, -0, 4.94066e-324, 1636.76, 0
22.103, -0, 4.94066e-324, 1636.76, 0
22.118, -0, 4.94066e-324, 1636.76, 0
22.133, -0, 4.94066e-324, 1636.76, 0
22.148, -0, 4.94066e-324, 1636.76, 0
22.162, -0, 4.94066e-324, 1636.76, 0
22.176, -0, 4.94066e-324, 1636.76, 0
22.19, -0, 4.94066e-324, 1636.76, 0
22.204, -0, 4.94066e-324, 1636.76, 0
22.218, -0, 4.94066e-324, 1636.76, 0
22.233, -0, 4.94066e-324, 1636.76, 0
22.248, -0, 4.94066e-324, 1636.76, 0
22.263, -0, 4.94066e-324, 1636.76, 0
22.276, -0, 4.94066e-324, 1636.76, 0
22.289, -0, 4.94066e-324, 1636.76, 0
22.303, -0, 4.94066e-324, 1636.76, 0
22.317, -0, 4.94066e-324, 1636.76, 0
22.332, -0, 4.94066e-324, 1636.76, 0
22.347, -0, 4.94066e-324, 1636.76, 0
22.364, -0, 4.94066e-324, 1636.76, 0
22.377, -0, 4.94066e-324, 1636.76, 0
22.389, -0, 4.94066e-324, 1636.76, 0
22.402, -0, 4.94066e-324, 1636.76, 0
22.414, -0, 4.94066e-324, 1636.76, 0
22.426, -0, 4.94066e-324, 1636.76, 0
22.439, -0, 4.94066e-324, 1636.76, 0
22.451, -0, 4.94066e-324, 1636.76, 0
22.464, -0, 4.94066e-324, 1636.76, 0
22.476, -0, 4.94066e-324, 1636.76, 0
22.489, -0, 4.94066e-324, 1636.76, 0
22.502, -0, 4.94066e-324, 1636.76, 0
22.515, -0, 4.94066e-324, 1636.76, 0
22.528, -0, 4.94066e-324, 1636.76, 0
22.541, -0, 4.94066e-324, 1636.76, 0
22.554, -0, 4.94066e-324, 1636.76, 0
22.567, -0, 4.94066e-324, 1636.76, 0
22.581, -0, 4.94066e-324, 1636.76, 0
22.594, -0, 4.94066e-324, 1636.76, 0
22.607, -0, 4.94066e-324, 1636.76, 0
22.621, -0, 4.94066e-324, 1636.76, 0
22.636, -0, 4.94066e-324, 1636.76, 0
22.651, -0, 4.94066e-324, 1636.76, 0
22.666, -0, 4.94066e-324, 1636.76, 0
22.68, -0, 4.94066e-324, 1636.76, 0
22.696, -0, 4.94066e-324, 1636.76, 0
22.711, -0, 4.94066e-324, 1636.76, 0
22.724, -0, 4.94066e-324, 1636.76, 0
22.737, -0, 4.94066e-324, 1636.76, 0
22.751, -0, 4.94066e-324, 1636.76, 0
22.765, -0, 4.94066e-324, 1636.76, 0
22.778, -0, 4.94066e-324, 1636.76, 0
22.792, -0, 4.94066e-324, 1636.76, 0
22.805, -0, 4.94066e-324, 1636.76, 0
22.82, -0, 4.94066e-324, 1636.76, 0
22.834, -0, 4.94066e-324, 1636.76, 0
22.849, -0, 4.94066e-324, 1636.76, 0
22.865, -0, 4.94066e-324, 1636.76, 0
22.881, -0, 4.94066e-324, 1636.76, 0
22.896, -0, 4.94066e-324, 1636.76, 0
22.911, -0, 4.94066e-324, 1636.76, 0
22.925, -0, 4.94066e-324, 1636.76, 0
22.939, -0, 4.94066e-324, 1636.76, 0
22.953, -0, 4.94066e-324, 1636.76, 0
22.968, -0, 4.94066e-324, 1636.76, 0
22.983, -0, 4.94066e-324, 1636.76, 0
22.998, -0, 4.94066e-324, 1636.76, 0
23.013, -0, 4.94066e-324, 1636.76, 0
23.026, -0, 4.94066e-324, 1636.76, 0
23.041, -0, 4.94066e-324, 1636.76, 0
23.055, -0, 4.94066e-324, 1636.76, 0
23.068, -0, 4.94066e-324, 1636.76, 0
23.082, -0, 4.94066e-324, 1636.76, 0
23.097, -0, 4.94066e-324, 1636.76, 0
23.11, -0, 4.94066e-324, 1636.76, 0
23.123, -0, 4.94066e-324, 1636.76, 0
23.137, -0, 4.94066e-324, 1636.76, 0
23.152, -0, 4.94066e-324, 1636.76, 0
23.166, -0, 4.94066e-324, 1636.76, 0
23.18, -0, 4.94066e-324, 1636.76, 0
23.193, -0, 4.94066e-324, 1636.76, 0
23.207, -0, 4.94066e-324, 1636.76, 0
23.222, -0, 4.94066e-324, 1636.76, 0
23.237, -0, 4.94066e-324, 1636.76, 0
23.251, -0, 4.94066e-324, 1636.76, 0
23.267, -0, 4.94066e-324, 1636.76, 0
23.282, -0, 4.94066e-324, 1636.76, 0
23.296, -0, 4.94066e-324, 1636.76, 0
23.311, -0, 4.94066e-324, 1636.76, 0
23.327, -0, 4.94066e-324, 1636.76, 0
23.341, -0, 4.94066e-324, 1636.76, 0
23.356, -0, 4.94066e-324, 1636.76, 0
23.373, -0, 4.94066e-324, 1636.76, 0
23.385, -0, 4.94066e-324, 1636.76, 0
23.398, -0, 4.94066e-324, 1636.76, 0
23.41, -0, 4.94066e-324, 1636.76, 0
23.423, -0, 4.94066e-324, 1636.76, 0
23.435, -0, 4.94066e-324, 1636.76, 0
23.448, -0, 4.94066e-324, 1636.76, 0
23.46, -0, 4.94066e-324, 1636.76, 0
23.473, -0, 4.94066e-324, 1636.76, 0
23.485, -0, 4.94066e-324, 1636.76, 0
23.498, -0, 4.94066e-324, 1636.76, 0
23.511, -0, 4.94066e-324, 1636.76, 0
23.523, -0, 4.94066e-324, 1636.76, 0
23.536, -0, 4.94066e-324, 1636.76, 0
23.549, -0, 4.94066e-324, 1636.76, 0
23.562, -0, 4.94066e-324, 1636.76, 0
23.576, -0, 4.94066e-324, 1636.76, 0
23.589, -0, 4.94066e-324, 1636.76, 0
23.603, -0, 4.94066e-324, 1636.76, 0
23.617, -0, 4.94066e-324, 1636.76, 0
23.63, -0, 4.94066e-324, 1636.76, 0
23.643, -0, 4.94066e-324, 1636.76, 0
23.657, -0, 4.94066e-324, 1636.76, 0
23.671, -0, 4.94066e-324, 1636.76, 0
23.684, -0, 4.94066e-324, 1636.76, 0
23.697, -0, 4.94066e-324, 1636.76, 0
23.712, -0, 4.94066e-324, 1636.76, 0
23.728, -0, 4.94066e-324, 1636.76, 0
23.743, -0, 4.94066e-324, 1636.76, 0
23.758, -0, 4.94066e-324, 1636.76, 0
23.771, -0, 4.94066e-324, 1636.76, 0
23.786, -0, 4.94066e-324, 1636.76, 0
23.799, -0, 4.94066e-324, 1636.76, 0
23.814, -0, 4.94066e-324, 1636.76, 0
23.829, -0, 4.94066e-324, 1636.76, 0
23.844, -0, 4.94066e-324, 1636.76, 0
23.859, -0, 4.94066e-324, 1636.76, 0
23.874, -0, 4.94066e-324, 1636.76, 0
23.889, -0, 4.94066e-324, 1636.76, 0
23.905, -0, 4.94066e-324, 1636.76, 0
23.921, -0, 4.94066e-324, 1636.76, 0
23.935, -0, 4.94066e-324, 1636.76, 0
23.95, -0, 4.94066e-324, 1636.76, 0
23.965, -0, 4.94066e-324, 1636.76, 0
23.979, -0, 4.94066e-324, 1636.76, 0
23.994, -0, 4.94066e-324, 1636.76, 0
24.009, -0, 4.94066e-324, 1636.76, 0
24.024, -0, 4.94066e-324, 1636.76, 0
24.037, -0, 4.94066e-324, 1636.76, 0
24.05, -0, 4.94066e-324, 1636.76, 0
24.064, -0, 4.94066e-324, 1636.76, 0
24.077, -0, 4.94066e-324, 1636.76, 0
24.093, -0, 4.94066e-324, 1636.76, 0
24.106, -0, 4.94066e-324, 1636.76, 0
24.12, -0, 4.94066e-324, 1636.76, 0
24.134, -0, 4.94066e-324, 1636.76, 0
24.147, -0, 4.94066e-324, 1636.76, 0
24.16, -0, 4.94066e-324, 1636.76, 0
24.173, -0, 4.94066e-324, 1636.76, 0
24.186, -0, 4.94066e-324, 1636.76, 0
24.199, -0, 4.94066e-324, 1636.76, 0
24.213, -0, 4.94066e-324, 1636.76, 0
24.226, -0, 4.94066e-324, 1636.76, 0
24.241, -0, 4.94066e-324, 1636.76, 0
24.254, -0, 4.94066e-324, 1636.76, 0
24.268, -0, 4.94066e-324, 1636.76, 0
24.281, -0, 4.94066e-324, 1636.76, 0
24.294, -0, 4.94066e-324, 1636.76, 0
24.308, -0, 4.94066e-324, 1636.76, 0
24.321, -0, 4.94066e-324, 1636.76, 0
24.337, -0, 4.94066e-324, 1636.76, 0
24.357, -0, 4.94066e-324, 1636.76, 0
24.37, -0, 4.94066e-324, 1636.76, 0
24.383, -0, 4.94066e-324, 1636.76, 0
24.397, -0, 4.94066e-324, 1636.76, 0
24.41, -0, 4.94066e-324, 1636.76, 0
24.422, -0, 4.94066e-324, 1636.76, 0
24.435, -0, 4.94066e-324, 1636.76, 0
24.447, -0, 4.94066e-324, 1636.76, 0
24.46, -0, 4.94066e-324, 1636.76, 0
24.472, -0, 4.94066e-324, 1636.76, 0
24.485, -0, 4.94066e-324, 1636.76, 0
24.498, -0, 4.94066e-324, 1636.76, 0
24.513, -0, 4.94066e-324, 1636.76, 0
24.525, -0, 4.94066e-324, 1636.76, 0
24.538, -0, 4.94066e-324, 1636.76, 0
24.552, -0, 4.94066e-324, 1636.76, 0
24.565, -0, 4.94066e-324, 1636.76, 0
24.578, -0, 4.94066e-324, 1636.76, 0
24.591, -0, 4.94066e-324, 1636.76, 0
24.604, -0, 4.94066e-324, 1636.76, 0
24.617, -0, 4.94066e-324, 1636.76, 0
24.631, -0, 4.94066e-324, 1636.76, 0
24.644, -0, 4.94066e-324, 1636.76, 0
24.657, -0, 4.94066e-324, 1636.76, 0
24.671, -0, 4.94066e-324, 1636.76, 0
24.684, -0, 4.94066e-324, 1636.76, 0
24.697, -0, 4.94066e-324, 1636.76, 0
24.711, -0, 4.94066e-324, 1636.76, 0
24.725, -0, 4.94066e-324, 1636.76, 0
24.738, -0, 4.94066e-324, 1636.76, 0
24.753, -0, 4.94066e-324, 1636.76, 0
24.768, -0, 4.94066e-324, 1636.76, 0
24.783, -0, 4.94066e-324, 1636.76, 0
24.797, -0, 4.94066e-324, 1636.76, 0
24.813, -0, 4.94066e-324, 1636.76, 0
24.827, -0, 4.94066e-324, 1636.76, 0
24.842, -0, 4.94066e-324, 1636.76, 0
24.855, -0, 4.94066e-324, 1636.76, 0
24.868, -0, 4.94066e-324, 1636.76, 0
24.882, -0, 4.94066e-324, 1636.76, 0
24.895, -0, 4.94066e-324, 1636.76, 0
24.909, -0, 4.94066e-324, 1636.76, 0
24.923, -0, 4.94066e-324, 1636.76, 0
24.938, -0, 4.94066e-324, 1636.76, 0
24.952, -0, 4.94066e-324, 1636.76, 0
24.966, -0, 4.94066e-324, 1636.76, 0
24.982, -0, 4.94066e-324, 1636.76, 0
24.999, -0, 4.94066e-324, 1636.76, 0
25.013, -0, 4.94066e-324, 1636.76, 0
25.026, -0, 4.94066e-324, 1636.76, 0
25.041, -0, 4.94066e-324, 1636.76, 0
25.055, -0, 4.94066e-324, 1636.76, 0
25.068, -0, 4.94066e-324, 1636.76, 0
25.081, -0, 4.94066e-324, 1636.76, 0
25.094, -0, 4.94066e-324, 1636.76, 0
25.109, -0, 4.94066e-324, 1636.76, 0
25.122, -0, 4.94066e-324, 1636.76, 0
25.136, -0, 4.94066e-324, 1636.76, 0
25.149, -0, 4.94066e-324, 1636.76, 0
25.162, -0, 4.94066e-324, 1636.76, 0
25.175, -0, 4.94066e-324, 1636.76, 0
25.187, -0, 4.94066e-324, 1636.76, 0
25.201, -0, 4.94066e-324, 1636.76, 0
25.215, -0, 4.94066e-324, 1636.76, 0
25.228, -0, 4.94066e-324, 1636.76, 0
25.241, -0, 4.94066e-324, 1636.76, 0
25.255, -0, 4.94066e-324, 1636.76, 0
25.269, -0, 4.94066e-324, 1636.76, 0
25.284, -0, 4.94066e-324, 1636.76, 0
25.299, -0, 4.94066e-324, 1636.76, 0
25.313, -0, 4.94066e-324, 1636.76, 0
25.326, -0, 4.94066e-324, 1636.76, 0
25.339, -0, 4.94066e-324, 1636.76, 0
25.362, -0, 4.94066e-324, 1636.76, 0
25.377, -0, 4.94066e-324, 1636.76, 0
25.39, -0, 4.94066e-324, 1636.76, 0
25.402, -0, 4.94066e-324, 1636.76, 0
25.415, -0, 4.94066e-324, 1636.76, 0
25.428, -0, 4.94066e-324, 1636.76, 0
25.44, -0, 4.94066e-324, 1636.76, 0
25.453, -0, 4.94066e-324, 1636.76, 0
25.465, -0, 4.94066e-324, 1636.76, 0
25.478, -0, 4.94066e-324, 1636.76, 0
25.49, -0, 4.94066e-324, 1636.76, 0
25.503, -0, 4.94066e-324, 1636.76, 0
25.517, -0, 4.94066e-324, 1636.76, 0
25.529, -0, 4.94066e-324, 1636.76, 0
25.542, -0, 4.94066e-324, 1636.76, 0
25.556, -0, 4.94066e-324, 1636.76, 0
25.569, -0, 4.94066e-324, 1636.76, 0
25.582, -0, 4.94066e-324, 1636.76, 0
25.596, -0, 4.94066e-324, 1636.76, 0
25.609, -0, 4.94066e-324, 1636.76, 0
25.622, -0, 4.94066e-324, 1636.76, 0
25.635, -0, 4.94066e-324, 1636.76, 0
25.649, -0, 4.94066e-324, 1636.76, 0
25.662, -0, 4.94066e-324, 1636.76, 0
25.675, -0, 4.94066e-324, 1636.76, 0
25.688, -0, 4.94066e-324, 1636.76, 0
25.701, -0, 4.94066e-324, 1636.76, 0
25.715, -0, 4.94066e-324, 1636.76, 0
25.73, -0, 4.94066e-324, 1636.76, 0
25.745, -0, 4.94066e-324, 1636.76, 0
25.76, -0, 4.94066e-324, 1636.76, 0
25.773, -0, 4.94066e-324, 1636.76, 0
25.786, -0, 4.94066e-324, 1636.76, 0
25.799, -0, 4.94066e-324, 1636.76, 0
25.813, -0, 4.94066e-324, 1636.76, 0
25.827, -0, 4.94066e-324, 1636.76, 0
25.84, -0, 4.94066e-324, 1636.76, 0
25.853, -0, 4.94066e-324, 1636.76, 0
25.867, -0, 4.94066e-324, 1636.76, 0
25.881, -0, 4.94066e-324, 1636.76, 0
25.895, -0, 4.94066e-324, 1636.76, 0
25.908, -0, 4.94066e-324, 1636.76, 0
25.921, -0, 4.94066e-324, 1636.76, 0
25.935, -0, 4.94066e-324, 1636.76, 0
25.947, -0, 4.94066e-324, 1636.76, 0
25.96, -0, 4.94066e-324, 1636.76, 0
25.973, -0, 4.94066e-324, 1636.76, 0
25.987, -0, 4.94066e-324, 1636.76, 0
26.001, -0, 4.94066e-324, 1636.76, 0
26.016, -0, 4.94066e-324, 1636.76, 0
26.029, -0, 4.94066e-324, 1636.76, 0
26.042, -0, 4.94066e-324, 1636.76, 0
26.057, -0, 4.94066e-324, 1636.76, 0
26.07, -0, 4.94066e-324, 1636.76, 0
26.085, -0, 4.94066e-324, 1636.76, 0
26.097, -0, 4.94066e-324, 1636.76, 0
26.112, -0, 4.94066e-324, 1636.76, 0
26.125, -0, 4.94066e-324, 1636.76, 0
26.139, -0, 4.94066e-324, 1636.76, 0
26.154, -0, 4.94066e-324, 1636.76, 0
26.167, -0, 4.94066e-324, 1636.76, 0
26.181, -0, 4.94066e-324, 1636.76, 0
26.195, -0, 4.94066e-324, 1636.76, 0
26.208, -0, 4.94066e-324, 1636.76, 0
26.221, -0, 4.94066e-324, 1636.76, 0
26.235, -0, 4.94066e-324, 1636.76, 0
26.249, -0, 4.94066e-324, 1636.76, 0
26.263, -0, 4.94066e-324, 1636.76, 0
26.276, -0, 4.94066e-324, 1636.76, 0
26.289, -0, 4.94066e-324, 1636.76, 0
26.302, -0, 4.94066e-324, 1636.76, 0
26.316, -0, 4.94066e-324, 1636.76, 0
26.329, -0, 4.94066e-324, 1636.76, 0
26.343, -0, 4.94066e-324, 1636.76, 0
26.357, -0, 4.94066e-324, 1636.76, 0
26.373, -0, 4.94066e-324, 1636.76, 0
26.386, -0, 4.94066e-324, 1636.76, 0
26.399, -0, 4.94066e-324, 1636.76, 0
26.411, -0, 4.94066e-324, 1636.76, 0
26.424, -0, 4.94066e-324, 1636.76, 0
26.437, -0, 4.94066e-324, 1636.76, 0
26.468, -0, 4.94066e-324, 1636.76, 0
26.481, -0, 4.94066e-324, 1636.76, 0
26.494, -0, 4.94066e-324, 1636.76, 0
26.506, -0, 4.94066e-324, 1636.76, 0
26.519, -0, 4.94066e-324, 1636.76, 0
26.532, -0, 4.94066e-324, 1636.76, 0
26.544, -0, 4.94066e-324, 1636.76, 0
26.556, -0, 4.94066e-324, 1636.76, 0
26.569, -0, 4.94066e-324, 1636.76, 0
26.581, -0, 4.94066e-324, 1636.76, 0
26.594, -0, 4.94066e-324, 1636.76, 0
26.606, -0, 4.94066e-324, 1636.76, 0
26.619, -0, 4.94066e-324, 1636.76, 0
26.632, -0, 4.94066e-324, 1636.76, 0
26.645, -0, 4.94066e-324, 1636.76, 0
26.657, -0, 4.94066e-324, 1636.76, 0
26.671, -0, 4.94066e-324, 1636.76, 0
26.684, -0, 4.94066e-324, 1636.76, 0
26.697, -0, 4.94066e-324, 1636.76, 0
26.711, -0, 4.94066e-324, 1636.76, 0
26.724, -0, 4.94066e-324, 1636.76, 0
26.738, -0, 4.94066e-324, 1636.76, 0
26.752, -0, 4.94066e-324, 1636.76, 0
26.766, -0, 4.94066e-324, 1636.76, 0
26.779, -0, 4.94066e-324, 1636.76, 0
26.791, -0, 4.94066e-324, 1636.76, 0
26.804, -0, 4.94066e-324, 1636.76, 0
26.817, -0, 4.94066e-324, 1636.76, 0
26.83, -0, 4.94066e-324, 1636.76, 0
26.843, -0, 4.94066e-324, 1636.76, 0
26.855, -0, 4.94066e-324, 1636.76, 0
26.869, -0, 4.94066e-324, 1636.76, 0
26.882, -0, 4.94066e-324, 1636.76, 0
26.895, -0, 4.94066e-324, 1636.76, 0
26.91, -0, 4.94066e-324, 1636.76, 0
26.924, -0, 4.94066e-324, 1636.76, 0
26.939, -0, 4.94066e-324, 1636.76, 0
26.953, -0, 4.94066e-324, 1636.76, 0
26.968, -0, 4.94066e-324, 1636.76, 0
26.981, -0, 4.94066e-324, 1636.76, 0
26.994, -0, 4.94066e-324, 1636.76, 0
27.008, -0, 4.94066e-324, 1636.76, 0
27.022, -0, 4.94066e-324, 1636.76, 0
27.035, -0, 4.94066e-324, 1636.76, 0
27.049, -0, 4.94066e-324, 1636.76, 0
27.063, -0, 4.94066e-324, 1636.76, 0
27.077, -0, 4.94066e-324, 1636.76, 0
27.091, -0, 4.94066e-324, 1636.76, 0
27.104, -0, 4.94066e-324, 1636.76, 0
27.118, -0, 4.94066e-324, 1636.76, 0
27.133, -0, 4.94066e-324, 1636.76, 0
27.147, -0, 4.94066e-324, 1636.76, 0
27.163, -0, 4.94066e-324, 1636.76, 0
27.176, -0, 4.94066e-324, 1636.76, 0
27.19, -0, 4.94066e-324, 1636.76, 0
27.204, -0, 4.94066e-324, 1636.76, 0
27.218, -0, 4.94066e-324, 1636.76, 0
27.231, -0, 4.94066e-324, 1636.76, 0
27.243, -0, 4.94066e-324, 1636.76, 0
27.257, -0, 4.94066e-324, 1636.76, 0
27.269, -0, 4.94066e-324, 1636.76, 0
27.283, -0, 4.94066e-324, 1636.76, 0
27.296, -0, 4.94066e-324, 1636.76, 0
27.31, -0, 4.94066e-324, 1636.76, 0
27.323, -0, 4.94066e-324, 1636.76, 0
27.336, -0, 4.94066e-324, 1636.76, 0
27.349, -0, 4.94066e-324, 1636.76, 0
27.365, -0, 4.94066e-324, 1636.76, 0
27.378, -0, 4.94066e-324, 1636.76, 0
27.39, -0, 4.94066e-324, 1636.76, 0
27.403, -0, 4.94066e-324, 1636.76, 0
27.416, -0, 4.94066e-324, 1636.76, 0
27.428, -0, 4.94066e-324, 1636.76, 0
27.44, -0, 4.94066e-324, 1636.76, 0
27.453, -0, 4.94066e-324, 1636.76, 0
27.466, -0, 4.94066e-324, 1636.76, 0
27.478, -0, 4.94066e-324, 1636.76, 0
27.491, -0, 4.94066e-324, 1636.76, 0
27.504, -0, 4.94066e-324, 1636.76, 0
27.516, -0, 4.94066e-324, 1636.76, 0
27.529, -0, 4.94066e-324, 1636.76, 0
27.541, -0, 4.94066e-324, 1636.76, 0
27.554, -0, 4.94066e-324, 1636.76, 0
27.566, -0, 4.94066e-324, 1636.76, 0
27.579, -0, 4.94066e-324, 1636.76, 0
27.591, -0, 4.94066e-324, 1636.76, 0
27.604, -0, 4.94066e-324, 1636.76, 0
27.616, -0, 4.94066e-324, 1636.76, 0
27.629, -0, 4.94066e-324, 1636.76, 0
27.642, -0, 4.94066e-324, 1636.76, 0
27.655, -0, 4.94066e-324, 1636.76, 0
27.669, -0, 4.94066e-324, 1636.76, 0
27.682, -0, 4.94066e-324, 1636.76, 0
27.695, -0, 4.94066e-324, 1636.76, 0
27.709, -0, 4.94066e-324, 1636.76, 0
27.723, -0, 4.94066e-324, 1636.76, 0
27.736, -0, 4.94066e-324, 1636.76, 0
27.749, -0, 4.94066e-324, 1636.76, 0
27.763, -0, 4.94066e-324, 1636.76, 0
27.776, -0, 4.94066e-324, 1636.76, 0
27.79, -0, 4.94066e-324, 1636.76, 0
27.803, -0, 4.94066e-324, 1636.76, 0
27.818, -0, 4.94066e-324, 1636.76, 0
27.831, -0, 4.94066e-324, 1636.76, 0
27.846, -0, 4.94066e-324, 1636.76, 0
27.859, -0, 4.94066e-324, 1636.76, 0
27.874, -0, 4.94066e-324, 1636.76, 0
27.888, -0, 4.94066e-324, 1636.76, 0
27.902, -0, 4.94066e-324, 1636.76, 0
27.915, -0, 4.94066e-324, 1636.76, 0
27.928, -0, 4.94066e-324, 1636.76, 0
27.941, -0, 4.94066e-324, 1636.76, 0
27.954, -0, 4.94066e-324, 1636.76, 0
27.968, -0, 4.94066e-324, 1636.76, 0
27.982, -0, 4.94066e-324, 1636.76, 0
27.994, -0, 4.94066e-324, 1636.76, 0
28.007, -0, 4.94066e-324, 1636.76, 0
28.021, -0, 4.94066e-324, 1636.76, 0
28.034, -0, 4.94066e-324, 1636.76, 0
28.046, -0, 4.94066e-324, 1636.76, 0
28.059, -0, 4.94066e-324, 1636.76, 0
28.072, -0, 4.94066e-324, 1636.76, 0
28.085, -0, 4.94066e-324, 1636.76, 0
28.098, -0, 4.94066e-324, 1636.76, 0
28.11, -0, 4.94066e-324, 1636.76, 0
28.123, -0, 4.94066e-324, 1636.76, 0
28.136, -0, 4.94066e-324, 1636.76, 0
28.149, -0, 4.94066e-324, 1636.76, 0
28.162, -0, 4.94066e-324, 1636.76, 0
28.175, -0, 4.94066e-324, 1636.76, 0
28.187, -0, 4.94066e-324, 1636.76, 0
28.2, -0, 4.94066e-324, 1636.76, 0
28.212, -0, 4.94066e-324, 1636.76, 0
28.225, -0, 4.94066e-324, 1636.76, 0
28.238, -0, 4.94066e-324, 1636.76, 0
28.251, -0, 4.94066e-324, 1636.76, 0
28.263, -0, 4.94066e-324, 1636.76, 0
28.276, -0, 4.94066e-324, 1636.76, 0
28.288, -0, 4.94066e-324, 1636.76, 0
28.3, -0, 4.94066e-324, 1636.76, 0
28.313, -0, 4.94066e-324, 1636.76, 0
28.325, -0, 4.94066e-324, 1636.76, 0
28.338, -0, 4.94066e-324, 1636.76, 0
28.35, -0, 4.94066e-324, 1636.76, 0
28.363, -0, 4.94066e-324, 1636.76, 0
28.376, -0, 4.94066e-324, 1636.76, 0
28.388, -0, 4.94066e-324, 1636.76, 0
28.401, -0, 4.94066e-324, 1636.76, 0
28.413, -0, 4.94066e-324, 1636.76, 0
28.426, -0, 4.94066e-324, 1636.76, 0
28.438, -0, 4.94066e-324, 1636.76, 0
28.451, -0, 4.94066e-324, 1636.76, 0
28.463, -0, 4.94066e-324, 1636.76, 0
28.476, -0, 4.94066e-324, 1636.76, 0
28.489, -0, 4.94066e-324, 1636.76, 0
28.501, -0, 4.94066e-324, 1636.76, 0
28.514, -0, 4.94066e-324, 1636.76, 0
28.526, -0, 4.94066e-324, 1636.76, 0
28.539, -0, 4.94066e-324, 1636.76, 0
28.552, -0, 4.94066e-324, 1636.76, 0
28.565, -0, 4.94066e-324, 1636.76, 0
28.578, -0, 4.94066e-324, 1636.76, 0
28.591, -0, 4.94066e-324, 1636.76, 0
28.603, -0, 4.94066e-324, 1636.76, 0
28.616, -0, 4.94066e-324, 1636.76, 0
28.629, -0, 4.94066e-324, 1636.76, 0
28.642, -0, 4.94066e-324, 1636.76, 0
28.655, -0, 4.94066e-324, 1636.76, 0
28.669, -0, 4.94066e-324, 1636.76, 0
28.682, -0, 4.94066e-324, 1636.76, 0
28.695, -0, 4.94066e-324, 1636.76, 0
28.709, -0, 4.94066e-324, 1636.76, 0
28.722, -0, 4.94066e-324, 1636.76, 0
28.735, -0, 4.94066e-324, 1636.76, 0
28.747, -0, 4.94066e-324, 1636.76, 0
28.76, -0, 4.94066e-324, 1636.76, 0
28.773, -0, 4.94066e-324, 1636.76, 0
28.786, -0, 4.94066e-324, 1636.76, 0
28.799, -0, 4.94066e-324, 1636.76, 0
28.811, -0, 4.94066e-324, 1636.76, 0
28.824, -0, 4.94066e-324, 1636.76, 0
28.836, -0, 4.94066e-324, 1636.76, 0
28.849, -0, 4.94066e-324, 1636.76, 0
28.861, -0, 4.94066e-324, 1636.76, 0
28.874, -0, 4.94066e-324, 1636.76, 0
28.887, -0, 4.94066e-324, 1636.76, 0
28.899, -0, 4.94066e-324, 1636.76, 0
28.912, -0, 4.94066e-324, 1636.76, 0
28.924, -0, 4.94066e-324, 1636.76, 0
28.937, -0, 4.94066e-324, 1636.76, 0
28.949, -0, 4.94066e-324, 1636.76, 0
28.962, -0, 4.94066e-324, 1636.76, 0
28.974, -0, 4.94066e-324, 1636.76, 0
28.987, -0, 4.94066e-324, 1636.76, 0
28.999, -0, 4.94066e-324, 1636.76, 0
29.012, -0, 4.94066e-324, 1636.76, 0
29.024, -0, 4.94066e-324, 1636.76, 0
29.037, -0, 4.94066e-324, 1636.76, 0
29.049, -0, 4.94066e-324, 1636.76, 0
29.062, -0, 4.94066e-324, 1636.76, 0
29.075, -0, 4.94066e-324, 1636.76, 0
29.087, -0, 4.94066e-324, 1636.76, 0
29.1, -0, 4.94066e-324, 1636.76, 0
29.113, -0, 4.94066e-324, 1636.76, 0
29.125, -0, 4.94066e-324, 1636.76, 0
29.138, -0, 4.94066e-324, 1636.76, 0
29.151, -0, 4.94066e-324, 1636.76, 0
29.163, -0, 4.94066e-324, 1636.76, 0
29.175, -0, 4.94066e-324, 1636.76, 0
29.188, -0, 4.94066e-324, 1636.76, 0
29.2, -0, 4.94066e-324, 1636.76, 0
29.213, -0, 4.94066e-324, 1636.76, 0
29.225, -0, 4.94066e-324, 1636.76, 0
29.238, -0, 4.94066e-324, 1636.76, 0
29.25, -0, 4.94066e-324, 1636.76, 0
29.263, -0, 4.94066e-324, 1636.76, 0
29.275, -0, 4.94066e-324, 1636.76, 0
29.287, -0, 4.94066e-324, 1636.76, 0
29.3, -0, 4.94066e-324, 1636.76, 0
29.312, -0, 4.94066e-324, 1636.76, 0
29.325, -0, 4.94066e-324, 1636.76, 0
29.337, -0, 4.94066e-324, 1636.76, 0
29.35, -0, 4.94066e-324, 1636.76, 0
29.364, -0, 4.94066e-324, 1636.76, 0
29.376, -0, 4.94066e-324, 1636.76, 0
29.39, -0, 4.94066e-324, 1636.76, 0
29.403, -0, 4.94066e-324, 1636.76, 0
29.415, -0, 4.94066e-324, 1636.76, 0
29.428, -0, 4.94066e-324, 1636.76, 0
29.44, -0, 4.94066e-324, 1636.76, 0
29.452, -0, 4.94066e-324, 1636.76, 0
29.465, -0, 4.94066e-324, 1636.76, 0
29.478, -0, 4.94066e-324, 1636.76, 0
29.49, -0, 4.94066e-324, 1636.76, 0
29.503, -0, 4.94066e-324, 1636.76, 0
29.515, -0, 4.94066e-324, 1636.76, 0
29.527, -0, 4.94066e-324, 1636.76, 0
29.54, -0, 4.94066e-324, 1636.76, 0
29.552, -0, 4.94066e-324, 1636.76, 0
29.565, -0, 4.94066e-324, 1636.76, 0
29.578, -0, 4.94066e-324, 1636.76, 0
29.59, -0, 4.94066e-324, 1636.76, 0
29.603, -0, 4.94066e-324, 1636.76, 0
29.615, -0, 4.94066e-324, 1636.76, 0
29.627, -0, 4.94066e-324, 1636.76, 0
29.64, -0, 4.94066e-324, 1636.76, 0
29.652, -0, 4.94066e-324, 1636.76, 0
29.665, -0, 4.94066e-324, 1636.76, 0
29.677, -0, 4.94066e-324, 1636.76, 0
29.69, -0, 4.94066e-324, 1636.76, 0
29.702, -0, 4.94066e-324, 1636.76, 0
29.715, -0, 4.94066e-324, 1636.76, 0
29.728, -0, 4.94066e-324, 1636.76, 0
29.741, -0, 4.94066e-324, 1636.76, 0
29.753, -0, 4.94066e-324, 1636.76, 0
29.766, -0, 4.94066e-324, 1636.76, 0
29.779, -0, 4.94066e-324, 1636.76, 0
29.792, -0, 4.94066e-324, 1636.76, 0
29.805, -0, 4.94066e-324, 1636.76, 0
29.818, -0, 4.94066e-324, 1636.76, 0
29.831, -0, 4.94066e-324, 1636.76, 0
29.844, -0, 4.94066e-324, 1636.76, 0
29.857, -0, 4.94066e-324, 1636.76, 0
29.87, -0, 4.94066e-324, 1636.76, 0
29.883, -0, 4.94066e-324, 1636.76, 0
29.896, -0, 4.94066e-324, 1636.76, 0
29.909, -0, 4.94066e-324, 1636.76, 0
29.921, -0, 4.94066e-324, 1636.76, 0
29.934, -0, 4.94066e-324, 1636.76, 0
29.947, -0, 4.94066e-324, 1636.76, 0
29.96, -0, 4.94066e-324, 1636.76, 0
29.973, -0, 4.94066e-324, 1636.76, 0
29.985, -0, 4.94066e-324, 1636.76, 0
29.998, -0, 4.94066e-324, 1636.76, 0
30.011, -0, 4.94066e-324, 1636.76, 0
30.024, -0, 4.94066e-324, 1636.76, 0
30.037, -0, 4.94066e-324, 1636.76, 0
30.05, -0, 4.94066e-324, 1636.76, 0
30.063, -0, 4.94066e-324, 1636.76, 0
30.076, -0, 4.94066e-324, 1636.76, 0
30.09, -0, 4.94066e-324, 1636.76, 0
30.103, -0, 4.94066e-324, 1636.76, 0
30.116, -0, 4.94066e-324, 1636.76, 0
30.129, -0, 4.94066e-324, 1636.76, 0
30.142, -0, 4.94066e-324, 1636.76, 0
30.155, -0, 4.94066e-324, 1636.76, 0
30.168, -0, 4.94066e-324, 1636.76, 0
30.182, -0, 4.94066e-324, 1636.76, 0
30.195, -0, 4.94066e-324, 1636.76, 0
30.208, -0, 4.94066e-324, 1636.76, 0
30.222, -0, 4.94066e-324, 1636.76, 0
