0, 0, 0, 0, 0
0.011, 0, 0, 0, 0
0.021, 0, 0, 0, 0
0.032, 0, 0, 0, 0
0.042, 0, 0, 0, 0
0.053, 0, 0, 0, 0
0.064, 0, 0, 0, 0
0.075, 0, 0, 0, 0
0.087, 0, 0, 0, 0
0.098, 0, 0, 0, 0
0.109, 0, 0, 0, 0
0.121, 0, 0, 0, 0
0.132, 0, 0, 0, 0
0.143, 0, 0, 0, 0
0.155, 0, 0, 0, 0
0.166, 0, 0, 0, 0
0.178, 0, 0, 0, 0
0.189, 0, 0, 0, 0
0.201, 0, 0, 0, 0
0.213, 0, 0, 0, 0
0.225, 0, 0, 0, 0
0.236, 0, 0, 0, 0
0.248, 0, 0, 0, 0
0.259, 0, 0, 0, 0
0.271, 0, 0, 0, 0
0.282, 0, 0, 0, 0
0.294, 0, 0, 0, 0
0.305, 0, 0, 0, 0
0.317, 0, 0, 0, 0
0.329, 0, 0, 0, 0
0.341, 0, 0, 0, 0
0.352, 0, 0, 0, 0
0.363, 0, 0, 0, 0
0.375, 0, 0, 0, 0
0.387, 0, 0, 0, 0
0.399, 0, 0, 0, 0
0.411, 0, 0, 0, 0
0.422, 0, 0, 0, 0
0.434, 0, 0, 0, 0
0.446, 0, 0, 0, 0
0.457, 0, 0, 0, 0
0.469, 0, 0, 0, 0
0.481, 0, 0, 0, 0
0.492, 0, 0, 0, 0
0.504, 0, 0, 0, 0
0.516, 0, 0, 0, 0
0.528, 0, 0, 0, 0
0.54, 0, 0, 0, 0
0.552, 0, 0, 0, 0
0.563, 0, 0, 0, 0
0.576, 0, 0, 0, 0
0.587, 0, 0, 0, 0
0.599, 0, 0, 0, 0
0.61, 0, 0, 0, 0
0.621, 0, 0, 0, 0
0.632, 0, 0, 0, 0
0.643, 0, 0, 0, 0
0.655, 0, 0, 0, 0
0.667, 0, 0, 0, 0
0.679, 0, 0, 0, 0
0.69, 0, 0, 0, 0
0.702, 0, 0, 0, 0
0.713, 0, 0, 0, 0
0.725, 0, 0, 0, 0
0.737, 0, 0, 0, 0
0.749, 0, 0, 0, 0
0.761, 0, 0, 0, 0
0.772, 0, 0, 0, 0
0.784, 0, 0, 0, 0
0.796, 0, 0, 0, 0
0.808, 0, 0, 0, 0
0.82, 0, 0, 0, 0
0.831, 0, 0, 0, 0
0.843, 0, 0, 0, 0
0.855, 0, 0, 0, 0
0.867, 0, 0, 0, 0
0.878, 0, 0, 0, 0
0.889, 0, 0, 0, 0
0.9, 0, 0, 0, 0
0.912, 0, 0, 0, 0
0.923, 0, 0, 0, 0
0.935, 0, 0, 0, 0
0.947, 0, 0, 0, 0
0.959, 0, 0, 0, 0
0.97, 0, 0, 0, 0
0.982, 0, 0, 0, 0
0.994, 0, 0, 0, 0
1.006, 0, 0, 0, 0
1.018, 0, 0, 0, 0
1.029, 0, 0, 0, 0
1.041, 0, 0, 0, 0
1.053, 0, 0, 0, 0
1.065, 0, 0, 0, 0
1.076, 0, 0, 0, 0
1.088, 0, 0, 0, 0
1.1, 0, 0, 0, 0
1.111, 0, 0, 0, 0
1.123, 0, 0, 0, 0
1.135, 0, 0, 0, 0
1.146, 0, 0, 0, 0
1.157, 0, 0, 0, 0
1.169, 0, 0, 0, 0
1.18, 0, 0, 0, 0
1.191, 0, 0, 0, 0
1.202, 0, 0, 0, 0
1.213, 0, 0, 0, 0
1.224, 0, 0, 0, 0
1.235, 0, 0, 0, 0
1.246, 0, 0, 0, 0
1.257, 0, 0, 0, 0
1.268, 0, 0, 0, 0
1.279, 0, 0, 0, 0
1.291, 0, 0, 0, 0
1.302, 0, 0, 0, 0
1.312, 0, 0, 0, 0
1.323, 0, 0, 0, 0
1.334, 0, 0, 0, 0
1.345, 0, 0, 0, 0
1.356, 0, 0, 0, 0
1.368, 0, 0, 0, 0
1.379, 0, 0, 0, 0
1.39, 0, 0, 0, 0
1.402, 0, 0, 0, 0
1.414, 0, 0, 0, 0
1.426, 0, 0, 0, 0
1.437, 0, 0, 0, 0
1.449, 0, 0, 0, 0
1.461, 0, 0, 0, 0
1.473, 0, 0, 0, 0
1.485, 0, 0, 0, 0
1.497, 0, 0, 0, 0
1.509, 0, 0, 0, 0
1.52, 0, 0, 0, 0
1.532, 0, 0, 0, 0
1.544, 0, 0, 0, 0
1.556, 0, 0, 0, 0
1.567, 0, 0, 0, 0
1.579, 0, 0, 0, 0
1.591, 0, 0, 0, 0
1.602, 0, 0, 0, 0
1.613, 0, 0, 0, 0
1.624, 0, 0, 0, 0
1.636, 0, 0, 0, 0
1.647, 0, 0, 0, 0
1.659, 0, 0, 0, 0
1.67, 0, 0, 0, 0
1.682, 0, 0, 0, 0
1.693, 0, 0, 0, 0
1.704, 0, 0, 0, 0
1.716, 0, 0, 0, 0
1.727, 0, 0, 0, 0
1.739, 0, 0, 0, 0
1.75, 0, 0, 0, 0
1.76, 0, 0, 0, 0
1.771, 0, 0, 0, 0
1.782, 0, 0, 0, 0
1.794, 0, 0, 0, 0
1.806, 0, 0, 0, 0
1.818, 0, 0, 0, 0
1.83, 0, 0, 0, 0
1.841, 0, 0, 0, 0
1.853, 0, 0, 0, 0
1.865, 0, 0, 0, 0
1.877, 0, 0, 0, 0
1.888, 0, 0, 0, 0
1.899, 0, 0, 0, 0
1.91, 0, 0, 0, 0
1.921, 0, 0, 0, 0
1.932, 0, 0, 0, 0
1.943, 0, 0, 0, 0
1.954, 0, 0, 0, 0
1.965, 0, 0, 0, 0
1.976, 0, 0, 0, 0
1.989, 0, 0, 0, 0
2.001, 0, 0, 0, 0
2.013, 0, 0, 0, 0
2.023, 0, 0, 0, 0
2.034, 0, 0, 0, 0
2.045, 0, 0, 0, 0
2.056, 0, 0, 0, 0
2.067, 0, 0, 0, 0
2.079, 0, 0, 0, 0
2.089, 0, 0, 0, 0
2.101, 0, 0, 0, 0
2.113, 0, 0, 0, 0
2.125, 0, 0, 0, 0
2.137, 0, 0, 0, 0
2.149, 0, 0, 0, 0
2.16, 0, 0, 0, 0
2.172, 0, 0, 0, 0
2.184, 0, 0, 0, 0
2.196, 0, 0, 0, 0
2.207, 0, 0, 0, 0
2.219, 0, 0, 0, 0
2.231, 0, 0, 0, 0
2.243, 0, 0, 0, 0
2.255, 0, 0, 0, 0
2.266, 0, 0, 0, 0
2.278, 0, 0, 0, 0
2.29, 0, 0, 0, 0
2.301, 0, 0, 0, 0
2.313, 0, 0, 0, 0
2.324, 0, 0, 0, 0
2.336, 0, 0, 0, 0
2.347, 0, 0, 0, 0
2.359, 0, 0, 0, 0
2.37, 0, 0, 0, 0
2.382, 0, 0, 0, 0
2.394, 0, 0, 0, 0
2.405, 0, 0, 0, 0
2.417, 0, 0, 0, 0
2.429, 0, 0, 0, 0
2.44, 0, 0, 0, 0
2.452, 0, 0, 0, 0
2.463, 0, 0, 0, 0
2.475, 0, 0, 0, 0
2.486, 0, 0, 0, 0
2.498, 0, 0, 0, 0
2.51, 0, 0, 0, 0
2.522, 0, 0, 0, 0
2.534, 0, 0, 0, 0
2.545, 0, 0, 0, 0
2.557, 0, 0, 0, 0
2.569, 0, 0, 0, 0
2.581, 0, 0, 0, 0
2.593, 0, 0, 0, 0
2.604, 0, 0, 0, 0
2.615, 0, 0, 0, 0
2.626, 0, 0, 0, 0
2.637, 0, 0, 0, 0
2.648, 0, 0, 0, 0
2.659, 0, 0, 0, 0
2.67, 0, 0, 0, 0
2.681, 0, 0, 0, 0
2.693, 0, 0, 0, 0
2.705, 0, 0, 0, 0
2.715, 0, 0, 0, 0
2.728, 0, 0, 0, 0
2.739, 0, 0, 0, 0
2.751, 0, 0, 0, 0
2.763, 0, 0, 0, 0
2.775, 0, 0, 0, 0
2.786, 0, 0, 0, 0
2.797, 0, 0, 0, 0
2.808, 0, 0, 0, 0
2.819, 0, 0, 0, 0
2.831, 0, 0, 0, 0
2.842, 0, 0, 0, 0
2.852, 0, 0, 0, 0
2.864, 0, 0, 0, 0
2.876, 0, 0, 0, 0
2.887, 0, 0, 0, 0
2.899, 0, 0, 0, 0
2.909, 0, 0, 0, 0
2.92, 0, 0, 0, 0
2.931, 0, 0, 0, 0
2.943, 0, 0, 0, 0
2.955, 0, 0, 0, 0
2.965, 0, 0, 0, 0
2.977, 0, 0, 0, 0
2.988, 0, 0, 0, 0
3, 0, 0, 0, 0
3.013, 0, 0, 0, 0
3.025, 0, 0, 0, 0
3.035, 0, 0, 0, 0
3.046, 0, 0, 0, 0
3.057, 0, 0, 0, 0
3.068, 0, 0, 0, 0
3.079, 0, 0, 0, 0
3.089, 0, 0, 0, 0
3.1, 0, 0, 0, 0
3.112, 0, 0, 0, 0
3.123, 0, 0, 0, 0
3.134, 0, 0, 0, 0
3.146, 0, 0, 0, 0
3.157, 0, 0, 0, 0
3.168, 0, 0, 0, 0
3.18, 0, 0, 0, 0
3.191, 0, 0, 0, 0
3.202, 0, 0, 0, 0
3.214, 0, 0, 0, 0
3.226, 0, 0, 0, 0
3.237, 0, 0, 0, 0
3.248, 0, 0, 0, 0
3.259, 0, 0, 0, 0
3.269, 0, 0, 0, 0
3.279, 0, 0, 0, 0
3.291, 0, 0, 0, 0
3.301, 0, 0, 0, 0
3.312, 0, 0, 0, 0
3.323, 0, 0, 0, 0
3.334, 0, 0, 0, 0
3.345, 0, 0, 0, 0
3.357, 0, 0, 0, 0
3.368, 0, 0, 0, 0
3.379, 0, 0, 0, 0
3.391, 0, 0, 0, 0
3.402, 0, 0, 0, 0
3.413, 0, 0, 0, 0
3.425, 0, 0, 0, 0
3.436, 0, 0, 0, 0
3.447, 0, 0, 0, 0
3.459, 0, 0, 0, 0
3.47, 0, 0, 0, 0
3.481, 0, 0, 0, 0
3.493, 0, 0, 0, 0
3.504, 0, 0, 0, 0
3.515, 0, 0, 0, 0
3.527, 0, 0, 0, 0
3.538, 0, 0, 0, 0
3.549, 0, 0, 0, 0
3.56, 0, 0, 0, 0
3.571, 0, 0, 0, 0
3.582, 0, 0, 0, 0
3.593, 0, 0, 0, 0
3.605, 0, 0, 0, 0
3.616, 0, 0, 0, 0
3.627, 0, 0, 0, 0
3.639, 0, 0, 0, 0
3.65, 0, 0, 0, 0
3.661, 0, 0, 0, 0
3.672, 0, 0, 0, 0
3.684, 0, 0, 0, 0
3.695, 0, 0, 0, 0
3.707, 0, 0, 0, 0
3.718, 0, 0, 0, 0
3.729, 0, 0, 0, 0
3.74, 0, 0, 0, 0
3.752, 0, 0, 0, 0
3.763, 0, 0, 0, 0
3.775, 0, 0, 0, 0
3.786, 0, 0, 0, 0
3.797, 0, 0, 0, 0
3.809, 0, 0, 0, 0
3.821, 0, 0, 0, 0
3.832, 0, 0, 0, 0
3.843, 0, 0, 0, 0
3.854, 0, 0, 0, 0
3.865, 0, 0, 0, 0
3.876, 0, 0, 0, 0
3.888, 0, 0, 0, 0
3.899, 0, 0, 0, 0
3.91, 0, 0, 0, 0
3.921, 0, 0, 0, 0
3.931, 0, 0, 0, 0
3.942, 0, 0, 0, 0
3.953, 0, 0, 0, 0
3.965, 0, 0, 0, 0
3.977, 0, 0, 0, 0
3.988, 0, 0, 0, 0
3.999, 0, 0, 0, 0
4.011, 0, 0, 0, 0
4.022, 0, 0, 0, 0
4.033, 0, 0, 0, 0
4.044, 0, 0, 0, 0
4.056, 0, 0, 0, 0
4.067, 0, 0, 0, 0
4.078, 0, 0, 0, 0
4.09, 0, 0, 0, 0
4.101, 0, 0, 0, 0
4.112, 0, 0, 0, 0
4.124, 0, 0, 0, 0
4.135, 0, 0, 0, 0
4.146, 0, 0, 0, 0
4.158, 0, 0, 0, 0
4.169, 0, 0, 0, 0
4.18, 0, 0, 0, 0
4.192, 0, 0, 0, 0
4.203, 0, 0, 0, 0
4.214, 0, 0, 0, 0
4.226, 0, 0, 0, 0
4.237, 0, 0, 0, 0
4.248, 0, 0, 0, 0
4.26, 0, 0, 0, 0
4.271, 0, 0, 0, 0
4.282, 0, 0, 0, 0
4.294, 0, 0, 0, 0
4.305, 0, 0, 0, 0
4.316, 0, 0, 0, 0
4.328, 0, 0, 0, 0
4.339, 0, 0, 0, 0
4.35, 0, 0, 0, 0
4.362, 0, 0, 0, 0
4.373, 0, 0, 0, 0
4.384, 0, 0, 0, 0
4.396, 0, 0, 0, 0
4.407, 0, 0, 0, 0
4.418, 0, 0, 0, 0
4.429, 0, 0, 0, 0
4.441, 0, 0, 0, 0
4.452, 0, 0, 0, 0
4.463, 0, 0, 0, 0
4.475, 0, 0, 0, 0
4.486, 0, 0, 0, 0
4.497, 0, 0, 0, 0
4.508, 0, 0, 0, 0
4.52, 0, 0, 0, 0
4.531, 0, 0, 0, 0
4.542, 0, 0, 0, 0
4.554, 0, 0, 0, 0
4.565, 0, 0, 0, 0
4.576, 0, 0, 0, 0
4.588, 0, 0, 0, 0
4.599, 0, 0, 0, 0
4.61, 0, 0, 0, 0
4.622, 0, 0, 0, 0
4.633, 0, 0, 0, 0
4.645, 0, 0, 0, 0
4.656, 0, 0, 0, 0
4.667, 0, 0, 0, 0
4.679, 0, 0, 0, 0
4.69, 0, 0, 0, 0
4.701, 0, 0, 0, 0
4.713, 1, 10, 0, 195.957
4.725, 0.972644, 10, 0.341945, 0
4.736, 0.924772, 10, 0.75228, 246.225
4.747, 0.870061, 10, 1.36778, 2358.24
4.758, 0.842705, 10, 1.43617, 0
4.769, 1, 10, 1.91489, 0
4.779, 0.801672, 10, 1.98328, 949.848
4.79, 0.781155, 10, 2.18845, 0
4.8, 0.740122, 10, 2.59878, 0
4.81, 0.719605, 10, 2.94073, 0
4.82, 0.68541, 10, 3.21429, 0
4.83, 0.651216, 10, 3.48784, 0
4.841, 0.617021, 10, 3.82979, 0
4.851, 0.596505, 10, 4.03495, 0
4.861, 0.589666, 10, 4.10334, 0
4.871, 0.569149, 10, 4.30851, 0
4.882, 0.548632, 10, 4.51368, 3256.62
4.892, 0.521277, 10, 4.78723, 0
4.902, 0.50076, 10, 4.9924, 0
4.913, 0.487082, 10, 4.9924, 0
4.923, 0.459726, 10, 5.47112, 0
4.933, 0.43921, 10, 5.67629, 0
4.943, 0.425532, 10, 5.81307, 0
4.954, 0.405015, 10, 5.94985, 0
4.964, 0.398176, 10, 6.08663, 18.4302
4.974, 0.37766, 10, 6.2234, 0
4.984, 0.363982, 10, 6.36018, 0
4.995, 0.350304, 10, 6.49696, 0
5.005, 0.343465, 10, 6.63374, 0
5.015, 0.329787, 10, 6.70213, 0
5.026, 1, 10, 6.83891, 0
5.036, 0.316109, 10, 6.83891, 0
5.046, 0.316109, 10, 6.83891, 0
5.057, 0.316109, 10, 6.90729, 0
5.067, 0.309271, 10, 6.97568, 0
5.078, 0.295593, 10, 7.04407, 0
5.088, 0.295593, 10, 7.11246, 0
5.099, 0.281915, 10, 7.18085, 0
5.109, 0.275076, 10, 7.24924, 0
5.12, 0.268237, 10, 7.31763, 0
5.13, 0.261398, 10, 7.38602, 0
5.14, 0.254559, 10, 7.45441, 0
5.15, 0.254559, 10, 7.45441, 0
5.161, 0.24772, 10, 7.5228, 0
5.171, 0.240881, 10, 7.59119, 0
5.182, 0.240881, 10, 7.59119, 0
5.192, 0.240881, 10, 7.59119, 0
5.202, 0.240881, 10, 7.59119, 0
5.213, 0.240881, 10, 7.59119, 0
5.224, 0.240881, 10, 7.59119, 0
5.234, 0.240881, 10, 7.59119, 0
5.245, 0.240881, 10, 7.59119, 0
5.255, 0.240881, 10, 7.59119, 0
5.265, 0.240881, 10, 7.59119, 0
5.275, 0.240881, 10, 7.59119, 0
5.286, 0.240881, 10, 7.59119, 0
5.296, 0.240881, 10, 7.59119, 0
5.306, 0.240881, 10, 7.59119, 0
5.316, 0.240881, 10, 7.59119, 0
5.328, 0.240881, 10, 7.59119, 0
5.338, 0.240881, 10, 7.59119, 0
5.349, 0.240881, 10, 7.59119, 0
5.359, 0.240881, 10, 7.59119, 0
5.369, 0.240881, 10, 7.59119, 0
5.38, 0.240881, 10, 0, -446540
5.39, 1, 10, 0, 0
5.4, 1, 10, 0, 0
5.411, 1, 10, 0, 0
5.421, 1, 10, 0, 0
5.431, 1, 10, 0, 0
5.442, 1, 10, 0, 0
5.452, 1, 10, 0, 0
5.462, 1, 10, 0, 0
5.472, 1, 10, 0, 0
5.483, 1, 10, 0, 0
5.493, 1, 10, 0, 0
5.504, 1, 10, 0, 0
5.514, 1, 10, 0, 0
5.525, 1, 10, 0, 0
5.535, 1, 10, 0, 0
5.545, 1, 10, 0, 0
5.556, 1, 10, 0, 0
5.566, 1, 10, 0, 0
5.576, 1, 10, 0, 0
5.586, 1, 10, 0, 0
5.597, 1, 10, 0, 0
5.607, 1, 10, 0, 0
5.618, 1, 10, 0, 0
5.628, 1, 10, 0, 0
5.638, 1, 10, 0, 0
5.649, 1, 10, 0, 0
5.659, 1, 10, 0, 0
5.67, 1, 10, 0, 0
5.68, 1, 10, 0, 0
5.691, 1, 10, 0, 0
5.701, 1, 10, 0, 0
5.711, 1, 10, 0, 0
5.721, 1, 10, 0, 0
5.731, 1, 10, 0, 0
5.742, 1, 10, 0, 0
5.752, 1, 10, 0, 0
5.762, 1, 10, 0, 0
5.773, 1, 10, 0, 0
5.784, 1, 10, 0, 0
5.794, 1, 10, 0, 0
5.804, 1, 10, 0, 0
5.815, 1, 10, 0, 0
5.826, 1, 10, 0, 0
5.836, 1, 10, 0, 0
5.846, 1, 10, 0, 0
5.857, 1, 10, 0.341945, 1.36778e+06
5.867, 1, 10, 0, 0
5.877, 1, 10, 0, 0
5.887, 1, 10, 0, 0
5.897, 1, 10, 0, 0
5.908, 1, 10, 0, 0
5.918, 1, 10, 0, 0
5.928, 1, 10, 0, 0
5.939, 1, 10, 0, 0
5.95, 1, 10, 0, 0
5.96, 1, 10, 0, 0
5.97, 1, 10, 0, 0
5.981, 1, 10, 0, 0
5.991, 1, 10, 0, 0
6.001, 1, 10, 0, 0
6.011, 1, 10, 0, 0
6.022, 1, 10, 0, 0
6.033, 1, 10, 0, 0
6.043, 1, 10, 0, 0
6.053, 1, 10, 0, 0
6.064, 1, 10, 0, 0
6.074, 1, 10, 0, 0
6.084, 1, 10, 0, 0
6.094, 1, 10, 0, 0
6.104, 1, 10, 0, 0
6.115, 1, 10, 0, 0
6.126, 1, 10, 0, 0
6.136, 1, 10, 0, 0
6.146, 1, 10, 0, 0
6.156, 1, 10, 0, 0
6.167, 1, 10, 0, 0
6.177, 1, 10, 0, 0
6.187, 1, 10, 0, 0
6.198, 1, 10, 0, 0
6.208, 1, 10, 0, 0
6.218, 1, 10, 0, 0
6.229, 1, 10, 0, 0
6.239, 1, 10, 0, 0
6.249, 1, 10, 0, 0
6.26, 1, 10, 0, 0
6.27, 1, 10, 0, 0
6.281, 1, 10, 0, 0
6.291, 1, 10, 0, 0
6.301, 1, 10, 0, 0
6.312, 1, 10, 0, 0
6.322, 1, 10, 0, 0
