0, 0, 0, 0, 0
2.344, 0, 0, 0, 0
2.36, 0, 0, 0, 0
2.373, 0, 0, 0, 0
2.385, 0, 0, 0, 0
2.399, 0, 0, 0, 0
2.411, 0, 0, 0, 0
2.424, 0, 0, 0, 0
2.437, 0, 0, 0, 0
2.45, 0, 0, 0, 0
2.463, 0, 0, 0, 0
2.476, 0, 0, 0, 0
2.489, 0, 0, 0, 0
2.501, -0, -5, 0, 0
2.513, 0.25, -5, 0, 229.493
2.524, 0.256839, -5, 0.205167, 0
2.536, 0.263678, -5, 0.341945, 347.153
2.547, 0.277356, -5, 0.547112, 0
2.558, 0.287614, -5, 0.820669, 0
2.572, 0.297872, -5, 1.09422, 0
2.582, 0.31155, -5, 1.29939, 3799.39
2.594, 0.325228, -5, 1.57295, 0
2.605, 0.338906, -5, 1.91489, 0
2.617, 0.349164, -5, 2.18845, 0
2.629, 0.366261, -5, 2.46201, 0
2.64, 0.379939, -5, 2.73556, 0
2.65, 0.400456, -5, 3.07751, 0
2.663, 0.414134, -5, 3.41945, 0
2.674, 0.431231, -5, 3.82979, 0
2.685, 0.451748, -5, 4.10334, 0
2.697, 0.468845, -5, 4.44529, 59.9378
2.709, 0.489362, -5, 4.85562, 0
2.721, 0.509878, -5, 5.33435, 0
2.733, 0.533815, -5, 5.81307, 0
2.744, 0.557751, -5, 6.29179, 0
2.757, 0.588526, -5, 6.83891, 438.391
2.769, 0.615881, -5, 7.38602, 87.2309
2.782, 0.646657, -5, 8.1383, 0
2.793, 0.677432, -5, 8.7538, 0
2.805, 0.704787, -5, 8.82219, 0
2.817, 0.756079, -5, 10.1216, 0
2.828, 0.780015, -5, 10.8739, 1243.44
2.838, 0.824468, -5, 11.5578, 61.9466
2.849, 0.855243, -5, 12.3784, 0
2.86, 0.903116, -5, 13.0623, -17097.3
2.872, 0.947568, -5, 0, -82.2799
2.882, 0.992021, -5, 15.0456, 3419.45
2.892, 1, -5, 15.8663, 0
2.903, 1, -5, 16.9605, 0
2.913, 1, -5, 17.8495, 0
2.923, 1, -5, 18.8754, 0
2.934, 1, -5, 19.7644, 2973.44
2.944, 1, -5, 20.7219, 1953.97
2.954, 1, -5, 21.8161, 2973.44
2.964, 1, -5, 22.9103, 0
2.975, 1, -5, 23.8678, 2849.54
2.985, 1, -5, 24.6884, 0
2.995, 1, -5, 25.7143, 411.982
3.005, 1, -5, 26.8085, 0
3.016, 1, -5, 27.6976, 0
3.026, 1, -5, 28.7918, 0
3.037, 1, -5, 29.7492, 0
3.048, 1, -5, 30.7067, 0
3.058, 1, -5, 31.7325, 0
3.068, 1, -5, 32.69, 0
3.078, 1, -5, 33.6474, 0
3.088, 1, -5, 34.8784, 0
3.099, 1, -5, 35.5623, -45737.9
3.11, 1, -5, 36.7249, 0
3.12, 1, -5, 37.614, 0
3.131, 1, -5, 38.503, 0
3.141, 1, -5, 39.5289, 0
3.152, -0, -5, 40.2812, 0
