0, 0, 0, 57.7204, -1.36615e+06
0.012, 1, 0, 43.4271, -2.15426e+06
0.024, 1, 0, 38.5714, -1.27432e+06
0.037, 1, 0, 33.2371, -1.64476e+06
0.05, 1, 0, 34.2629, -1.69605e+06
0.06, 1, 0, 31.0486, -1.39576e+06
0.071, 1, 0, 32.348, -1.5241e+06
0.081, 1, 0, 30.2964, -1.66413e+06
0.091, 1, 0, 33.7158, -1.8541e+06
0.101, 1, 0, 30.228, -1.66033e+06
0.112, 1, 0, 33.4422, -1.94708e+06
0.122, 1, 0, 29.9544, -1.64514e+06
0.132, 1, 0, 33.1687, -1.82371e+06
0.142, 1, 0, 30.0228, -1.85505e+06
0.152, 1, 0, 32.2112, -1.87466e+06
0.163, 1, 0, 29.6809, -1.72582e+06
0.173, 1, 0, 32.9635, -1.91892e+06
0.183, 1, 0, 29.7492, -1.72984e+06
0.193, 1, 0, 32.9635, -2.03885e+06
0.203, 1, 0, 29.6125, -1.82941e+06
0.214, 1, 0, 32.4848, -2.00893e+06
0.224, 1, 0, 29.6125, -1.7218e+06
0.234, 1, 0, 32.69, -1.90282e+06
0.244, 1, 0, 30.5015, -1.77409e+06
0.254, 1, 0, 33.3739, -1.94305e+06
0.265, 1, 0, 29.8176, -1.84223e+06
0.275, 1, 0, 32.8267, -1.80471e+06
0.285, 1, 0, 30.9119, -1.79823e+06
0.295, 1, 0, 33.5106, -1.9511e+06
0.306, 1, 0, 31.1854, -1.92772e+06
0.316, 1, 0, 30.8435, -1.79421e+06
0.326, 1, 0, 30.3647, -1.76605e+06
0.336, 1, 0, 33.1687, -1.93099e+06
0.347, 1, 0, 30.3647, -1.76605e+06
0.357, 1, 0, 33.579, -474815
0.367, 1, 0, 30.0228, -412234
0.377, 1, 0, 32.9635, -429231
0.388, 1, 0, 30.5015, -1.77409e+06
0.398, 1, 0, 32.6216, -1.8988e+06
0.408, 1, 0, 29.6809, -1.83368e+06
0.419, 1, 0, 33.0319, -2.04312e+06
0.429, 1, 0, 29.7492, -1.63374e+06
0.439, 1, 0, 30.2964, -1.87215e+06
0.449, 1, 0, 29.6125, -1.7218e+06
0.459, 1, 0, 30.1596, -1.75398e+06
0.47, 1, 0, 29.7492, -1.63374e+06
0.48, 1, 0, 32.8951, -1.91489e+06
0.49, 1, 0, 29.2705, -1.80804e+06
0.5, 1, 0, 32.9635, -2.03885e+06
0.51, 1, 0, 30.5015, -1.77409e+06
0.521, 1, 0, 33.2371, -1.93501e+06
0.531, 1, 0, 29.8176, -1.73386e+06
0.541, 1, 0, 32.9635, -1.91892e+06
0.551, 1, 0, 30.5699, -1.77812e+06
0.562, 1, 0, 30.1596, -1.75398e+06
0.572, 1, 0, 29.6809, -1.72582e+06
0.582, 1, 0, 31.9377, -1.85857e+06
0.592, 1, 0, 30.9119, -1.69833e+06
0.602, 1, 0, 33.4422, -2.06877e+06
0.613, 1, 0, 30.1596, -1.75398e+06
0.623, 1, 0, 33.0319, -1.6345e+06
0.633, 1, 0, 30.3647, -1.76605e+06
0.643, 1, 0, 32.5532, -1.89478e+06
0.653, 1, 0, 30.228, -1.758e+06
0.664, 1, 0, 31.8009, -1.96619e+06
0.674, 1, 0, 30.9119, -1.79823e+06
0.684, 1, 0, 32.6216, -1.8988e+06
0.694, 1, 0, 31.0486, -1.80628e+06
0.705, 1, 0, 34.9468, -2.03558e+06
0.715, 1, 0, 30.8435, -1.90634e+06
0.725, 1, 0, 30.1596, -1.75398e+06
0.735, 1, 0, 29.6125, -1.7218e+06
0.745, 1, 0, 30.6383, -1.89352e+06
0.756, 1, 0, 30.1596, -1.8636e+06
0.766, 1, 0, 32.7584, -1.90685e+06
0.776, 1, 0, 30.1596, -1.75398e+06
0.786, 1, 0, 32.4848, -2.00893e+06
0.796, 1, 0, 29.7492, -1.83796e+06
0.807, 1, 0, 32.6216, -2.01748e+06
0.817, 1, 0, 29.5441, -1.82513e+06
0.827, 1, 0, 33.3739, -1.94305e+06
0.837, 1, 0, 30.7751, -1.79018e+06
0.847, 1, 0, 32.4164, -2.00465e+06
0.858, 1, 0, 30.4331, -1.77007e+06
0.868, 1, 0, 32.4848, -2.00893e+06
0.878, 1, 0, 30.1596, -1.75398e+06
0.888, 1, 0, 32.4848, -2.00893e+06
0.898, 1, 0, 30.0228, -1.74593e+06
0.909, 1, 0, 31.3222, -1.93627e+06
0.919, 1, 0, 25.7827, -1.49651e+06
0.929, 1, 0, 29.8176, -1.73386e+06
0.939, 1, 0, 29.5441, -1.62234e+06
0.949, 1, 0, 30.7751, -1.90207e+06
0.96, 1, 0, 29.6125, -1.82941e+06
0.97, 1, 0, 34.0578, -2.10724e+06
0.98, 1, 0, 31.459, -1.83041e+06
0.99, 1, 0, 31.6641, -1.74012e+06
1.001, 1, 0, 29.4073, -1.70973e+06
1.011, 1, 0, 31.3906, -1.82639e+06
1.021, 1, 0, 30.7067, -1.78616e+06
1.031, 1, 0, 32.69, -1.79711e+06
1.041, 1, 0, 30.4331, -1.67173e+06
1.052, 1, 0, 33.1687, -2.05167e+06
1.062, 1, 0, 30.1596, -1.65653e+06
1.072, 1, 0, 32.8951, -2.03457e+06
1.082, 1, 0, 30.0912, -1.74996e+06
1.093, 1, 0, 33.2371, -1.82751e+06
1.103, 1, 0, 33.1003, -1.81991e+06
1.113, 1, 0, 33.3739, -1.94305e+06
1.123, 1, 0, 30.9802, -1.91489e+06
1.134, 1, 0, 33.0319, -1.81611e+06
1.144, 1, 0, 29.6809, -1.72582e+06
1.154, 1, 0, 33.6474, -1.95915e+06
1.164, 1, 0, 31.1854, -1.81432e+06
1.175, 1, 0, 32.2796, -1.87869e+06
1.185, 1, 0, 30.8435, -1.69453e+06
1.195, 1, 0, 32.9635, -1.81231e+06
1.205, 1, 0, 29.6809, -1.72582e+06
1.215, 1, 0, 32.8951, -1.91489e+06
1.226, 1, 0, 28.8602, -1.67754e+06
1.236, 1, 0, 32.5532, -1.89478e+06
1.246, 1, 0, 30.6383, -1.78214e+06
1.257, 1, 0, 33.579, -2.07732e+06
1.267, 1, 0, 30.4331, -1.77007e+06
1.277, 1, 0, 31.459, -1.83041e+06
1.287, 1, 0, 30.7067, -1.78616e+06
1.297, 1, 0, 33.921, -1.8655e+06
1.308, 1, 0, 31.3906, -1.72492e+06
1.318, 1, 0, 33.0319, -1.92294e+06
1.328, 1, 0, 30.1596, -1.8636e+06
1.338, 1, 0, 32.9635, -2.03885e+06
1.349, 1, 0, 29.6809, -1.62994e+06
1.359, 1, 0, 30.228, -1.66033e+06
1.369, 1, 0, 29.886, -1.73789e+06
1.379, 1, 0, 32.7584, -1.90685e+06
1.39, 1, 0, 28.655, -1.66547e+06
1.4, 1, 0, 32.2796, -1.77432e+06
1.41, 1, 0, 28.9286, -1.68157e+06
1.42, 1, 0, 31.6641, -1.84248e+06
1.43, 1, 0, 30.6383, -1.89352e+06
1.441, 1, 0, 33.2371, -1.73132e+06
1.451, 1, 0, 29.7492, -1.83796e+06
1.461, 1, 0, 32.7584, -1.80091e+06
1.471, 1, 0, 29.7492, -1.54775e+06
1.482, 1, 0, 32.0745, -1.76292e+06
1.492, 1, 0, 29.6125, -1.7218e+06
1.502, 1, 0, 32.2796, -1.77432e+06
1.512, 1, 0, 30.2964, -1.87215e+06
1.523, 1, 0, 31.5957, -1.83846e+06
1.533, 1, 0, 30.5699, -1.77812e+06
1.543, 1, 0, 32.5532, -1.89478e+06
1.553, 1, 0, 30.5015, -1.77409e+06
1.563, 1, 0, 33.7158, -1.8541e+06
1.574, 1, 0, 30.0912, -1.74996e+06
1.584, 1, 0, 32.2112, -1.87466e+06
1.594, 1, 0, 30.228, -1.758e+06
1.604, 1, 0, 32.8951, -2.03457e+06
1.615, 1, 0, 30.0228, -1.74593e+06
1.625, 1, 0, 32.7584, -1.90685e+06
1.635, 1, 0, 30.0228, -1.64894e+06
1.645, 1, 0, 33.5106, -1.9511e+06
1.656, 1, 0, 31.3222, -1.93627e+06
1.666, 1, 0, 33.7842, -1.96719e+06
1.676, 1, 0, 31.2538, -1.81834e+06
1.686, 1, 0, 34.2629, -1.99535e+06
1.696, 1, 0, 31.0486, -1.91917e+06
1.707, 1, 0, 33.579, -1.8465e+06
1.717, 1, 0, 30.228, -1.758e+06
1.727, 1, 0, 33.3055, -1.93903e+06
1.737, 1, 0, 30.6383, -1.78214e+06
1.748, 1, 0, 30.4331, -1.8807e+06
1.758, 1, 0, 30.0228, -1.74593e+06
1.768, 1, 0, 33.1003, -1.21327e+06
1.778, 1, 0, 30.6383, -1.78214e+06
1.789, 1, 0, 33.3055, -1.93903e+06
1.799, 1, 0, 30.3647, -1.76605e+06
1.809, 1, 0, 27.9027, -1.72255e+06
1.819, 1, 0, 28.1079, -1.54255e+06
1.829, 1, 0, 32.348, -2.00038e+06
1.84, 1, 0, 29.6809, -1.83368e+06
1.85, 1, 0, 33.1003, -1.92696e+06
1.86, 1, 0, 30.0228, -1.74593e+06
1.87, 1, 0, 32.4164, -1.88673e+06
1.881, 1, 0, 30.3647, -1.87642e+06
1.891, 1, 0, 33.3055, -1.83131e+06
1.901, 1, 0, 28.9286, -1.68157e+06
1.911, 1, 0, 32.1429, -1.98756e+06
1.922, 1, 0, 27.9027, -1.53116e+06
1.932, 1, 0, 32.4848, -2.00893e+06
1.942, 1, 0, 29.6809, -1.72582e+06
1.952, 1, 0, 34.1261, -1.98731e+06
1.963, 1, 0, 30.5015, -1.77409e+06
1.973, 1, 0, 30.7067, -1.78616e+06
1.983, 1, 0, 30.228, -1.758e+06
1.993, 1, 0, 33.3055, -1.93903e+06
2.004, 1, 0, 30.1596, -1.75398e+06
2.014, 1, 0, 32.1429, -1.87064e+06
2.024, 1, 0, 30.5699, -1.67933e+06
2.034, 1, 0, 33.3055, -2.06022e+06
2.044, 1, 0, 30.3647, -1.87642e+06
2.055, 1, 0, 29.886, -1.73789e+06
2.065, 1, 0, 29.6125, -1.7218e+06
2.075, 1, 0, 32.0745, -1.76292e+06
2.085, 1, 0, 29.6809, -1.72582e+06
2.096, 1, 0, 30.8435, -1.79421e+06
2.106, 1, 0, 29.2021, -1.69766e+06
2.116, 1, 0, 32.4848, -1.89076e+06
2.126, 1, 0, 30.0228, -1.64894e+06
2.136, 1, 0, 32.5532, -1.78951e+06
2.147, 1, 0, 29.1337, -1.69363e+06
2.157, 1, 0, 32.69, -1.90282e+06
2.167, 1, 0, 28.2447, -1.74392e+06
2.177, 1, 0, 30.228, -1.758e+06
2.188, 1, 0, 29.7492, -1.63374e+06
2.198, 1, 0, 32.2796, -1.87869e+06
2.208, 1, 0, 30.5699, -1.77812e+06
2.218, 1, 0, 31.8009, -1.96619e+06
2.229, 1, 0, 30.9119, -1.69833e+06
2.239, 1, 0, 33.7158, -1.8541e+06
2.249, 1, 0, 30.3647, -1.76605e+06
2.259, 1, 0, 33.1003, -1.81991e+06
2.269, 1, 0, 30.9119, -1.79823e+06
2.28, 1, 0, 33.2371, -1.93501e+06
2.29, 1, 0, 29.9544, -1.64514e+06
2.3, 1, 0, 33.2371, -1.82751e+06
2.31, 1, 0, 30.9119, -1.69833e+06
2.32, 1, 0, 33.6474, -1.95915e+06
2.331, 1, 0, 30.8435, -1.79421e+06
2.341, 1, 0, 32.8267, -1.91087e+06
2.351, 1, 0, 30.228, -1.758e+06
2.361, 1, 0, 33.2371, -1.93501e+06
2.372, 1, 0, 31.117, -1.92344e+06
2.382, 1, 0, 33.0319, -1.81611e+06
2.392, 1, 0, 29.8176, -1.84223e+06
2.402, 1, 0, 31.8693, -1.85455e+06
2.413, 1, 0, 30.8435, -1.79421e+06
2.423, 1, 0, 31.5957, -1.73632e+06
2.433, 1, 0, 30.5015, -1.77409e+06
2.443, 1, 0, 30.9802, -1.80225e+06
2.453, 1, 0, 30.5015, -1.77409e+06
2.464, 1, 0, 32.5532, -1.89478e+06
2.474, 1, 0, 30.5699, -1.67933e+06
2.485, 1, 0, 33.1003, -1.92696e+06
2.495, 1, 0, 28.3131, -1.55395e+06
2.505, 1, 0, 31.8009, -1.85053e+06
2.515, 1, 0, 29.3389, -1.81231e+06
2.526, 1, 0, 31.8693, -1.75152e+06
2.536, 1, 0, 30.3647, -1.66793e+06
2.546, 1, 0, 33.1687, -1.82371e+06
2.556, 1, 0, 30.1596, -1.8636e+06
2.566, 1, 0, 32.4848, -2.00893e+06
2.577, 1, 0, 29.7492, -1.83796e+06
2.587, 1, 0, 30.9802, -1.80225e+06
2.597, 1, 0, 30.3647, -1.66793e+06
2.607, 1, 0, 32.2796, -1.77432e+06
2.618, 1, 0, 30.4331, -2.00608e+06
2.628, 1, 0, 32.9635, -1.81231e+06
2.638, 1, 0, 30.8435, -1.60534e+06
2.649, 1, 0, 33.0319, -1.81611e+06
2.659, 1, 0, 33.1687, -1.93099e+06
2.669, 1, 0, 33.4422, -1.94708e+06
2.679, 1, 0, 30.4331, -1.8807e+06
2.689, 1, 0, 32.7584, -1.90685e+06
2.7, 1, 0, 29.886, -1.73789e+06
2.71, 1, 0, 32.4848, -2.14286e+06
2.72, 1, 0, 29.6125, -1.7218e+06
2.73, 1, 0, 33.7158, -2.08587e+06
2.741, 1, 0, 30.9802, -1.80225e+06
2.751, 1, 0, 32.7584, -2.02603e+06
2.761, 1, 0, 30.3647, -1.76605e+06
2.771, 1, 0, 33.2371, -2.05595e+06
2.782, 1, 0, 30.5699, -1.77812e+06
2.792, 1, 0, 32.69, -1.79711e+06
2.802, 1, 0, 30.6383, -1.78214e+06
2.812, 1, 0, 33.5106, -2.07304e+06
2.823, 1, 0, 30.9119, -1.79823e+06
2.833, 1, 0, 32.7584, -1.90685e+06
2.843, 1, 0, 30.0228, -1.64894e+06
2.853, 1, 0, 32.8267, -1.91087e+06
2.864, 1, 0, 30.3647, -1.76605e+06
2.874, 1, 0, 32.0745, -1.98328e+06
2.884, 1, 0, 30.9802, -1.1784e+06
2.894, 1, 0, 33.3739, -2.06449e+06
2.904, 1, 0, 30.7751, -1.79018e+06
2.915, 1, 0, 32.5532, -1.89478e+06
2.925, 1, 0, 30.2964, -1.76202e+06
2.935, 1, 0, 32.7584, -1.80091e+06
2.945, 1, 0, 30.0912, -1.74996e+06
2.955, 1, 0, 33.2371, -1.82751e+06
2.966, 1, 0, 30.9119, -955310
2.976, 1, 0, 33.3055, -1.83131e+06
2.986, 1, 0, 30.228, -1.86788e+06
2.996, 1, 0, 33.1687, -1.93099e+06
3.006, 1, 0, 30.3647, -1.87642e+06
3.017, 1, 0, 34.3997, -2.0034e+06
3.027, 1, 0, 31.2538, -1.81834e+06
3.037, 1, 0, 33.579, -1.95512e+06
3.047, 1, 0, 30.1596, -1.8636e+06
3.058, 1, 0, 32.8951, -1.91489e+06
3.068, 1, 0, 29.9544, -1.74191e+06
3.078, 1, 0, 32.2112, -1.87466e+06
3.088, 1, 0, 29.5441, -1.82513e+06
3.099, 1, 0, 34.3997, -2.0034e+06
3.109, 1, 0, 30.7751, -1.69073e+06
3.119, 1, 0, 33.2371, -2.05595e+06
3.129, 1, 0, 29.886, -1.64134e+06
3.14, 1, 0, 30.3647, -1.76605e+06
3.15, 1, 0, 25.4407, -1.39438e+06
3.162, 1, 0, 31.459, -1.55585e+06
3.172, 1, 0, 29.886, -1.64134e+06
3.182, 1, 0, 32.5532, -1.78951e+06
3.192, 1, 0, 30.4331, -1.67173e+06
3.202, 1, 0, 33.2371, -1.82751e+06
3.213, 1, 0, 30.0228, -1.64894e+06
3.223, 1, 0, 34.3313, -1.8883e+06
3.233, 1, 0, 31.6641, -1.74012e+06
3.243, 1, 0, 32.8951, -1.91489e+06
3.254, 1, 0, 30.0912, -1.65274e+06
3.264, 1, 0, 33.2371, -1.82751e+06
3.274, 1, 0, 31.117, -1.61974e+06
3.284, 1, 0, 32.69, -1.90282e+06
3.295, 1, 0, 30.4331, -1.67173e+06
3.305, 1, 0, 32.8951, -1.80851e+06
3.315, 1, 0, 30.1596, -1.65653e+06
3.325, 1, 0, 32.4164, -1.88673e+06
3.336, 1, 0, 29.4757, -1.71375e+06
3.346, 1, 0, 32.4164, -1.78191e+06
3.356, 1, 0, 30.5015, -1.67553e+06
3.366, 1, 0, 33.3739, -1.94305e+06
3.376, 1, 0, 29.8176, -1.0527e+06
3.387, 1, 0, 33.0319, -1.81611e+06
3.397, 1, 0, 29.9544, -1.64514e+06
3.407, 1, 0, 33.1687, -1.82371e+06
3.417, 1, 0, 30.2964, -1.87215e+06
3.427, 1, 0, 32.7584, -1.80091e+06
3.438, 1, 0, 30.3647, -1.66793e+06
3.448, 1, 0, 34.3313, -1.99937e+06
3.458, 1, 0, 31.459, -1.72872e+06
3.468, 1, 0, 34.3313, -1.78891e+06
3.479, 1, 0, 29.9544, -1.64514e+06
3.489, 1, 0, 33.1687, -1.82371e+06
3.499, 1, 0, 29.7492, -1.63374e+06
3.509, 1, 0, 32.7584, -1.90685e+06
3.52, 1, 0, 29.6809, -1.54415e+06
3.53, 1, 0, 33.3055, -1.93903e+06
3.54, 1, 0, 30.3647, -1.66793e+06
3.55, 1, 0, 33.0319, -2.04312e+06
3.561, 1, 0, 30.0228, -1.74593e+06
3.571, 1, 0, 32.8267, -1.91087e+06
3.581, 1, 0, 30.7751, -1.69073e+06
3.591, 1, 0, 33.3055, -1.93903e+06
3.601, 1, 0, 30.3647, -1.76605e+06
3.612, 1, 0, 33.1687, -2.05167e+06
3.622, 1, 0, 30.6383, -1.89352e+06
3.632, 1, 0, 30.7751, -1.90207e+06
3.642, 1, 0, 30.4331, -1.67173e+06
3.652, 1, 0, 32.8267, -1.91087e+06
3.663, 1, 0, 29.4073, -1.70973e+06
3.673, 1, 0, 33.3055, -1.93903e+06
3.683, 1, 0, 30.7751, -1.79018e+06
3.693, 1, 0, 33.579, -1.95512e+06
3.704, 1, 0, 30.5015, -1.67553e+06
3.714, 1, 0, 33.1687, -1.93099e+06
3.724, 1, 0, 30.2964, -1.76202e+06
3.734, 1, 0, 32.9635, -1.91892e+06
3.745, 1, 0, 29.8176, -1.73386e+06
3.755, 1, 0, 32.7584, -1.40941e+06
3.765, 1, 0, 30.0912, -1.74996e+06
3.775, 1, 0, 33.1003, -1.81991e+06
3.786, 1, 0, 31.0486, -1.80628e+06
3.796, 1, 0, 33.6474, -1.8503e+06
3.806, 1, 0, 30.9119, -1.69833e+06
3.816, 1, 0, 34.6049, -2.01547e+06
3.826, 1, 0, 31.5957, -1.64494e+06
3.837, 1, 0, 33.921, -1.8655e+06
3.847, 1, 0, 31.2538, -1.81834e+06
3.857, 1, 0, 33.0319, -1.81611e+06
3.867, 1, 0, 30.0228, -1.56215e+06
3.878, 1, 0, 32.4848, -1.89076e+06
3.888, 1, 0, 30.1596, -1.75398e+06
3.898, 1, 0, 30.6383, -1.51482e+06
3.908, 1, 0, 30.1596, -1.65653e+06
3.919, 1, 0, 32.6216, -1.79331e+06
3.929, 1, 0, 29.4757, -1.61854e+06
3.939, 1, 0, 32.4164, -1.10602e+06
3.949, 1, 0, 30.5699, -1.67933e+06
3.96, 1, 0, 32.9635, -1.71693e+06
3.97, 1, 0, 29.6125, -1.54055e+06
3.98, 1, 0, 32.1429, -1.67373e+06
3.99, 1, 0, 30.228, -1.57295e+06
4, 1, 0, 33.1003, -1.81991e+06
4.012, 1, 0, 31.117, -1.61974e+06
4.022, 1, 0, 32.7584, -1.90685e+06
4.032, 1, 0, 30.0228, -1.64894e+06
4.042, 1, 0, 32.6216, -1.53713e+06
4.053, 1, 0, 30.0912, -1.48746e+06
4.063, 1, 0, 33.5106, -1.74572e+06
4.073, 1, 0, 30.7067, -1.68693e+06
4.083, 1, 0, 33.8526, -2.09441e+06
4.094, 1, 0, 31.0486, -1.91917e+06
4.104, 1, 0, 33.9894, -1.97926e+06
4.114, 1, 0, 31.0486, -1.61614e+06
