0, 0, 0, 0, 0
0.011, 0, 0, 0, 0
0.034, -0, 0, 0, 0
0.047, -0, 0, 0, 0
0.059, -0, 0, 0, 0
0.072, -0, 0, 0, 0
0.09, -0, 0, 0, 0
0.102, -0, 0, 0, 0
0.115, -0, 0, 0, 0
0.127, -0, 0, 0, 0
0.14, -0, 0, 0, 0
0.152, -0, 0, 0, 0
0.165, -0, 0, 0, 0
0.177, -0, 0, 0, 0
0.19, -0, 0, 0, 0
0.202, -0, 0, 0, 0
0.215, -0, 0, 0, 0
0.227, -0, 0, 0, 0
0.24, -0, 0, 0, 0
0.253, -0, 0, 0, 0
0.265, -0, 0, 0, 0
0.278, -0, 0, 0, 0
0.29, -0, 0, 0, 0
0.303, -0, 0, 0, 0
0.316, -0, 0, 0, 0
0.328, -0, 0, 0, 0
0.341, -0, 0, 0, 0
0.354, -0, 0, 0, 0
0.366, -0, 0, 0, 0
0.379, -0, 0, 0, 0
0.392, -0, 0, 0, 0
0.405, -0, 0, 0, 0
0.418, -0, 0, 0, 0
0.43, -0, 0, 0, 0
0.443, -0, 0, 0, 0
0.456, -0, 0, 0, 0
0.469, -0, 0, 0, 0
0.482, -0, 0, 0, 0
0.495, -0, 0, 0, 0
0.507, -0, 0, 0, 0
0.52, -0, 0, 0, 0
0.532, -0, 0, 0, 0
0.544, -0, 0, 0, 0
0.557, -0, 0, 0, 0
0.569, -0, 0, 0, 0
0.581, -0, 0, 0, 0
0.594, -0, 0, 0, 0
0.606, -0, 0, 0, 0
0.619, -0, 0, 0, 0
0.631, -0, 0, 0, 0
0.644, -0, 0, 0, 0
0.656, -0, 0, 0, 0
0.669, -0, 0, 0, 0
0.682, -0, 0, 0, 0
0.694, -0, 0, 0, 0
0.707, -0, 0, 0, 0
0.72, -0, 0, 0, 0
0.732, -0, 0, 0, 0
0.745, -0, 0, 0, 0
0.758, -0, 0, 0, 0
0.77, -0, 0, 0, 0
0.783, -0, 0, 0, 0
0.796, -0, 0, 0, 0
0.808, -0, 0, 0, 0
0.822, -0, 0, 0, 0
0.834, -0, 0, 0, 0
0.847, -0, 0, 0, 0
0.86, -0, 0, 0, 0
0.875, -0, 0, 0, 0
0.888, -0, 0, 0, 0
0.901, -0, 0, 0, 0
0.914, -0, 0, 0, 0
0.928, -0, 0, 0, 0
0.94, -0, 0, 0, 0
0.953, -0, 0, 0, 0
0.966, -0, 0, 0, 0
0.978, -0, 0, 0, 0
0.991, -0, 0, 0, 0
1.004, -0, 0, 0, 0
1.017, -0, 0, 0, 0
1.03, -0, 0, 0, 0
1.043, -0, 0, 0, 0
1.056, -0, 0, 0, 0
1.069, -0, 0, 0, 0
1.082, -0, 0, 0, 0
1.094, -0, 0, 0, 0
1.107, -0, 0, 0, 0
1.12, -0, 0, 0, 0
1.132, -0, 0, 0, 0
1.145, -0, 0, 0, 0
1.158, -0, 0, 0, 0
1.171, -0, 0, 0, 0
1.183, -0, 0, 0, 0
1.196, -0, 0, 0, 0
1.209, -0, 0, 0, 0
1.222, -0, 0, 0, 0
1.235, -0, 0, 0, 0
1.248, -0, 0, 0, 0
1.261, -0, 0, 0, 0
1.274, -0, 0, 0, 0
1.287, -0, 0, 0, 0
1.299, -0, 0, 0, 0
1.312, -0, 0, 0, 0
1.325, -0, 0, 0, 0
1.337, -0, 0, 0, 0
1.35, -0, 0, 0, 0
1.363, -0, 0, 0, 0
1.376, -0, 0, 0, 0
1.389, -0, 0, 0, 0
1.402, -0, 0, 0, 0
1.415, -0, 0, 0, 0
1.427, -0, 0, 0, 0
1.44, -0, 0, 0, 0
1.453, -0, 0, 0, 0
1.466, -0, 0, 0, 0
1.478, -0, 0, 0, 0
1.49, -0, 0, 0, 0
1.503, -0, 0, 0, 0
1.516, -0, 0, 0, 0
1.529, -0, 0, 0, 0
1.542, -0, 0, 0, 0
1.554, -0, 0, 0, 0
1.567, -0, 0, 0, 0
1.58, -0, 0, 0, 0
1.593, -0, 0, 0, 0
1.605, -0, 0, 0, 0
1.618, -0, 0, 0, 0
1.631, -0, 0, 0, 0
1.643, -0, 0, 0, 0
1.656, -0, 0, 0, 0
1.668, -0, 0, 0, 0
1.681, -0, 0, 0, 0
1.694, -0, 0, 0, 0
1.707, -0, 0, 0, 0
1.72, -0, 0, 0, 0
1.732, -0, 0, 0, 0
1.745, -0, 0, 0, 0
1.758, -0, 0, 0, 0
1.771, -0, 0, 0, 0
1.783, -0, 0, 0, 0
1.796, -0, 0, 0, 0
1.809, -0, 0, 0, 0
1.821, -0, 0, 0, 0
1.834, -0, 0, 0, 0
1.846, -0, 0, 0, 0
1.859, -0, 0, 0, 0
1.871, -0, 0, 0, 0
1.884, -0, 0, 0, 0
1.897, -0, 0, 0, 0
1.909, -0, 0, 0, 0
1.922, -0, 0, 0, 0
1.934, -0, 0, 0, 0
1.947, -0, 0, 0, 0
1.959, -0, 0, 0, 0
1.972, -0, 0, 0, 0
1.984, -0, 0, 0, 0
1.997, -0, 0, 0, 0
2.009, -0, 0, 0, 0
2.021, -0, 0, 0, 0
2.034, -0, 0, 0, 0
2.046, -0, 0, 0, 0
2.059, -0, 0, 0, 0
2.071, -0, 0, 0, 0
2.084, -0, 0, 0, 0
2.097, -0, 0, 0, 0
2.11, -0, 0, 0, 0
2.122, -0, 0, 0, 0
2.135, -0, 0, 0, 0
2.147, -0, 0, 0, 0
2.16, -0, 0, 0, 0
2.173, -0, 0, 0, 0
2.185, -0, 0, 0, 0
2.198, -0, 0, 0, 0
2.211, -0, 0, 0, 0
2.223, -0, 0, 0, 0
2.236, -0, 0, 0, 0
2.248, -0, 0, 0, 0
2.261, -0, 0, 0, 0
2.274, -0, 0, 0, 0
2.286, -0, 0, 0, 0
2.299, -0, 0, 0, 0
2.312, -0, 0, 0, 0
2.324, -0, 0, 0, 0
2.337, -0, 0, 0, 0
2.349, -0, 0, 0, 0
2.362, -0, 0, 0, 0
2.375, -0, 0, 0, 0
2.387, -0, 0, 0, 0
2.4, -0, 0, 0, 0
2.413, -0, 0, 0, 0
2.425, -0, 0, 0, 0
2.438, -0, 0, 0, 0
2.45, -0, 0, 0, 0
2.462, -0, 0, 0, 0
2.474, -0, 0, 0, 0
2.488, -0, 0, 0, 0
2.5, -0, 0, 0, 0
2.513, -0, 0, 0, 0
2.526, -0, 0, 0, 0
2.538, -0, 0, 0, 0
2.551, -0, 0, 0, 0
2.564, -0, 0, 0, 0
2.577, -0, 0, 0, 0
2.59, -0, 0, 0, 0
2.603, -0, 0, 0, 0
2.615, -0, 0, 0, 0
2.628, -0, 0, 0, 0
2.641, -0, 0, 0, 0
2.654, -0, 0, 0, 0
2.666, -0, 0, 0, 0
2.679, -0, 0, 0, 0
2.692, -0, 0, 0, 0
2.705, -0, 0, 0, 0
2.717, -0, 0, 0, 0
2.73, -0, 0, 0, 0
2.742, -0, 0, 0, 0
2.755, -0, 0, 0, 0
2.768, -0, 0, 0, 0
2.78, -0, 0, 0, 0
2.793, -0, 0, 0, 0
2.805, -0, 0, 0, 0
2.818, -0, 0, 0, 0
2.831, -0, 0, 0, 0
2.843, -0, 0, 0, 0
2.856, -0, 0, 0, 0
2.869, -0, 0, 0, 0
2.881, -0, 0, 0, 0
2.894, -0, 0, 0, 0
2.907, -0, 0, 0, 0
2.919, -0, 0, 0, 0
2.932, -0, 0, 0, 0
2.944, -0, 0, 0, 0
2.957, -0, 0, 0, 0
2.97, -0, 0, 0, 0
2.982, -0, 0, 0, 0
2.995, -0, 0, 0, 0
3.008, -0, 0, 0, 0
3.02, -0, 0, 0, 0
3.033, -0, 0, 0, 0
3.046, -0, 0, 0, 0
3.059, -0, 0, 0, 0
3.072, -0, 0, 0, 0
3.084, -0, 0, 0, 0
3.097, -0, 0, 0, 0
3.11, -0, 0, 0, 0
3.122, -0, 0, 0, 0
3.134, -0, 0, 0, 0
3.147, -0, 0, 0, 0
3.159, -0, 0, 0, 0
3.172, -0, 0, 0, 0
3.184, -0, 0, 0, 0
3.196, -0, 0, 0, 0
3.209, -0, 0, 0, 0
3.221, -0, 0, 0, 0
3.234, -0, 0, 0, 0
3.246, -0, 0, 0, 0
3.259, -0, 0, 0, 0
3.271, -0, 0, 0, 0
3.283, -0, 0, 0, 0
3.296, -0, 0, 0, 0
3.308, -0, 0, 0, 0
3.321, -0, 0, 0, 0
3.333, -0, 0, 0, 0
3.345, -0, 0, 0, 0
3.358, -0, 0, 0, 0
3.37, -0, 0, 0, 0
3.383, -0, 0, 0, 0
3.395, -0, 0, 0, 0
3.407, -0, 0, 0, 0
3.42, -0, 0, 0, 0
3.432, -0, 0, 0, 0
3.445, -0, 0, 0, 0
3.457, -0, 0, 0, 0
3.47, -0, 0, 0, 0
3.482, -0, 0, 0, 0
3.494, -0, 0, 0, 0
3.507, -0, 0, 0, 0
3.519, -0, 0, 0, 0
3.532, -0, 0, 0, 0
3.544, -0, 0, 0, 0
3.557, -0, 0, 0, 0
3.569, -0, 0, 0, 0
3.582, -0, 0, 0, 0
3.594, -0, 0, 0, 0
3.607, -0, 0, 0, 0
3.619, -0, 0, 0, 0
3.632, -0, 0, 0, 0
3.644, -0, 0, 0, 0
3.657, -0, 0, 0, 0
3.669, -0, 0, 0, 0
3.682, -0, 0, 0, 0
3.694, -0, 0, 0, 0
3.707, -0, 0, 0, 0
3.72, -0, 0, 0, 0
3.732, -0, 0, 0, 0
3.745, -0, 0, 0, 0
3.761, -0, 0, 0, 0
3.773, -0, 0, 0, 0
3.786, -0, 0, 0, 0
3.799, -0, 0, 0, 0
3.811, -0, 0, 0, 0
3.824, -0, 0, 0, 0
3.836, -0, 0, 0, 0
3.849, -0, 0, 0, 0
3.861, -0, 0, 0, 0
3.873, -0, 0, 0, 0
3.886, -0, 0, 0, 0
3.898, -0, 0, 0, 0
3.911, -0, 0, 0, 0
3.923, -0, 0, 0, 0
3.936, -0, 0, 0, 0
3.948, -0, 0, 0, 0
3.96, -0, 0, 0, 0
3.973, -0, 0, 0, 0
3.985, -0, 0, 0, 0
3.998, -0, 0, 0, 0
4.01, -0, 0, 0, 0
4.023, -0, 0, 0, 0
4.035, -0, 0, 0, 0
4.048, -0, 0, 0, 0
4.06, -0, 0, 0, 0
4.073, -0, 0, 0, 0
4.085, -0, 0, 0, 0
4.098, -0, 0, 0, 0
4.11, -0, 0, 0, 0
4.123, -0, 0, 0, 0
4.135, -0, 0, 0, 0
4.148, -0, 0, 0, 0
4.161, -0, 0, 0, 0
4.173, -0, 0, 0, 0
4.186, -0, 0, 0, 0
4.199, -0, 0, 0, 0
4.212, -0, 0, 0, 0
4.224, -0, 0, 0, 0
4.237, -0, 0, 0, 0
4.25, -0, 0, 0, 0
4.263, -0, 0, 0, 0
4.275, -0, 0, 0, 0
4.288, -0, 0, 0, 0
4.301, -0, 0, 0, 0
4.314, -0, 0, 0, 0
4.327, -0, 0, 0, 0
4.34, -0, 0, 0, 0
4.352, -0, 0, 0, 0
4.366, -0, 0, 0, 0
4.377, -0, 0, 0, 0
4.39, -0, 0, 0, 0
4.402, -0, 0, 0, 0
4.415, -0, 0, 0, 0
4.428, -0, 0, 0, 0
4.441, -0, 0, 0, 0
4.453, -0, 0, 0, 0
4.466, -0, 0, 0, 0
4.479, -0, 0, 0, 0
4.491, -0, 0, 0, 0
4.503, -0, 0, 0, 0
4.516, -0, 0, 0, 0
4.529, -0, 0, 0, 0
4.541, -0, 0, 0, 0
4.554, -0, 0, 0, 0
4.566, -0, 0, 0, 0
4.579, -0, 0, 0, 0
4.592, -0, 0, 0, 0
4.605, -0, 0, 0, 0
4.618, -0, 0, 0, 0
4.63, -0, 0, 0, 0
4.643, -0, 0, 0, 0
4.656, -0, 0, 0, 0
4.669, -0, 0, 0, 0
4.682, -0, 0, 0, 0
4.695, -0, 0, 0, 0
4.707, -0, 0, 0, 0
4.72, -0, 0, 0, 0
4.733, -0, 0, 0, 0
4.746, -0, 0, 0, 0
4.758, -0, 0, 0, 0
4.771, -0, 0, 0, 0
4.784, -0, 0, 0, 0
4.796, -0, 0, 0, 0
4.809, -0, 0, 0, 0
4.821, -0, 0, 0, 0
4.834, -0, 0, 0, 0
4.847, -0, 0, 0, 0
4.86, -0, 0, 0, 0
4.872, -0, 0, 0, 0
4.885, -0, 0, 0, 0
4.897, -0, 0, 0, 0
4.91, -0, 0, 0, 0
4.923, -0, 0, 0, 0
4.936, -0, 0, 0, 0
4.948, -0, 0, 0, 0
4.961, -0, 0, 0, 0
4.974, -0, 0, 0, 0
4.987, -0, 0, 0, 0
5.002, -0, 0, 0, 0
5.014, -0, 0, 0, 0
5.027, -0, 0, 0, 0
5.04, -0, 0, 0, 0
5.053, -0, 0, 0, 0
5.065, -0, 0, 0, 0
5.078, -0, 0, 0, 0
5.09, -0, 0, 0, 0
5.103, -0, 0, 0, 0
5.115, -0, 0, 0, 0
5.128, -0, 0, 0, 0
5.141, -0, 0, 0, 0
5.153, -0, 0, 0, 0
5.166, -0, 0, 0, 0
5.179, -0, 0, 0, 0
5.192, -0, 0, 0, 0
5.204, -0, 0, 0, 0
5.217, -0, 0, 0, 0
5.23, -0, 0, 0, 0
5.242, -0, 0, 0, 0
5.254, -0, 0, 0, 0
5.267, -0, 0, 0, 0
5.279, -0, 0, 0, 0
5.292, -0, 0, 0, 0
5.304, -0, 0, 0, 0
5.317, -0, 0, 0, 0
5.33, -0, 0, 0, 0
5.342, -0, 0, 0, 0
5.355, -0, 0, 0, 0
5.368, -0, 0, 0, 0
5.381, -0, 0, 0, 0
5.394, -0, 0, 0, 0
5.406, -0, 0, 0, 0
5.419, -0, 0, 0, 0
5.432, -0, 0, 0, 0
5.444, -0, 0, 0, 0
5.457, -0, 0, 0, 0
5.469, -0, 0, 0, 0
5.482, -0, 0, 0, 0
5.495, -0, 0, 0, 0
5.508, -0, 0, 0, 0
5.521, -0, 0, 0, 0
5.533, -0, 0, 0, 0
5.546, -0, 0, 0, 0
5.559, -0, 0, 0, 0
5.572, -0, 0, 0, 0
5.585, -0, 0, 0, 0
5.597, -0, 0, 0, 0
5.61, -0, 0, 0, 0
5.623, -0, 0, 0, 0
5.636, -0, 0, 0, 0
5.649, -0, 0, 0, 0
5.661, -0, 0, 0, 0
5.674, -0, 0, 0, 0
5.687, -0, 0, 0, 0
5.7, -0, 0, 0, 0
5.712, -0, 0, 0, 0
5.725, -0, 0, 0, 0
5.737, -0, 0, 0, 0
5.75, -0, 0, 0, 0
5.762, -0, 0, 0, 0
5.775, -0, 0, 0, 0
5.787, -0, 0, 0, 0
5.8, -0, 0, 0, 0
5.813, -0, 0, 0, 0
5.826, -0, 0, 0, 0
5.839, -0, 0, 0, 0
5.852, -0, 0, 0, 0
5.864, -0, 0, 0, 0
5.877, -0, 0, 0, 0
5.889, -0, 0, 0, 0
5.902, -0, 0, 0, 0
5.915, -0, 0, 0, 0
5.927, -0, 0, 0, 0
5.94, -0, 0, 0, 0
5.953, -0, 0, 0, 0
5.966, -0, 0, 0, 0
5.979, -0, 0, 0, 0
5.991, -0, 0, 0, 0
6.004, -0, 0, 0, 0
6.017, -0, 0, 0, 0
6.03, -0, 0, 0, 0
6.043, -0, 0, 0, 0
6.057, -0, 0, 0, 0
6.07, -0, 0, 0, 0
6.082, -0, 0, 0, 0
6.094, -0, 0, 0, 0
6.106, -0, 0, 0, 0
6.118, -0, 0, 0, 0
6.131, -0, 0, 0, 0
6.143, -0, 0, 0, 0
6.156, -0, 0, 0, 0
6.168, -0, 0, 0, 0
6.181, -0, 0, 0, 0
6.193, -0, 0, 0, 0
6.206, -0, 0, 0, 0
6.218, -0, 0, 0, 0
6.231, -0, 0, 0, 0
6.244, -0, 0, 0, 0
6.257, -0, 0, 0, 0
6.269, -0, 0, 0, 0
6.282, -0, 0, 0, 0
6.294, -0, 0, 0, 0
6.307, -0, 0, 0, 0
6.32, -0, 0, 0, 0
6.332, -0, 0, 0, 0
6.345, -0, 0, 0, 0
6.358, -0, 0, 0, 0
6.37, -0, 0, 0, 0
6.383, -0, 0, 0, 0
6.396, -0, 0, 0, 0
6.41, -0, 0, 0, 0
6.422, -0, 0, 0, 0
6.435, -0, 0, 0, 0
6.447, -0, 0, 0, 0
6.46, -0, 0, 0, 0
6.473, -0, 0, 0, 0
6.485, -0, 0, 0, 0
6.498, -0, 0, 0, 0
6.511, -0, 0, 0, 0
6.524, -0, 0, 0, 0
6.536, -0, 0, 0, 0
6.549, -0, 0, 0, 0
6.561, -0, 0, 0, 0
6.574, -0, 0, 0, 0
6.586, -0, 0, 0, 0
6.599, -0, 0, 0, 0
6.612, -0, 0, 0, 0
6.624, -0, 0, 0, 0
6.637, -0, 0, 0, 0
6.65, -0, 0, 0, 0
6.663, -0, 0, 0, 0
6.675, -0, 0, 0, 0
6.688, -0, 0, 0, 0
6.701, -0, 0, 0, 0
6.713, -0, 0, 0, 0
6.726, -0, 0, 0, 0
6.739, -0, 0, 0, 0
6.752, -0, 0, 0, 0
6.764, -0, 0, 0, 0
6.777, -0, 0, 0, 0
6.79, -0, 0, 0, 0
6.803, -0, 0, 0, 0
6.815, -0, 0, 0, 0
6.828, -0, 0, 0, 0
6.841, -0, 0, 0, 0
6.854, -0, 0, 0, 0
6.87, -0, 0, 0, 0
6.883, -0, 0, 0, 0
6.895, -0, 0, 0, 0
6.908, -0, 0, 0, 0
6.921, -0, 0, 0, 0
6.933, -0, 0, 0, 0
6.946, -0, 0, 0, 0
6.958, -0, 0, 0, 0
6.971, -0, 0, 0, 0
6.984, -0, 0, 0, 0
6.996, -0, 0, 0, 0
7.009, -0, 0, 0, 0
7.022, -0, 0, 0, 0
7.034, -0, 0, 0, 0
7.047, -0, 0, 0, 0
7.06, -0, 0, 0, 0
7.072, -0, 0, 0, 0
7.085, -0, 0, 0, 0
7.097, -0, 0, 0, 0
7.11, -0, 0, 0, 0
7.123, -0, 0, 0, 0
7.135, -0, 0, 0, 0
7.148, -0, 0, 0, 0
7.161, -0, 0, 0, 0
7.173, -0, 0, 0, 0
7.186, -0, 0, 0, 0
7.198, -0, 0, 0, 0
7.212, -0, 0, 0, 0
7.225, -0, 0, 0, 0
7.237, -0, 0, 0, 0
7.25, -0, 0, 0, 0
7.263, -0, 0, 0, 0
7.276, -0, 0, 0, 0
7.288, -0, 0, 0, 0
7.301, -0, 0, 0, 0
7.314, -0, 0, 0, 0
7.326, -0, 0, 0, 0
7.338, -0, 0, 0, 0
7.351, -0, 0, 0, 0
7.364, -0, 0, 0, 0
7.377, -0, 0, 0, 0
7.389, -0, 0, 0, 0
7.402, -0, 0, 0, 0
7.415, -0, 0, 0, 0
7.427, -0, 0, 0, 0
7.44, -0, 0, 0, 0
7.452, -0, 0, 0, 0
7.464, -0, 0, 0, 0
7.477, -0, 0, 0, 0
7.489, -0, 0, 0, 0
7.502, -0, 0, 0, 0
7.514, -0, 0, 0, 0
7.527, -0, 0, 0, 0
7.539, -0, 0, 0, 0
7.552, -0, 0, 0, 0
7.564, -0, 0, 0, 0
7.576, -0, 0, 0, 0
7.589, -0, 0, 0, 0
7.601, -0, 0, 0, 0
7.614, -0, 0, 0, 0
7.626, -0, 0, 0, 0
7.638, -0, 0, 0, 0
7.651, -0, 0, 0, 0
7.663, -0, 0, 0, 0
7.676, -0, 0, 0, 0
7.688, -0, 0, 0, 0
7.701, -0, 0, 0, 0
7.713, -0, 0, 0, 0
7.726, -0, 0, 0, 0
7.738, -0, 0, 0, 0
7.751, -0, 0, 0, 0
7.763, -0, 0, 0, 0
7.776, -0, 0, 0, 0
7.788, -0, 0, 0, 0
7.801, -0, 0, 0, 0
7.813, -0, 0, 0, 0
7.826, -0, 0, 0, 0
7.839, -0, 0, 0, 0
7.852, -0, 0, 0, 0
7.864, -0, 0, 0, 0
7.877, -0, 0, 0, 0
7.89, -0, 0, 0, 0
7.902, -0, 0, 0, 0
7.915, -0, 0, 0, 0
7.927, -0, 0, 0, 0
7.94, -0, 0, 0, 0
7.952, -0, 0, 0, 0
7.965, -0, 0, 0, 0
7.978, -0, 0, 0, 0
7.99, -0, 0, 0, 0
8.003, -0, 0, 0, 0
8.016, -0, 0, 0, 0
8.028, -0, 0, 0, 0
8.041, -0, 0, 0, 0
8.054, -0, 0, 0, 0
8.067, -0, 0, 0, 0
8.079, -0, 0, 0, 0
8.092, -0, 0, 0, 0
8.105, -0, 0, 0, 0
8.118, -0, 0, 0, 0
8.131, -0, 0, 0, 0
8.143, -0, 0, 0, 0
8.156, -0, 0, 0, 0
8.168, -0, 0, 0, 0
8.182, -0, 0, 0, 0
8.194, -0, 0, 0, 0
8.206, -0, 0, 0, 0
8.219, -0, 0, 0, 0
8.231, -0, 0, 0, 0
8.243, -0, 0, 0, 0
8.256, -0, 0, 0, 0
8.268, -0, 0, 0, 0
8.281, -0, 0, 0, 0
8.294, -0, 0, 0, 0
8.308, -0, 0, 0, 0
8.32, -0, 0, 0, 0
8.332, -0, 0, 0, 0
8.345, -0, 0, 0, 0
8.358, -0, 0, 0, 0
8.37, -0, 0, 0, 0
8.383, -0, 0, 0, 0
8.396, -0, 0, 0, 0
8.408, -0, 0, 0, 0
8.421, -0, 0, 0, 0
8.433, -0, 0, 0, 0
8.446, -0, 0, 0, 0
8.459, -0, 0, 0, 0
8.471, -0, 0, 0, 0
8.484, -0, 0, 0, 0
8.496, -0, 0, 0, 0
8.509, -0, 0, 0, 0
8.521, -0, 0, 0, 0
8.534, -0, 0, 0, 0
8.547, -0, 0, 0, 0
8.56, -0, 0, 0, 0
8.572, -0, 0, 0, 0
8.585, -0, 0, 0, 0
8.597, -0, 0, 0, 0
8.61, -0, 0, 0, 0
8.623, -0, 0, 0, 0
8.636, -0, 0, 0, 0
8.648, -0, 0, 0, 0
8.661, -0, 0, 0, 0
8.674, -0, 0, 0, 0
8.687, -0, 0, 0, 0
8.699, -0, 0, 0, 0
8.712, -0, 0, 0, 0
8.725, -0, 0, 0, 0
8.738, -0, 0, 0, 0
8.749, -0, 0, 0, 0
8.762, -0, 0, 0, 0
8.775, -0, 0, 0, 0
8.787, -0, 0, 0, 0
8.8, -0, 0, 0, 0
8.813, -0, 0, 0, 0
8.826, -0, 0, 0, 0
8.839, -0, 0, 0, 0
8.851, -0, 0, 0, 0
8.864, -0, 0, 0, 0
8.877, -0, 0, 0, 0
8.89, -0, 0, 0, 0
8.903, -0, 0, 0, 0
8.915, -0, 0, 0, 0
8.928, -0, 0, 0, 0
8.94, -0, 0, 0, 0
8.952, -0, 0, 0, 0
8.965, -0, 0, 0, 0
8.978, -0, 0, 0, 0
8.991, -0, 0, 0, 0
9.004, -0, 0, 0, 0
9.017, -0, 0, 0, 0
9.029, -0, 0, 0, 0
9.042, -0, 0, 0, 0
9.055, -0, 0, 0, 0
9.068, -0, 0, 0, 0
9.08, -0, 0, 0, 0
9.093, -0, 0, 0, 0
9.106, -0, 0, 0, 0
9.118, -0, 0, 0, 0
9.13, -0, 0, 0, 0
9.142, -0, 0, 0, 0
9.155, -0, 0, 0, 0
9.168, -0, 0, 0, 0
9.181, -0, 0, 0, 0
9.193, -0, 0, 0, 0
9.206, -0, 0, 0, 0
9.219, -0, 0, 0, 0
9.231, -0, 0, 0, 0
9.244, -0, 0, 0, 0
9.257, -0, 0, 0, 0
9.269, -0, 0, 0, 0
9.282, -0, 0, 0, 0
9.295, -0, 0, 0, 0
9.308, -0, 0, 0, 0
9.321, -0, 0, 0, 0
9.334, -0, 0, 0, 0
9.347, -0, 0, 0, 0
9.359, -0, 0, 0, 0
9.372, -0, 0, 0, 0
9.385, -0, 0, 0, 0
9.398, -0, 0, 0, 0
9.41, -0, 0, 0, 0
9.423, -0, 0, 0, 0
9.436, -0, 0, 0, 0
9.448, -0, 0, 0, 0
9.461, -0, 0, 0, 0
9.474, -0, 0, 0, 0
9.487, -0, 0, 0, 0
9.499, -0, 0, 0, 0
9.512, -0, 0, 0, 0
9.525, -0, 0, 0, 0
9.538, -0, 0, 0, 0
9.55, -0, 0, 0, 0
9.563, -0, 0, 0, 0
9.576, -0, 0, 0, 0
9.589, -0, 0, 0, 0
9.601, -0, 0, 0, 0
9.614, -0, 0, 0, 0
9.627, -0, 0, 0, 0
9.64, -0, 0, 0, 0
9.653, -0, 0, 0, 0
9.665, -0, 0, 0, 0
9.678, -0, 0, 0, 0
9.691, -0, 0, 0, 0
9.704, -0, 0, 0, 0
9.716, -0, 0, 0, 0
9.729, -0, 0, 0, 0
9.742, -0, 0, 0, 0
9.755, -0, 0, 0, 0
9.768, -0, 0, 0, 0
9.781, -0, 0, 0, 0
9.794, -0, 0, 0, 0
9.807, -0, 0, 0, 0
9.819, -0, 0, 0, 0
9.832, -0, 0, 0, 0
9.845, -0, 0, 0, 0
9.858, -0, 0, 0, 0
9.87, -0, 0, 0, 0
9.883, -0, 0, 0, 0
9.896, -0, 0, 0, 0
9.909, -0, 0, 0, 0
9.921, -0, 0, 0, 0
9.934, -0, 0, 0, 0
9.947, -0, 0, 0, 0
9.959, -0, 0, 0, 0
9.972, -0, 0, 0, 0
9.985, -0, 0, 0, 0
9.998, -0, 0, 0, 0
10.011, -0, 0, 0, 0
10.025, -0, 0, 0, 0
10.037, -0, 0, 0, 0
10.05, -0, 0, 0, 0
10.063, -0, 0, 0, 0
10.076, -0, 0, 0, 0
10.089, -0, 0, 0, 0
10.101, -0, 0, 0, 0
10.114, -0, 0, 0, 0
10.127, -0, 0, 0, 0
10.14, -0, 0, 0, 0
10.153, -0, 0, 0, 0
10.166, -0, 0, 0, 0
10.179, -0, 0, 0, 0
10.192, -0, 0, 0, 0
10.205, -0, 0, 0, 0
10.218, -0, 0, 0, 0
10.23, -0, 0, 0, 0
10.243, -0, 0, 0, 0
10.255, -0, 0, 0, 0
10.268, -0, 0, 0, 0
10.281, -0, 0, 0, 0
10.293, -0, 0, 0, 0
10.306, -0, 0, 0, 0
10.319, -0, 0, 0, 0
10.331, -0, 0, 0, 0
10.344, -0, 0, 0, 0
10.357, -0, 0, 0, 0
10.369, -0, 0, 0, 0
10.382, -0, 0, 0, 0
10.395, -0, 0, 0, 0
10.408, -0, 0, 0, 0
10.421, -0, 0, 0, 0
10.434, -0, 0, 0, 0
10.447, -0, 0, 0, 0
10.46, -0, 0, 0, 0
10.473, -0, 0, 0, 0
10.486, -0, 0, 0, 0
10.498, -0, 0, 0, 0
10.511, -0, 0, 0, 0
10.524, -0, 0, 0, 0
10.536, -0, 0, 0, 0
10.549, -0, 0, 0, 0
10.562, -0, 0, 0, 0
10.574, -0, 0, 0, 0
10.587, -0, 0, 0, 0
10.6, -0, 0, 0, 0
10.613, -0, 0, 0, 0
10.626, -0, 0, 0, 0
10.639, -0, 0, 0, 0
10.651, -0, 0, 0, 0
10.664, -0, 0, 0, 0
10.677, -0, 0, 0, 0
10.689, -0, 0, 0, 0
10.702, -0, 0, 0, 0
10.714, -0, 0, 0, 0
10.727, -0, 0, 0, 0
10.74, -0, 0, 0, 0
10.753, -0, 0, 0, 0
10.765, -0, 0, 0, 0
10.777, -0, 0, 0, 0
10.79, -0, 0, 0, 0
10.803, -0, 0, 0, 0
10.816, -0, 0, 0, 0
10.829, -0, 0, 0, 0
10.842, -0, 0, 0, 0
10.855, -0, 0, 0, 0
10.868, -0, 0, 0, 0
10.881, -0, 0, 0, 0
10.894, -0, 0, 0, 0
10.907, -0, 0, 0, 0
10.919, -0, 0, 0, 0
10.932, -0, 0, 0, 0
10.945, -0, 0, 0, 0
10.958, -0, 0, 0, 0
10.971, -0, 0, 0, 0
10.984, -0, 0, 0, 0
10.996, -0, 0, 0, 0
11.008, -0, 0, 0, 0
11.021, -0, 0, 0, 0
11.033, -0, 0, 0, 0
11.046, -0, 0, 0, 0
11.059, -0, 0, 0, 0
11.071, -0, 0, 0, 0
11.084, -0, 0, 0, 0
11.096, -0, 0, 0, 0
11.109, -0, 0, 0, 0
11.122, -0, 0, 0, 0
11.134, -0, 0, 0, 0
11.147, -0, 0, 0, 0
11.16, -0, 0, 0, 0
11.172, -0, 0, 0, 0
11.184, -0, 0, 0, 0
11.197, -0, 0, 0, 0
11.209, -0, 0, 0, 0
11.221, -0, 0, 0, 0
11.234, -0, 0, 0, 0
11.246, -0, 0, 0, 0
11.259, -0, 0, 0, 0
11.271, -0, 0, 0, 0
11.284, -0, 0, 0, 0
11.296, -0, 0, 0, 0
11.309, -0, 0, 0, 0
11.321, -0, 0, 0, 0
11.334, -0, 0, 0, 0
11.347, -0, 0, 0, 0
11.36, -0, 0, 0, 0
11.373, -0, 0, 0, 0
11.385, -0, 0, 0, 0
11.398, -0, 0, 0, 0
11.411, -0, 0, 0, 0
11.424, -0, 0, 0, 0
11.437, -0, 0, 0, 0
11.45, -0, 0, 0, 0
11.463, -0, 0, 0, 0
11.475, -0, 0, 0, 0
11.488, -0, 0, 0, 0
11.501, -0, 0, 0, 0
11.514, -0, 0, 0, 0
11.527, -0, 0, 0, 0
11.54, -0, 0, 0, 0
11.552, -0, 0, 0, 0
11.565, -0, 0, 0, 0
11.578, -0, 0, 0, 0
11.59, -0, 0, 0, 0
11.603, -0, 0, 0, 0
11.616, -0, 0, 0, 0
11.629, -0, 0, 0, 0
11.642, -0, 0, 0, 0
11.655, -0, 0, 0, 0
11.667, -0, 0, 0, 0
11.68, -0, 0, 0, 0
11.693, -0, 0, 0, 0
11.705, -0, 0, 0, 0
11.718, -0, 0, 0, 0
11.73, -0, 0, 0, 0
11.743, -0, 0, 0, 0
11.756, -0, 0, 0, 0
11.768, -0, 0, 0, 0
11.781, -0, 0, 0, 0
11.794, -0, 0, 0, 0
11.806, -0, 0, 0, 0
11.819, -0, 0, 0, 0
11.832, -0, 0, 0, 0
11.845, -0, 0, 0, 0
11.858, -0, 0, 0, 0
11.87, -0, 0, 0, 0
11.883, -0, 0, 0, 0
11.895, -0, 0, 0, 0
11.908, -0, 0, 0, 0
11.921, -0, 0, 0, 0
11.933, -0, 0, 0, 0
11.946, -0, 0, 0, 0
11.959, -0, 0, 0, 0
11.971, -0, 0, 0, 0
11.985, -0, 0, 0, 0
11.997, -0, 0, 0, 0
12.01, -0, 0, 0, 0
12.022, -0, 0, 0, 0
12.035, -0, 0, 0, 0
12.048, -0, 0, 0, 0
12.06, -0, 0, 0, 0
12.073, -0, 0, 0, 0
12.085, -0, 0, 0, 0
12.098, -0, 0, 0, 0
12.111, -0, 0, 0, 0
12.124, -0, 0, 0, 0
12.136, -0, 0, 0, 0
12.149, -0, 0, 0, 0
12.161, -0, 0, 0, 0
12.174, -0, 0, 0, 0
12.186, -0, 0, 0, 0
12.199, -0, 0, 0, 0
12.212, -0, 0, 0, 0
12.224, -0, 0, 0, 0
12.237, -0, 0, 0, 0
12.249, -0, 0, 0, 0
12.262, -0, 0, 0, 0
12.275, -0, 0, 0, 0
12.288, -0, 0, 0, 0
12.3, -0, 0, 0, 0
12.313, -0, 0, 0, 0
12.326, -0, 0, 0, 0
12.338, -0, 0, 0, 0
12.35, -0, 0, 0, 0
12.363, -0, 0, 0, 0
12.375, -0, 0, 0, 0
12.388, -0, 0, 0, 0
12.4, -0, 0, 0, 0
12.413, -0, 0, 0, 0
12.425, -0, 0, 0, 0
12.438, -0, 0, 0, 0
12.451, -0, 0, 0, 0
12.463, -0, 0, 0, 0
12.475, -0, 0, 0, 0
12.488, -0, 0, 0, 0
12.5, -0, 0, 0, 0
12.513, -0, 0, 0, 0
12.526, -0, 0, 0, 0
12.538, -0, 0, 0, 0
12.551, -0, 0, 0, 0
12.563, -0, 0, 0, 0
12.576, -0, 0, 0, 0
12.589, -0, 0, 0, 0
12.601, -0, 0, 0, 0
12.614, -0, 0, 0, 0
12.627, -0, 0, 0, 0
12.639, -0, 0, 0, 0
12.652, -0, 0, 0, 0
12.664, -0, 0, 0, 0
12.677, -0, 0, 0, 0
12.69, -0, 0, 0, 0
12.703, -0, 0, 0, 0
12.715, -0, 0, 0, 0
12.729, -0, 0, 0, 0
12.741, -0, 0, 0, 0
12.754, -0, 0, 0, 0
12.767, -0, 0, 0, 0
12.78, -0, 0, 0, 0
12.793, -0, 0, 0, 0
12.806, -0, 0, 0, 0
12.819, -0, 0, 0, 0
12.831, -0, 0, 0, 0
12.845, -0, 0, 0, 0
12.858, -0, 0, 0, 0
12.87, -0, 0, 0, 0
12.883, -0, 0, 0, 0
12.896, -0, 0, 0, 0
12.909, -0, 0, 0, 0
12.923, -0, 0, 0, 0
12.936, -0, 0, 0, 0
12.948, -0, 0, 0, 0
12.961, -0, 0, 0, 0
12.973, -0, 0, 0, 0
12.986, -0, 0, 0, 0
12.998, -0, 0, 0, 0
13.011, -0, 0, 0, 0
13.024, -0, 0, 0, 0
13.036, -0, 0, 0, 0
13.049, -0, 0, 0, 0
13.062, -0, 0, 0, 0
13.074, -0, 0, 0, 0
13.087, -0, 0, 0, 0
13.1, -0, 0, 0, 0
13.113, -0, 0, 0, 0
13.125, -0, 0, 0, 0
13.138, -0, 0, 0, 0
13.15, -0, 0, 0, 0
13.163, -0, 0, 0, 0
13.176, -0, 0, 0, 0
13.189, -0, 0, 0, 0
13.201, -0, 0, 0, 0
13.214, -0, 0, 0, 0
13.227, -0, 0, 0, 0
13.24, -0, 0, 0, 0
13.252, -0, 0, 0, 0
13.265, -0, 0, 0, 0
13.278, -0, 0, 0, 0
13.291, -0, 0, 0, 0
13.304, -0, 0, 0, 0
13.316, -0, 0, 0, 0
13.329, -0, 0, 0, 0
13.342, -0, 0, 0, 0
13.354, -0, 0, 0, 0
13.367, -0, 0, 0, 0
13.38, -0, 0, 0, 0
13.393, -0, 0, 0, 0
13.406, -0, 0, 0, 0
13.418, -0, 0, 0, 0
13.431, -0, 0, 0, 0
13.444, -0, 0, 0, 0
13.457, -0, 0, 0, 0
13.47, -0, 0, 0, 0
13.482, -0, 0, 0, 0
13.495, -0, 0, 0, 0
13.508, -0, 0, 0, 0
13.521, -0, 0, 0, 0
13.533, -0, 0, 0, 0
13.546, -0, 0, 0, 0
13.559, -0, 0, 0, 0
13.571, -0, 0, 0, 0
13.584, -0, 0, 0, 0
13.597, -0, 0, 0, 0
13.609, -0, 0, 0, 0
13.623, -0, 0, 0, 0
13.635, -0, 0, 0, 0
13.648, -0, 0, 0, 0
13.661, -0, 0, 0, 0
13.674, -0, 0, 0, 0
13.686, -0, 0, 0, 0
13.699, -0, 0, 0, 0
13.712, -0, 0, 0, 0
13.725, -0, 0, 0, 0
13.737, -0, 0, 0, 0
13.75, -0, 0, 0, 0
13.763, -0, 0, 0, 0
13.776, -0, 0, 0, 0
13.788, -0, 0, 0, 0
13.801, -0, 0, 0, 0
13.813, -0, 0, 0, 0
13.826, -0, 0, 0, 0
13.838, -0, 0, 0, 0
13.851, -0, 0, 0, 0
13.863, -0, 0, 0, 0
13.876, -0, 0, 0, 0
13.889, -0, 0, 0, 0
13.901, -0, 0, 0, 0
13.914, -0, 0, 0, 0
13.927, -0, 0, 0, 0
13.94, -0, 0, 0, 0
13.952, -0, 0, 0, 0
13.965, -0, 0, 0, 0
13.978, -0, 0, 0, 0
13.993, -0, 0, 0, 0
14.005, -0, 0, 0, 0
14.018, -0, 0, 0, 0
14.03, -0, 0, 0, 0
14.043, -0, 0, 0, 0
14.055, -0, 0, 0, 0
14.068, -0, 0, 0, 0
14.081, -0, 0, 0, 0
14.093, -0, 0, 0, 0
14.106, -0, 0, 0, 0
14.118, -0, 0, 0, 0
14.131, -0, 0, 0, 0
14.144, -0, 0, 0, 0
14.156, -0, 0, 0, 0
14.169, -0, 0, 0, 0
14.181, -0, 0, 0, 0
14.194, -0, 0, 0, 0
14.206, -0, 0, 0, 0
14.219, -0, 0, 0, 0
14.231, -0, 0, 0, 0
14.244, -0, 0, 0, 0
14.256, -0, 0, 0, 0
14.269, -0, 0, 0, 0
14.281, -0, 0, 0, 0
14.294, -0, 0, 0, 0
14.306, -0, 0, 0, 0
14.319, -0, 0, 0, 0
14.331, -0, 0, 0, 0
14.344, -0, 0, 0, 0
14.356, -0, 0, 0, 0
14.369, -0, 0, 0, 0
14.381, -0, 0, 0, 0
14.393, -0, 0, 0, 0
14.406, -0, 0, 0, 0
14.419, -0, 0, 0, 0
14.432, -0, 0, 0, 0
14.445, -0, 0, 0, 0
14.457, -0, 0, 0, 0
14.469, -0, 0, 0, 0
14.482, -0, 0, 0, 0
14.494, -0, 0, 0, 0
14.507, -0, 0, 0, 0
14.519, -0, 0, 0, 0
14.532, -0, 0, 0, 0
14.544, -0, 0, 0, 0
14.557, -0, 0, 0, 0
14.569, -0, 0, 0, 0
14.582, -0, 0, 0, 0
14.594, -0, 0, 0, 0
14.607, -0, 0, 0, 0
14.619, -0, 0, 0, 0
14.632, -0, 0, 0, 0
14.643, -0, 0, 0, 0
14.656, -0, 0, 0, 0
14.668, -0, 0, 0, 0
14.681, -0, 0, 0, 0
14.693, -0, 0, 0, 0
14.706, -0, 0, 0, 0
14.718, -0, 0, 0, 0
14.731, -0, 0, 0, 0
14.743, -0, 0, 0, 0
14.756, -0, 0, 0, 0
14.768, -0, 0, 0, 0
14.781, -0, 0, 0, 0
14.794, -0, 0, 0, 0
14.807, -0, 0, 0, 0
14.82, -0, 0, 0, 0
14.832, -0, 0, 0, 0
14.845, -0, 0, 0, 0
14.858, -0, 0, 0, 0
14.87, -0, 0, 0, 0
14.883, -0, 0, 0, 0
14.895, -0, 0, 0, 0
14.908, -0, 0, 0, 0
14.921, -0, 0, 0, 0
14.933, -0, 0, 0, 0
14.946, -0, 0, 0, 0
14.959, -0, 0, 0, 0
14.971, -0, 0, 0, 0
14.984, -0, 0, 0, 0
14.997, -0, 0, 0, 0
15.009, -0, 0, 0, 0
15.022, -0, 0, 0, 0
15.034, -0, 0, 0, 0
15.047, -0, 0, 0, 0
15.059, -0, 0, 0, 0
15.072, -0, 0, 0, 0
15.084, -0, 0, 0, 0
15.097, -0, 0, 0, 0
15.109, -0, 0, 0, 0
15.122, -0, 0, 0, 0
15.134, -0, 0, 0, 0
15.147, -0, 0, 0, 0
15.16, -0, 0, 0, 0
15.172, -0, 0, 0, 0
15.185, -0, 0, 0, 0
15.197, -0, 0, 0, 0
15.21, -0, 0, 0, 0
15.223, -0, 0, 0, 0
15.235, -0, 0, 0, 0
15.248, -0, 0, 0, 0
15.261, -0, 0, 0, 0
15.274, -0, 0, 0, 0
15.286, -0, 0, 0, 0
15.299, -0, 0, 0, 0
15.312, -0, 0, 0, 0
15.325, -0, 0, 0, 0
15.338, -0, 0, 0, 0
15.35, -0, 0, 0, 0
15.363, -0, 0, 0, 0
15.376, -0, 0, 0, 0
15.389, -0, 0, 0, 0
15.402, -0, 0, 0, 0
15.414, -0, 0, 0, 0
15.427, -0, 0, 0, 0
15.439, -0, 0, 0, 0
15.452, -0, 0, 0, 0
15.464, -0, 0, 0, 0
15.476, -0, 0, 0, 0
15.489, -0, 0, 0, 0
15.501, -0, 0, 0, 0
15.514, -0, 0, 0, 0
15.527, -0, 0, 0, 0
15.539, -0, 0, 0, 0
15.552, -0, 0, 0, 0
15.564, -0, 0, 0, 0
15.577, -0, 0, 0, 0
15.59, -0, 0, 0, 0
15.602, -0, 0, 0, 0
15.615, -0, 0, 0, 0
15.627, -0, 0, 0, 0
15.64, -0, 0, 0, 0
15.653, -0, 0, 0, 0
15.665, -0, 0, 0, 0
15.678, -0, 0, 0, 0
15.691, -0, 0, 0, 0
15.703, -0, 0, 0, 0
15.716, -0, 0, 0, 0
15.729, -0, 0, 0, 0
15.742, -0, 0, 0, 0
15.755, -0, 0, 0, 0
15.768, -0, 0, 0, 0
15.78, -0, 0, 0, 0
15.793, -0, 0, 0, 0
15.805, -0, 0, 0, 0
15.818, -0, 0, 0, 0
15.83, -0, 0, 0, 0
15.843, -0, 0, 0, 0
15.856, -0, 0, 0, 0
15.868, -0, 0, 0, 0
15.881, -0, 0, 0, 0
15.894, -0, 0, 0, 0
15.906, -0, 0, 0, 0
15.918, -0, 0, 0, 0
15.93, -0, 0, 0, 0
15.943, -0, 0, 0, 0
15.956, -0, 0, 0, 0
15.969, -0, 0, 0, 0
15.982, -0, 0, 0, 0
15.994, -0, 0, 0, 0
16.007, -0, 0, 0, 0
16.02, -0, 0, 0, 0
16.033, -0, 0, 0, 0
16.046, -0, 0, 0, 0
16.059, -0, 0, 0, 0
16.072, -0, 0, 0, 0
16.085, -0, 0, 0, 0
16.097, -0, 0, 0, 0
16.11, -0, 0, 0, 0
16.123, -0, 0, 0, 0
16.136, -0, 0, 0, 0
16.149, -0, 0, 0, 0
16.162, -0, 0, 0, 0
16.174, -0, 0, 0, 0
16.187, -0, 0, 0, 0
16.2, -0, 0, 0, 0
16.213, -0, 0, 0, 0
16.226, -0, 0, 0, 0
16.239, -0, 0, 0, 0
16.252, -0, 0, 0, 0
16.265, -0, 0, 0, 0
16.277, -0, 0, 0, 0
16.29, -0, 0, 0, 0
16.304, -0, 0, 0, 0
16.317, -0, 0, 0, 0
16.331, -0, 0, 0, 0
16.344, -0, 0, 0, 0
16.357, -0, 0, 0, 0
16.371, -0, 0, 0, 0
16.384, -0, 0, 0, 0
16.397, -0, 0, 0, 0
16.41, -0, 0, 0, 0
16.423, -0, 0, 0, 0
16.435, -0, 0, 0, 0
16.448, -0, 0, 0, 0
16.461, -0, 0, 0, 0
16.474, -0, 0, 0, 0
16.486, -0, 0, 0, 0
16.498, -0, 0, 0, 0
16.511, -0, 0, 0, 0
16.523, -0, 0, 0, 0
16.536, -0, 0, 0, 0
16.548, -0, 0, 0, 0
16.561, -0, 0, 0, 0
16.574, -0, 0, 0, 0
16.586, -0, 0, 0, 0
16.599, -0, 0, 0, 0
16.612, -0, 0, 0, 0
16.624, -0, 0, 0, 0
16.637, -0, 0, 0, 0
16.65, -0, 0, 0, 0
16.662, -0, 0, 0, 0
16.675, -0, 0, 0, 0
16.687, -0, 0, 0, 0
16.7, -0, 0, 0, 0
16.713, -0, 0, 0, 0
16.725, -0, 0, 0, 0
16.738, -0, 0, 0, 0
16.751, -0, 0, 0, 0
16.764, -0, 0, 0, 0
16.777, -0, 0, 0, 0
16.789, -0, 0, 0, 0
16.802, -0, 0, 0, 0
16.814, -0, 0, 0, 0
16.827, -0, 0, 0, 0
16.839, -0, 0, 0, 0
16.852, -0, 0, 0, 0
16.864, -0, 0, 0, 0
16.877, -0, 0, 0, 0
16.89, -0, 0, 0, 0
16.902, -0, 0, 0, 0
16.915, -0, 0, 0, 0
16.928, -0, 0, 0, 0
16.94, -0, 0, 0, 0
16.953, -0, 0, 0, 0
16.966, -0, 0, 0, 0
16.978, -0, 0, 0, 0
16.991, -0, 0, 0, 0
17.003, -0, 0, 0, 0
17.016, -0, 0, 0, 0
17.029, -0, 0, 0, 0
17.042, -0, 0, 0, 0
17.055, -0, 0, 0, 0
17.067, -0, 0, 0, 0
17.08, -0, 0, 0, 0
17.093, -0, 0, 0, 0
17.106, -0, 0, 0, 0
17.119, -0, 0, 0, 0
17.132, -0, 0, 0, 0
17.145, -0, 0, 0, 0
17.158, -0, 0, 0, 0
17.172, -0, 0, 0, 0
17.184, -0, 0, 0, 0
17.197, -0, 0, 0, 0
17.209, -0, 0, 0, 0
17.222, -0, 0, 0, 0
17.234, -0, 0, 0, 0
17.247, -0, 0, 0, 0
17.259, -0, 0, 0, 0
17.272, -0, 0, 0, 0
17.285, -0, 0, 0, 0
17.297, -0, 0, 0, 0
17.31, -0, 0, 0, 0
17.323, -0, 0, 0, 0
17.335, -0, 0, 0, 0
17.348, -0, 0, 0, 0
17.361, -0, 0, 0, 0
17.374, -0, 0, 0, 0
17.387, -0, 0, 0, 0
17.399, -0, 0, 0, 0
17.412, -0, 0, 0, 0
17.424, -0, 0, 0, 0
17.437, -0, 0, 0, 0
17.45, -0, 0, 0, 0
17.462, -0, 0, 0, 0
17.475, -0, 0, 0, 0
17.488, -0, 0, 0, 0
17.501, -0, 0, 0, 0
17.514, -0, 0, 0, 0
17.526, -0, 0, 0, 0
17.539, -0, 0, 0, 0
17.552, -0, 0, 0, 0
17.565, -0, 0, 0, 0
17.577, -0, 0, 0, 0
17.59, -0, 0, 0, 0
17.603, -0, 0, 0, 0
17.615, -0, 0, 0, 0
17.628, -0, 0, 0, 0
17.641, -0, 0, 0, 0
17.654, -0, 0, 0, 0
17.667, -0, 0, 0, 0
17.68, -0, 0, 0, 0
17.693, -0, 0, 0, 0
17.705, -0, 0, 0, 0
17.718, -0, 0, 0, 0
17.731, -0, 0, 0, 0
17.744, -0, 0, 0, 0
17.757, -0, 0, 0, 0
17.77, -0, 0, 0, 0
17.783, -0, 0, 0, 0
17.795, -0, 0, 0, 0
17.809, -0, 0, 0, 0
17.822, -0, 0, 0, 0
17.835, -0, 0, 0, 0
17.848, -0, 0, 0, 0
17.861, -0, 0, 0, 0
17.874, -0, 0, 0, 0
17.886, -0, 0, 0, 0
17.899, -0, 0, 0, 0
17.912, -0, 0, 0, 0
17.925, -0, 0, 0, 0
17.938, -0, 0, 0, 0
17.951, -0, 0, 0, 0
17.964, -0, 0, 0, 0
17.976, -0, 0, 0, 0
17.989, -0, 0, 0, 0
18.002, -0, 0, 0, 0
18.015, -0, 0, 0, 0
18.029, -0, 0, 0, 0
18.041, -0, 0, 0, 0
18.054, -0, 0, 0, 0
18.067, -0, 0, 0, 0
18.08, -0, 0, 0, 0
18.093, -0, 0, 0, 0
18.105, -0, 0, 0, 0
18.118, -0, 0, 0, 0
18.131, -0, 0, 0, 0
18.144, -0, 0, 0, 0
18.157, -0, 0, 0, 0
18.17, -0, 0, 0, 0
18.183, -0, 0, 0, 0
18.196, -0, 0, 0, 0
18.208, -0, 0, 0, 0
18.221, -0, 0, 0, 0
18.233, -0, 0, 0, 0
18.246, -0, 0, 0, 0
18.258, -0, 0, 0, 0
18.271, -0, 0, 0, 0
18.283, -0, 0, 0, 0
18.295, -0, 0, 0, 0
18.308, -0, 0, 0, 0
18.321, -0, 0, 0, 0
18.333, -0, 0, 0, 0
18.346, -0, 0, 0, 0
18.358, -0, 0, 0, 0
18.371, -0, 0, 0, 0
18.384, -0, 0, 0, 0
18.397, -0, 0, 0, 0
18.409, -0, 0, 0, 0
18.422, -0, 0, 0, 0
18.435, -0, 0, 0, 0
18.448, -0, 0, 0, 0
18.461, -0, 0, 0, 0
18.473, -0, 0, 0, 0
18.486, -0, 0, 0, 0
18.499, -0, 0, 0, 0
18.511, -0, 0, 0, 0
18.524, -0, 0, 0, 0
18.537, -0, 0, 0, 0
18.549, -0, 0, 0, 0
18.562, -0, 0, 0, 0
18.575, -0, 0, 0, 0
18.588, -0, 0, 0, 0
18.6, -0, 0, 0, 0
18.613, -0, 0, 0, 0
18.625, -0, 0, 0, 0
18.639, -0, 0, 0, 0
18.652, -0, 0, 0, 0
18.665, -0, 0, 0, 0
18.677, -0, 0, 0, 0
18.69, -0, 0, 0, 0
18.702, -0, 0, 0, 0
18.715, -0, 0, 0, 0
18.728, -0, 0, 0, 0
18.741, -0, 0, 0, 0
18.753, -0, 0, 0, 0
18.766, -0, 0, 0, 0
18.779, -0, 0, 0, 0
18.792, -0, 0, 0, 0
18.804, -0, 0, 0, 0
18.817, -0, 0, 0, 0
18.83, -0, 0, 0, 0
18.843, -0, 0, 0, 0
18.856, -0, 0, 0, 0
18.869, -0, 0, 0, 0
18.882, -0, 0, 0, 0
18.895, -0, 0, 0, 0
18.908, -0, 0, 0, 0
18.92, -0, 0, 0, 0
18.933, -0, 0, 0, 0
18.945, -0, 0, 0, 0
18.958, -0, 0, 0, 0
18.97, -0, 0, 0, 0
18.983, -0, 0, 0, 0
18.996, -0, 0, 0, 0
19.008, -0, 0, 0, 0
19.021, -0, 0, 0, 0
19.034, -0, 0, 0, 0
19.046, -0, 0, 0, 0
19.059, -0, 0, 0, 0
19.071, -0, 0, 0, 0
19.084, -0, 0, 0, 0
19.097, -0, 0, 0, 0
19.11, -0, 0, 0, 0
19.122, -0, 0, 0, 0
19.135, -0, 0, 0, 0
19.148, -0, 0, 0, 0
19.161, -0, 0, 0, 0
19.173, -0, 0, 0, 0
19.186, -0, 0, 0, 0
19.199, -0, 0, 0, 0
19.211, -0, 0, 0, 0
19.224, -0, 0, 0, 0
19.236, -0, 0, 0, 0
19.249, -0, 0, 0, 0
19.262, -0, 0, 0, 0
19.275, -0, 0, 0, 0
19.287, -0, 0, 0, 0
19.3, -0, 0, 0, 0
19.313, -0, 0, 0, 0
19.325, -0, 0, 0, 0
19.338, -0, 0, 0, 0
19.351, -0, 0, 0, 0
19.364, -0, 0, 0, 0
19.376, -0, 0, 0, 0
19.389, -0, 0, 0, 0
19.402, -0, 0, 0, 0
19.415, -0, 0, 0, 0
19.427, -0, 0, 0, 0
19.44, -0, 0, 0, 0
19.453, -0, 0, 0, 0
19.466, -0, 0, 0, 0
19.478, -0, 0, 0, 0
19.491, -0, 0, 0, 0
19.504, -0, 0, 0, 0
19.517, -0, 0, 0, 0
19.529, -0, 0, 0, 0
19.542, -0, 0, 0, 0
19.555, -0, 0, 0, 0
19.567, -0, 0, 0, 0
19.58, -0, 0, 0, 0
19.593, -0, 0, 0, 0
19.605, -0, 0, 0, 0
19.618, -0, 0, 0, 0
19.631, -0, 0, 0, 0
19.644, -0, 0, 0, 0
19.656, -0, 0, 0, 0
19.669, -0, 0, 0, 0
19.682, -0, 0, 0, 0
19.694, -0, 0, 0, 0
19.707, -0, 0, 0, 0
19.72, -0, 0, 0, 0
19.733, -0, 0, 0, 0
19.745, -0, 0, 0, 0
19.758, -0, 0, 0, 0
19.77, -0, 0, 0, 0
19.783, -0, 0, 0, 0
19.797, -0, 0, 0, 0
19.809, -0, 0, 0, 0
19.822, -0, 0, 0, 0
19.835, -0, 0, 0, 0
19.847, -0, 0, 0, 0
19.86, -0, 0, 0, 0
19.873, -0, 0, 0, 0
19.885, -0, 0, 0, 0
19.898, -0, 0, 0, 0
19.911, -0, 0, 0, 0
19.924, -0, 0, 0, 0
19.937, -0, 0, 0, 0
19.95, -0, 0, 0, 0
19.963, -0, 0, 0, 0
19.975, -0, 0, 0, 0
19.988, -0, 0, 0, 0
20.001, -0, 0, 0, 0
20.014, -0, 0, 0, 0
20.027, -0, 0, 0, 0
20.04, -0, 0, 0, 0
20.053, -0, 0, 0, 0
20.066, -0, 0, 0, 0
20.079, -0, 0, 0, 0
20.092, -0, 0, 0, 0
20.104, -0, 0, 0, 0
20.117, -0, 0, 0, 0
20.13, -0, 0, 0, 0
20.143, -0, 0, 0, 0
20.156, -0, 0, 0, 0
20.169, -0, 0, 0, 0
20.181, -0, 0, 0, 0
20.194, -0, 0, 0, 0
20.206, -0, 0, 0, 0
20.219, -0, 0, 0, 0
20.232, -0, 0, 0, 0
20.245, -0, 0, 0, 0
20.258, -0, 0, 0, 0
20.271, -0, 0, 0, 0
20.283, -0, 0, 0, 0
20.296, -0, 0, 0, 0
20.309, -0, 0, 0, 0
20.321, -0, 0, 0, 0
20.334, -0, 0, 0, 0
20.347, -0, 0, 0, 0
20.36, -0, 0, 0, 0
20.373, -0, 0, 0, 0
20.386, -0, 0, 0, 0
20.398, -0, 0, 0, 0
20.411, -0, 0, 0, 0
20.424, -0, 0, 0, 0
20.437, -0, 0, 0, 0
20.45, -0, 0, 0, 0
20.462, -0, 0, 0, 0
20.475, -0, 0, 0, 0
20.488, -0, 0, 0, 0
20.501, -0, 0, 0, 0
20.514, -0, 0, 0, 0
20.526, -0, 0, 0, 0
20.539, -0, 0, 0, 0
20.551, -0, 0, 0, 0
20.563, -0, 0, 0, 0
20.576, -0, 0, 0, 0
20.589, -0, 0, 0, 0
20.601, -0, 0, 0, 0
20.614, -0, 0, 0, 0
20.626, -0, 0, 0, 0
20.639, -0, 0, 0, 0
20.651, -0, 0, 0, 0
20.664, -0, 0, 0, 0
20.677, -0, 0, 0, 0
20.689, -0, 0, 0, 0
20.701, -0, 0, 0, 0
20.714, -0, 0, 0, 0
20.726, -0, 0, 0, 0
20.739, -0, 0, 0, 0
20.751, -0, 0, 0, 0
20.764, -0, 0, 0, 0
20.776, -0, 0, 0, 0
20.789, -0, 0, 0, 0
20.801, -0, 0, 0, 0
20.814, -0, 0, 0, 0
20.827, -0, 0, 0, 0
20.839, -0, 0, 0, 0
20.852, -0, 0, 0, 0
20.865, -0, 0, 0, 0
20.878, -0, 0, 0, 0
20.89, -0, 0, 0, 0
20.903, -0, 0, 0, 0
20.916, -0, 0, 0, 0
20.928, -0, 0, 0, 0
20.941, -0, 0, 0, 0
20.954, -0, 0, 0, 0
20.966, -0, 0, 0, 0
20.979, -0, 0, 0, 0
20.992, -0, 0, 0, 0
21.005, -0, 0, 0, 0
21.017, -0, 0, 0, 0
21.03, -0, 0, 0, 0
21.042, -0, 0, 0, 0
21.055, -0, 0, 0, 0
21.067, -0, 0, 0, 0
21.08, -0, 0, 0, 0
21.092, -0, 0, 0, 0
21.105, -0, 0, 0, 0
21.118, -0, 0, 0, 0
21.13, -0, 0, 0, 0
21.143, -0, 0, 0, 0
21.156, -0, 0, 0, 0
21.168, -0, 0, 0, 0
21.18, -0, 0, 0, 0
21.193, -0, 0, 0, 0
21.206, -0, 0, 0, 0
21.219, -0, 0, 0, 0
21.232, -0, 0, 0, 0
21.245, -0, 0, 0, 0
21.257, -0, 0, 0, 0
21.27, -0, 0, 0, 0
21.284, -0, 0, 0, 0
21.296, -0, 0, 0, 0
21.309, -0, 0, 0, 0
21.322, -0, 0, 0, 0
21.334, -0, 0, 0, 0
21.347, -0, 0, 0, 0
21.36, -0, 0, 0, 0
21.373, -0, 0, 0, 0
21.386, -0, 0, 0, 0
21.398, -0, 0, 0, 0
21.411, -0, 0, 0, 0
21.424, -0, 0, 0, 0
21.436, -0, 0, 0, 0
21.449, -0, 0, 0, 0
21.462, -0, 0, 0, 0
21.474, -0, 0, 0, 0
21.487, -0, 0, 0, 0
21.5, -0, 0, 0, 0
21.513, -0, 0, 0, 0
21.525, -0, 0, 0, 0
21.538, -0, 0, 0, 0
21.551, -0, 0, 0, 0
21.564, -0, 0, 0, 0
21.577, -0, 0, 0, 0
21.589, -0, 0, 0, 0
21.602, -0, 0, 0, 0
21.615, -0, 0, 0, 0
21.627, -0, 0, 0, 0
21.64, -0, 0, 0, 0
21.653, -0, 0, 0, 0
21.666, -0, 0, 0, 0
21.679, -0, 0, 0, 0
21.691, -0, 0, 0, 0
21.703, -0, 0, 0, 0
21.715, -0, 0, 0, 0
21.728, -0, 0, 0, 0
21.741, -0, 0, 0, 0
21.753, -0, 0, 0, 0
21.766, -0, 0, 0, 0
21.779, -0, 0, 0, 0
21.792, -0, 0, 0, 0
21.804, -0, 0, 0, 0
21.817, -0, 0, 0, 0
21.831, -0, 0, 0, 0
21.844, -0, 0, 0, 0
21.857, -0, 0, 0, 0
21.869, -0, 0, 0, 0
21.882, -0, 0, 0, 0
21.896, -0, 0, 0, 0
21.909, -0, 0, 0, 0
21.922, -0, 0, 0, 0
21.935, -0, 0, 0, 0
21.947, -0, 0, 0, 0
21.96, -0, 0, 0, 0
21.973, -0, 0, 0, 0
21.986, -0, 0, 0, 0
21.999, -0, 0, 0, 0
22.011, -0, 0, 0, 0
22.025, -0, 0, 0, 0
22.037, -0, 0, 0, 0
22.05, -0, 0, 0, 0
22.063, -0, 0, 0, 0
22.076, -0, 0, 0, 0
22.089, -0, 0, 0, 0
22.102, -0, 0, 0, 0
22.115, -0, 0, 0, 0
22.128, -0, 0, 0, 0
22.14, -0, 0, 0, 0
22.153, -0, 0, 0, 0
22.165, -0, 0, 0, 0
22.178, -0, 0, 0, 0
22.191, -0, 0, 0, 0
22.204, -0, 0, 0, 0
22.216, -0, 0, 0, 0
22.229, -0, 0, 0, 0
22.241, -0, 0, 0, 0
22.254, -0, 0, 0, 0
22.267, -0, 0, 0, 0
22.28, -0, 0, 0, 0
22.292, -0, 0, 0, 0
22.305, -0, 0, 0, 0
22.318, -0, 0, 0, 0
22.331, -0, 0, 0, 0
22.343, -0, 0, 0, 0
22.359, -0, 0, 0, 0
22.371, -0, 0, 0, 0
22.383, -0, 0, 0, 0
22.396, -0, 0, 0, 0
22.409, -0, 0, 0, 0
22.422, -0, 0, 0, 0
22.435, -0, 0, 0, 0
22.447, -0, 0, 0, 0
22.46, -0, 0, 0, 0
22.472, -0, 0, 0, 0
22.485, -0, 0, 0, 0
22.497, -0, 0, 0, 0
22.51, -0, 0, 0, 0
22.522, -0, 0, 0, 0
22.535, -0, 0, 0, 0
22.547, -0, 0, 0, 0
22.56, -0, 0, 0, 0
22.573, -0, 0, 0, 0
22.585, -0, 0, 0, 0
22.598, -0, 0, 0, 0
22.611, -0, 0, 0, 0
22.623, -0, 0, 0, 0
22.637, -0, 0, 0, 0
22.649, -0, 0, 0, 0
22.662, -0, 0, 0, 0
22.675, -0, 0, 0, 0
22.688, -0, 0, 0, 0
22.701, -0, 0, 0, 0
22.713, -0, 0, 0, 0
22.726, -0, 0, 0, 0
22.739, -0, 0, 0, 0
22.752, -0, 0, 0, 0
22.765, -0, 0, 0, 0
22.777, -0, 0, 0, 0
22.79, -0, 0, 0, 0
22.802, -0, 0, 0, 0
22.815, -0, 0, 0, 0
22.828, -0, 0, 0, 0
22.84, -0, 0, 0, 0
22.853, -0, 0, 0, 0
22.866, -0, 0, 0, 0
22.879, -0, 0, 0, 0
22.892, -0, 0, 0, 0
22.905, -0, 0, 0, 0
22.917, -0, 0, 0, 0
22.93, -0, 0, 0, 0
22.943, -0, 0, 0, 0
22.956, -0, 0, 0, 0
22.969, -0, 0, 0, 0
22.981, -0, 0, 0, 0
22.994, -0, 0, 0, 0
23.007, -0, 0, 0, 0
23.019, -0, 0, 0, 0
23.032, -0, 0, 0, 0
23.045, -0, 0, 0, 0
23.058, -0, 0, 0, 0
23.07, -0, 0, 0, 0
23.083, -0, 0, 0, 0
23.096, -0, 0, 0, 0
23.109, -0, 0, 0, 0
23.122, -0, 0, 0, 0
23.134, -0, 0, 0, 0
23.147, -0, 0, 0, 0
23.16, -0, 0, 0, 0
23.173, -0, 0, 0, 0
23.186, -0, 0, 0, 0
23.199, -0, 0, 0, 0
23.211, -0, 0, 0, 0
23.224, -0, 0, 0, 0
23.237, -0, 0, 0, 0
23.25, -0, 0, 0, 0
23.263, -0, 0, 0, 0
23.275, -0, 0, 0, 0
23.288, -0, 0, 0, 0
23.301, -0, 0, 0, 0
23.313, -0, 0, 0, 0
23.326, -0, 0, 0, 0
23.338, -0, 0, 0, 0
23.351, -0, 0, 0, 0
23.364, -0, 0, 0, 0
23.377, -0, 0, 0, 0
23.39, -0, 0, 0, 0
23.402, -0, 0, 0, 0
23.415, -0, 0, 0, 0
23.428, -0, 0, 0, 0
23.44, -0, 0, 0, 0
23.453, -0, 0, 0, 0
23.465, -0, 0, 0, 0
23.478, -0, 0, 0, 0
23.49, -0, 0, 0, 0
23.503, -0, 0, 0, 0
23.515, -0, 0, 0, 0
23.528, -0, 0, 0, 0
23.54, -0, 0, 0, 0
23.553, -0, 0, 0, 0
23.566, -0, 0, 0, 0
23.578, -0, 0, 0, 0
23.591, -0, 0, 0, 0
23.604, -0, 0, 0, 0
23.617, -0, 0, 0, 0
23.629, -0, 0, 0, 0
23.642, -0, 0, 0, 0
23.655, -0, 0, 0, 0
23.667, -0, 0, 0, 0
23.68, -0, 0, 0, 0
23.693, -0, 0, 0, 0
23.705, -0, 0, 0, 0
23.718, -0, 0, 0, 0
23.731, -0, 0, 0, 0
23.743, -0, 0, 0, 0
23.756, -0, 0, 0, 0
23.768, -0, 0, 0, 0
23.781, -0, 0, 0, 0
23.794, -0, 0, 0, 0
23.806, -0, 0, 0, 0
23.819, -0, 0, 0, 0
23.832, -0, 0, 0, 0
23.844, -0, 0, 0, 0
23.857, -0, 0, 0, 0
23.87, -0, 0, 0, 0
23.883, -0, 0, 0, 0
23.896, -0, 0, 0, 0
23.909, -0, 0, 0, 0
23.921, -0, 0, 0, 0
23.934, -0, 0, 0, 0
23.948, -0, 0, 0, 0
23.961, -0, 0, 0, 0
23.974, -0, 0, 0, 0
23.987, -0, 0, 0, 0
24.001, -0, 0, 0, 0
24.014, -0, 0, 0, 0
24.026, -0, 0, 0, 0
24.039, -0, 0, 0, 0
24.051, -0, 0, 0, 0
24.064, -0, 0, 0, 0
24.077, -0, 0, 0, 0
24.09, -0, 0, 0, 0
24.103, -0, 0, 0, 0
24.116, -0, 0, 0, 0
24.129, -0, 0, 0, 0
24.141, -0, 0, 0, 0
24.154, -0, 0, 0, 0
24.167, -0, 0, 0, 0
24.18, -0, 0, 0, 0
24.193, -0, 0, 0, 0
24.206, -0, 0, 0, 0
24.219, -0, 0, 0, 0
24.232, -0, 0, 0, 0
24.243, -0, 0, 0, 0
24.256, -0, 0, 0, 0
24.268, -0, 0, 0, 0
24.281, -0, 0, 0, 0
24.293, -0, 0, 0, 0
24.306, -0, 0, 0, 0
24.318, -0, 0, 0, 0
24.331, -0, 0, 0, 0
24.344, -0, 0, 0, 0
24.356, -0, 0, 0, 0
24.369, -0, 0, 0, 0
24.381, -0, 0, 0, 0
24.395, -0, 0, 0, 0
24.407, -0, 0, 0, 0
24.42, -0, 0, 0, 0
24.433, -0, 0, 0, 0
24.446, -0, 0, 0, 0
24.459, -0, 0, 0, 0
24.472, -0, 0, 0, 0
24.484, -0, 0, 0, 0
24.497, -0, 0, 0, 0
24.51, -0, 0, 0, 0
24.522, -0, 0, 0, 0
24.535, -0, 0, 0, 0
24.548, -0, 0, 0, 0
24.561, -0, 0, 0, 0
24.573, -0, 0, 0, 0
24.586, -0, 0, 0, 0
24.598, -0, 0, 0, 0
24.611, -0, 0, 0, 0
24.624, -0, 0, 0, 0
24.636, -0, 0, 0, 0
24.649, -0, 0, 0, 0
24.661, -0, 0, 0, 0
24.674, -0, 0, 0, 0
24.686, -0, 0, 0, 0
24.698, -0, 0, 0, 0
24.711, -0, 0, 0, 0
24.723, -0, 0, 0, 0
24.736, -0, 0, 0, 0
24.749, -0, 0, 0, 0
24.762, -0, 0, 0, 0
24.774, -0, 0, 0, 0
24.787, -0, 0, 0, 0
24.8, -0, 0, 0, 0
24.813, -0, 0, 0, 0
24.825, -0, 0, 0, 0
24.838, -0, 0, 0, 0
24.85, -0, 0, 0, 0
24.863, -0, 0, 0, 0
24.876, -0, 0, 0, 0
24.889, -0, 0, 0, 0
24.901, -0, 0, 0, 0
24.914, -0, 0, 0, 0
24.927, -0, 0, 0, 0
24.939, -0, 0, 0, 0
24.952, -0, 0, 0, 0
24.965, -0, 0, 0, 0
24.978, -0, 0, 0, 0
24.99, -0, 0, 0, 0
25.003, -0, 0, 0, 0
25.016, -0, 0, 0, 0
25.029, -0, 0, 0, 0
25.042, -0, 0, 0, 0
25.054, -0, 0, 0, 0
25.067, -0, 0, 0, 0
25.079, -0, 0, 0, 0
25.092, -0, 0, 0, 0
25.105, -0, 0, 0, 0
25.117, -0, 0, 0, 0
25.129, -0, 0, 0, 0
25.142, -0, 0, 0, 0
25.154, -0, 0, 0, 0
25.167, -0, 0, 0, 0
25.18, -0, 0, 0, 0
25.192, -0, 0, 0, 0
25.205, -0, 0, 0, 0
25.218, -0, 0, 0, 0
25.231, -0, 0, 0, 0
25.243, -0, 0, 0, 0
25.256, -0, 0, 0, 0
25.269, -0, 0, 0, 0
25.282, -0, 0, 0, 0
25.295, -0, 0, 0, 0
25.308, -0, 0, 0, 0
25.32, -0, 0, 0, 0
25.333, -0, 0, 0, 0
25.345, -0, 0, 0, 0
25.358, -0, 0, 0, 0
25.37, -0, 0, 0, 0
25.382, -0, 0, 0, 0
25.395, -0, 0, 0, 0
25.407, -0, 0, 0, 0
25.42, -0, 0, 0, 0
25.432, -0, 0, 0, 0
25.445, -0, 0, 0, 0
25.458, -0, 0, 0, 0
25.47, -0, 0, 0, 0
25.483, -0, 0, 0, 0
25.495, -0, 0, 0, 0
25.508, -0, 0, 0, 0
25.52, -0, 0, 0, 0
25.533, -0, 0, 0, 0
25.545, -0, 0, 0, 0
25.558, -0, 0, 0, 0
25.571, -0, 0, 0, 0
25.583, -0, 0, 0, 0
25.596, -0, 0, 0, 0
25.608, -0, 0, 0, 0
25.621, -0, 0, 0, 0
25.634, -0, 0, 0, 0
25.647, -0, 0, 0, 0
25.659, -0, 0, 0, 0
25.672, -0, 0, 0, 0
25.685, -0, 0, 0, 0
25.698, -0, 0, 0, 0
25.711, -0, 0, 0, 0
25.724, -0, 0, 0, 0
25.736, -0, 0, 0, 0
25.749, -0, 0, 0, 0
25.762, -0, 0, 0, 0
25.775, -0, 0, 0, 0
25.787, -0, 0, 0, 0
25.8, -0, 0, 0, 0
25.813, -0, 0, 0, 0
25.826, -0, 0, 0, 0
25.838, -0, 0, 0, 0
25.851, -0, 0, 0, 0
25.863, -0, 0, 0, 0
25.876, -0, 0, 0, 0
25.889, -0, 0, 0, 0
25.902, -0, 0, 0, 0
25.915, -0, 0, 0, 0
25.928, -0, 0, 0, 0
25.941, -0, 0, 0, 0
25.954, -0, 0, 0, 0
25.966, -0, 0, 0, 0
25.979, -0, 0, 0, 0
25.992, -0, 0, 0, 0
26.005, -0, 0, 0, 0
26.019, -0, 0, 0, 0
26.032, -0, 0, 0, 0
26.045, -0, 0, 0, 0
26.058, -0, 0, 0, 0
26.071, -0, 0, 0, 0
26.084, -0, 0, 0, 0
26.097, -0, 0, 0, 0
26.11, -0, 0, 0, 0
26.123, -0, 0, 0, 0
26.135, -0, 0, 0, 0
26.148, -0, 0, 0, 0
26.162, -0, 0, 0, 0
26.174, -0, 0, 0, 0
26.187, -0, 0, 0, 0
26.2, -0, 0, 0, 0
26.213, -0, 0, 0, 0
26.226, -0, 0, 0, 0
26.239, -0, 0, 0, 0
26.251, -0, 0, 0, 0
26.264, -0, 0, 0, 0
26.277, -0, 0, 0, 0
26.29, -0, 0, 0, 0
26.303, -0, 0, 0, 0
26.316, -0, 0, 0, 0
26.328, -0, 0, 0, 0
26.34, -0, 0, 0, 0
26.353, -0, 0, 0, 0
26.365, -0, 0, 0, 0
26.378, -0, 0, 0, 0
26.39, -0, 0, 0, 0
26.403, -0, 0, 0, 0
26.416, -0, 0, 0, 0
26.428, -0, 0, 0, 0
26.441, -0, 0, 0, 0
26.454, -0, 0, 0, 0
26.466, -0, 0, 0, 0
26.479, -0, 0, 0, 0
26.492, -0, 0, 0, 0
26.505, -0, 0, 0, 0
26.517, -0, 0, 0, 0
26.53, -0, 0, 0, 0
26.542, -0, 0, 0, 0
26.555, -0, 0, 0, 0
26.568, -0, 0, 0, 0
26.58, -0, 0, 0, 0
26.593, -0, 0, 0, 0
26.606, -0, 0, 0, 0
26.618, -0, 0, 0, 0
26.631, -0, 0, 0, 0
26.644, -0, 0, 0, 0
26.657, -0, 0, 0, 0
26.669, -0, 0, 0, 0
26.682, -0, 0, 0, 0
26.695, -0, 0, 0, 0
26.709, -0, 0, 0, 0
26.722, -0, 0, 0, 0
26.735, -0, 0, 0, 0
26.748, -0, 0, 0, 0
26.761, -0, 0, 0, 0
26.774, -0, 0, 0, 0
26.787, -0, 0, 0, 0
26.8, -0, 0, 0, 0
26.813, -0, 0, 0, 0
26.825, -0, 0, 0, 0
26.838, -0, 0, 0, 0
26.851, -0, 0, 0, 0
26.864, -0, 0, 0, 0
26.877, -0, 0, 0, 0
26.89, -0, 0, 0, 0
26.903, -0, 0, 0, 0
26.916, -0, 0, 0, 0
26.928, -0, 0, 0, 0
26.941, -0, 0, 0, 0
26.953, -0, 0, 0, 0
26.966, -0, 0, 0, 0
26.978, -0, 0, 0, 0
26.991, -0, 0, 0, 0
27.003, -0, 0, 0, 0
27.016, -0, 0, 0, 0
27.029, -0, 0, 0, 0
27.041, -0, 0, 0, 0
27.054, -0, 0, 0, 0
27.067, -0, 0, 0, 0
27.08, -0, 0, 0, 0
27.093, -0, 0, 0, 0
27.105, -0, 0, 0, 0
27.118, -0, 0, 0, 0
27.13, -0, 0, 0, 0
27.143, -0, 0, 0, 0
27.156, -0, 0, 0, 0
27.168, -0, 0, 0, 0
27.181, -0, 0, 0, 0
27.193, -0, 0, 0, 0
27.206, -0, 0, 0, 0
27.218, -0, 0, 0, 0
27.231, -0, 0, 0, 0
27.243, -0, 0, 0, 0
27.256, -0, 0, 0, 0
27.268, -0, 0, 0, 0
27.281, -0, 0, 0, 0
27.294, -0, 0, 0, 0
27.307, -0, 0, 0, 0
27.319, -0, 0, 0, 0
27.332, -0, 0, 0, 0
27.345, -0, 0, 0, 0
27.358, -0, 0, 0, 0
27.37, -0, 0, 0, 0
27.383, -0, 0, 0, 0
27.396, -0, 0, 0, 0
27.409, -0, 0, 0, 0
27.421, -0, 0, 0, 0
27.434, -0, 0, 0, 0
27.447, -0, 0, 0, 0
27.46, -0, 0, 0, 0
27.473, -0, 0, 0, 0
27.486, -0, 0, 0, 0
27.498, -0, 0, 0, 0
27.511, -0, 0, 0, 0
27.524, -0, 0, 0, 0
27.537, -0, 0, 0, 0
27.55, -0, 0, 0, 0
27.563, -0, 0, 0, 0
27.576, -0, 0, 0, 0
27.589, -0, 0, 0, 0
27.602, -0, 0, 0, 0
27.614, -0, 0, 0, 0
27.627, -0, 0, 0, 0
27.639, -0, 0, 0, 0
27.652, -0, 0, 0, 0
27.665, -0, 0, 0, 0
27.677, -0, 0, 0, 0
27.69, -0, 0, 0, 0
27.703, -0, 0, 0, 0
27.715, -0, 0, 0, 0
27.728, -0, 0, 0, 0
27.741, -0, 0, 0, 0
27.754, -0, 0, 0, 0
27.766, -0, 0, 0, 0
27.779, -0, 0, 0, 0
27.792, -0, 0, 0, 0
27.805, -0, 0, 0, 0
27.818, -0, 0, 0, 0
27.83, -0, 0, 0, 0
27.843, -0, 0, 0, 0
27.856, -0, 0, 0, 0
27.869, -0, 0, 0, 0
27.882, -0, 0, 0, 0
27.895, -0, 0, 0, 0
27.908, -0, 0, 0, 0
27.921, -0, 0, 0, 0
27.933, -0, 0, 0, 0
27.946, -0, 0, 0, 0
27.959, -0, 0, 0, 0
27.972, -0, 0, 0, 0
27.985, -0, 0, 0, 0
27.997, -0, 0, 0, 0
28.01, -0, 0, 0, 0
28.023, -0, 0, 0, 0
28.035, -0, 0, 0, 0
28.048, -0, 0, 0, 0
28.061, -0, 0, 0, 0
28.074, -0, 0, 0, 0
28.086, -0, 0, 0, 0
28.099, -0, 0, 0, 0
28.113, -0, 0, 0, 0
28.125, -0, 0, 0, 0
28.138, -0, 0, 0, 0
28.152, -0, 0, 0, 0
28.165, -0, 0, 0, 0
28.178, -0, 0, 0, 0
28.19, -0, 0, 0, 0
28.203, -0, 0, 0, 0
28.216, -0, 0, 0, 0
28.229, -0, 0, 0, 0
28.242, -0, 0, 0, 0
28.254, -0, 0, 0, 0
28.267, -0, 0, 0, 0
28.28, -0, 0, 0, 0
28.293, -0, 0, 0, 0
28.306, -0, 0, 0, 0
28.319, -0, 0, 0, 0
28.332, -0, 0, 0, 0
28.345, -0, 0, 0, 0
28.358, -0, 0, 0, 0
28.37, -0, 0, 0, 0
28.383, -0, 0, 0, 0
28.396, -0, 0, 0, 0
28.408, -0, 0, 0, 0
28.42, -0, 0, 0, 0
28.433, -0, 0, 0, 0
28.446, -0, 0, 0, 0
28.458, -0, 0, 0, 0
28.471, -0, 0, 0, 0
28.484, -0, 0, 0, 0
28.496, -0, 0, 0, 0
28.509, -0, 0, 0, 0
28.522, -0, 0, 0, 0
28.535, -0, 0, 0, 0
28.547, -0, 0, 0, 0
28.56, -0, 0, 0, 0
28.572, -0, 0, 0, 0
28.585, -0, 0, 0, 0
28.598, -0, 0, 0, 0
28.611, -0, 0, 0, 0
28.623, -0, 0, 0, 0
28.636, -0, 0, 0, 0
28.649, -0, 0, 0, 0
28.662, -0, 0, 0, 0
28.675, -0, 0, 0, 0
28.687, -0, 0, 0, 0
28.7, -0, 0, 0, 0
28.713, -0, 0, 0, 0
28.726, -0, 0, 0, 0
28.739, -0, 0, 0, 0
28.752, -0, 0, 0, 0
28.765, -0, 0, 0, 0
28.777, -0, 0, 0, 0
28.79, -0, 0, 0, 0
28.803, -0, 0, 0, 0
28.816, -0, 0, 0, 0
28.828, -0, 0, 0, 0
28.841, -0, 0, 0, 0
28.855, -0, 0, 0, 0
28.868, -0, 0, 0, 0
28.881, -0, 0, 0, 0
28.894, -0, 0, 0, 0
28.907, -0, 0, 0, 0
28.919, -0, 0, 0, 0
28.932, -0, 0, 0, 0
28.945, -0, 0, 0, 0
28.957, -0, 0, 0, 0
28.97, -0, 0, 0, 0
28.983, -0, 0, 0, 0
28.996, -0, 0, 0, 0
29.009, -0, 0, 0, 0
29.022, -0, 0, 0, 0
29.035, -0, 0, 0, 0
29.047, -0, 0, 0, 0
29.06, -0, 0, 0, 0
29.073, -0, 0, 0, 0
29.086, -0, 0, 0, 0
29.098, -0, 0, 0, 0
29.111, -0, 0, 0, 0
29.123, -0, 0, 0, 0
29.135, -0, 0, 0, 0
29.148, -0, 0, 0, 0
29.16, -0, 0, 0, 0
29.173, -0, 0, 0, 0
29.185, -0, 0, 0, 0
29.198, -0, 0, 0, 0
29.211, -0, 0, 0, 0
29.224, -0, 0, 0, 0
29.236, -0, 0, 0, 0
29.249, -0, 0, 0, 0
29.262, -0, 0, 0, 0
29.275, -0, 0, 0, 0
29.287, -0, 0, 0, 0
29.3, -0, 0, 0, 0
29.313, -0, 0, 0, 0
29.326, -0, 0, 0, 0
29.339, -0, 0, 0, 0
29.352, -0, 0, 0, 0
29.365, -0, 0, 0, 0
29.378, -0, 0, 0, 0
29.39, -0, 0, 0, 0
29.403, -0, 0, 0, 0
29.416, -0, 0, 0, 0
29.428, -0, 0, 0, 0
29.441, -0, 0, 0, 0
29.454, -0, 0, 0, 0
29.467, -0, 0, 0, 0
29.48, -0, 0, 0, 0
