0, 0, 0, 0, 0
0.02, 0, 360, 0, 0
0.058, 0, 360, 0, 0
0.077, 0, 360, 0, 0
0.1, 0, 360, 0, 0
0.118, 0, 360, 0, 0
0.136, 0, 360, 0, 0
0.161, 0, 360, 0, 0
0.187, 0, 360, 0, 0
0.204, 0, 360, 0, 0
0.222, 0, 360, 0, 0
0.249, 0, 360, 0, 0
0.269, 0, 360, 0, 0
0.295, 0, 360, 0, 0
0.325, 0, 360, 0, 0
0.348, 0, 360, 0, 0
0.369, 0, 360, 0, 0
0.39, 0, 360, 0, 0
0.408, 0, 360, 0, 0
0.436, 0, 360, 0, 0
0.457, 0, 360, 0, 0
0.478, 0, 360, 0, 0
0.511, 0, 360, 0, 0
0.541, 0, 360, 0, 0
0.559, 0, 360, 0, 0
0.597, 0, 360, 0, 0
0.635, 0, 360, 0, 0
0.656, 0, 360, 0, 0
0.686, 0, 360, 0, 0
0.707, 0, 360, 0, 0
0.73, 0, 360, 0, 0
0.752, 0, 360, 0, 0
0.835, 0, 360, 0, 0
0.866, 0, 360, 0, 0
0.884, 0, 360, 0, 0
0.915, 0, 360, 0, 0
1.144, 0, 360, 0, 0
1.164, 0, 360, 0, 0
1.199, 0, 360, 0, 0
1.217, 0, 360, 0, 0
1.239, 0, 360, 0, 0
1.309, 0, 360, 0, 0
1.326, 0, 360, 0, 0
1.359, 0, 360, 0, 0
1.397, 0, 360, 0, 0
1.42, 0, 360, 0, 0
1.449, 0, 360, 0, 0
1.477, 0, 360, 0, 0
1.506, 0, 360, 0, 0
1.531, 0, 360, 0, 0
1.599, 0, 360, 0, 0
1.621, 0, 360, 0, 0
1.712, 0, 360, 0, 0
1.733, 0, 360, 0, 0
1.762, 0, 360, 0, 0
1.79, 0, 360, 0, 0
1.905, 0, 360, 0, 0
1.986, 0, 360, 0, 0
2.037, 0, 360, 0, 0
2.134, 0, 360, 0, 0
2.163, 0, 360, 0, 0
2.195, 0, 360, 0, 0
2.226, 0, 360, 0, 0
2.243, 0, 360, 0, 0
2.261, 0, 360, 0, 0
2.285, 0, 360, 0, 0
2.321, 0, 360, 0, 0
2.34, 0, 360, 0, 0
2.371, 0, 360, 0, 0
2.402, 0, 360, 0, 0
2.422, 0, 360, 0, 0
2.45, 0, 360, 0, 0
2.482, 0, 360, 0, 0
2.514, 0, 360, 0, 0
2.536, 0, 360, 0, 0
2.563, 0, 360, 0, 0
2.593, 0, 360, 0, 0
2.618, 0, 360, 0, 0
2.655, 0, 360, 0, 0
2.684, 0, 360, 0, 0
2.713, 0, 360, 0, 0
2.752, 0, 360, 0, 0
2.773, 0, 360, 0, 0
2.803, 0, 360, 0, 0
2.839, 0, 360, 0, 0
2.866, 0, 360, 0, 0
2.891, 0, 360, 0, 0
2.913, 0, 360, 0, 0
2.934, 0, 360, 0, 0
2.957, 0, 360, 0, 0
2.98, 0, 360, 0, 0
3.007, 0, 360, 0, 0
3.233, 0, 360, 0, 0
3.271, 0, 360, 0, 0
3.295, 0, 360, 0, 0
3.327, 0, 360, 0, 0
3.503, 0, 360, 0, 0
3.525, 0, 360, 0, 0
3.577, 0, 360, 0, 0
3.608, 0, 360, 0, 0
3.637, 0, 360, 0, 0
3.667, 0, 360, 0, 0
3.698, 0, 360, 0, 0
3.717, 0, 360, 0, 0
3.75, 0, 360, 0, 0
3.772, 0, 360, 0, 0
3.812, 0, 360, 0, 0
3.83, 0, 360, 0, 0
3.849, 0, 360, 0, 0
3.867, 0, 360, 0, 0
3.916, 0, 360, 0, 0
3.967, 0, 360, 0, 0
3.992, 0, 360, 0, 0
4.013, 0, 360, 0, 0
4.037, 0, 360, 0, 0
4.061, 0, 360, 0, 0
4.081, 0, 360, 0, 0
4.112, 0, 360, 0, 0
4.134, 0, 360, 0, 0
4.182, 0, 360, 0, 0
4.213, 0, 360, 0, 0
4.251, 0, 360, 0, 0
4.305, 0, 360, 0, 0
4.341, 0, 360, 0, 0
4.358, 0, 360, 0, 0
4.389, 0, 360, 0, 0
4.415, 0, 360, 0, 0
4.434, 0, 360, 0, 0
4.472, 0, 360, 0, 0
4.5, 0, 360, 0, 0
4.523, 0, 360, 0, 0
4.549, 0, 360, 0, 0
4.585, 0, 360, 0, 0
4.613, 0, 360, 0, 0
4.632, 0, 360, 0, 0
4.659, 0, 360, 0, 0
4.684, 0, 360, 0, 0
4.711, 0, 360, 0, 0
4.735, 0, 360, 0, 0
4.762, 0, 360, 0, 0
4.812, 0, 360, 0, 0
4.839, 0, 360, 0, 0
4.864, 0, 360, 0, 0
4.89, 0, 360, 0, 0
4.92, 0, 360, 0, 0
4.942, 0, 360, 0, 0
4.998, 0, 360, 0, 0
5.017, 0, 360, 0, 0
5.043, 0, 360, 0, 0
5.072, 0, 360, 0, 0
5.093, 0, 360, 0, 0
5.118, 0, 360, 0, 0
5.145, 0, 360, 0, 0
5.174, 0, 360, 0, 0
5.209, 0, 360, 0, 0
5.252, 0, 360, 0, 0
5.273, 0, 360, 0, 0
5.302, 0, 360, 0, 0
5.336, 0, 360, 0, 0
5.359, 0, 360, 0, 0
5.384, 0, 360, 0, 0
5.408, 0, 360, 0, 0
5.457, 0, 360, 0, 0
5.49, 0, 360, 0, 0
5.514, 0, 360, 0, 0
5.545, 0, 360, 0, 0
5.589, 0, 360, 0, 0
5.642, 0, 360, 0, 0
5.668, 0, 360, 0, 0
5.702, 0, 360, 0, 0
5.723, 0, 360, 0, 0
5.758, 0, 360, 0, 0
5.777, 0, 360, 0, 0
5.802, 0, 360, 0, 0
6.142, 0, 360, 0, 0
6.475, 0, 360, 0, 0
6.708, 0, 360, 0, 0
6.733, 0, 360, 0, 0
6.759, 0, 360, 0, 0
6.777, 0, 360, 0, 0
6.826, 0, 360, 0, 0
6.853, 0, 360, 0, 0
6.872, 0, 360, 0, 0
6.9, 0, 360, 0, 0
6.922, 0, 360, 0, 0
6.953, 0, 360, 0, 0
6.982, 0, 360, 0, 0
7.008, 0, 360, 0, 0
7.029, 0, 360, 0, 0
7.05, 0, 360, 0, 0
7.08, 0, 360, 0, 0
7.102, 0, 360, 0, 0
7.127, 0, 360, 0, 0
7.152, 0, 360, 0, 0
7.185, 0, 360, 0, 0
7.205, 0, 360, 0, 0
7.236, 0, 360, 0, 0
7.259, 0, 360, 0, 0
7.287, 0, 360, 0, 0
7.309, 0, 360, 0, 0
7.333, 0, 360, 0, 0
7.358, 0, 360, 0, 0
7.383, 0, 360, 0, 0
7.41, 0, 360, 0, 0
7.438, 0, 360, 0, 0
7.471, 0, 360, 0, 0
7.514, 0, 360, 0, 0
7.533, 0, 360, 0, 0
7.565, 0, 360, 0, 0
7.582, 0, 360, 0, 0
7.637, 0, 360, 0, 0
7.666, 0, 360, 0, 0
7.7, 0, 360, 0, 0
7.719, 0, 360, 0, 0
7.754, 0, 360, 0, 0
7.777, 0, 360, 0, 0
7.794, 0, 360, 0, 0
7.818, 0, 360, 0, 0
7.841, 0, 360, 0, 0
7.875, 0, 360, 0, 0
7.925, 0, 360, 0, 0
7.946, 0, 360, 0, 0
7.973, 0, 360, 0, 0
8.027, 0, 360, 0, 0
8.047, 0, 360, 0, 0
8.072, 0, 360, 0, 0
8.102, 0, 360, 0, 0
8.123, 0, 360, 0, 0
8.156, 0, 360, 0, 0
8.178, 0, 360, 0, 0
8.2, 0, 360, 0, 0
8.23, 0, 360, 0, 0
8.256, 0, 360, 0, 0
8.28, 0, 360, 0, 0
8.302, 0, 360, 0, 0
8.333, 0, 360, 0, 0
8.355, 0, 360, 0, 0
8.372, 0, 360, 0, 0
8.401, 0, 360, 0, 0
8.42, 0, 360, 0, 0
8.453, 0, 360, 0, 0
8.479, 0, 360, 0, 0
8.497, 0, 360, 0, 0
8.521, 0, 360, 0, 0
8.546, 0, 360, 0, 0
8.571, 0, 360, 0, 0
8.602, 0, 360, 0, 0
8.627, 0, 360, 0, 0
8.648, 0, 360, 0, 0
8.679, 0, 360, 0, 0
8.701, 0, 360, 0, 0
8.727, 0, 360, 0, 0
8.755, 0, 360, 0, 0
8.781, 0, 360, 0, 0
8.807, 0, 360, 0, 0
8.852, 0, 360, 0, 0
8.888, 0, 360, 0, 0
8.912, 0, 360, 0, 0
8.954, 0, 360, 0, 0
8.988, 0, 360, 0, 0
9.009, 0, 360, 0, 0
9.037, 0, 360, 0, 0
9.08, 0, 360, 0, 0
9.115, 0, 360, 0, 0
9.14, 0, 360, 0, 0
9.161, 0, 360, 0, 0
9.186, 0, 360, 0, 0
9.213, 0, 360, 0, 0
9.24, 0, 360, 0, 0
9.264, 0, 360, 0, 0
9.287, 0, 360, 0, 0
9.313, 0, 360, 0, 0
9.34, 0, 360, 0, 0
9.366, 0, 360, 0, 0
9.391, 0, 360, 0, 0
9.415, 0, 360, 0, 0
9.448, 0, 360, 0, 0
9.467, 0, 360, 0, 0
9.498, 0, 360, 0, 0
9.516, 0, 360, 0, 0
9.567, 0, 360, 0, 0
9.619, 0, 360, 0, 0
9.652, 0, 360, 0, 0
9.673, 0, 360, 0, 0
9.702, 0, 360, 0, 0
9.723, 0, 360, 0, 0
9.752, 0, 360, 0, 0
9.781, 0, 360, 0, 0
9.8, 0, 360, 0, 0
9.833, 0, 360, 0, 0
9.857, 0, 360, 0, 0
9.883, 0, 360, 0, 0
9.911, 0, 360, 0, 0
9.936, 0, 360, 0, 0
9.959, 0, 360, 0, 0
9.984, 0, 360, 0, 0
10.018, 0, 360, 0, 0
10.043, 0, 360, 0, 0
10.064, 0, 360, 0, 0
10.088, 0, 360, 0, 0
10.113, 0, 360, 0, 0
10.132, 0, 360, 0, 0
10.165, 0, 360, 0, 0
10.184, 0, 360, 0, 0
10.216, 0, 360, 0, 0
10.238, 0, 360, 0, 0
10.267, 0, 360, 0, 0
10.287, 0, 360, 0, 0
10.317, 0, 360, 0, 0
10.338, 0, 360, 0, 0
10.368, 0, 360, 0, 0
10.393, 0, 360, 0, 0
10.419, 0, 360, 0, 0
10.441, 0, 360, 0, 0
10.47, 0, 360, 0, 0
10.489, 0, 360, 0, 0
10.514, 0, 360, 0, 0
10.539, 0, 360, 0, 0
10.559, 0, 360, 0, 0
10.589, 0, 360, 0, 0
10.61, 0, 360, 0, 0
10.637, 0, 360, 0, 0
10.666, 0, 360, 0, 0
10.689, 0, 360, 0, 0
10.716, 0, 360, 0, 0
10.735, 0, 360, 0, 0
10.762, 0, 360, 0, 0
10.789, 0, 360, 0, 0
10.817, 0, 360, 0, 0
10.843, 0, 360, 0, 0
10.876, 0, 360, 0, 0
10.903, 0, 360, 0, 0
10.997, 0, 360, 0, 0
11.066, 0, 360, 0, 0
11.144, 0, 360, 0, 0
11.165, 0, 360, 0, 0
11.193, 0, 360, 0, 0
11.216, 0, 360, 0, 0
11.235, 0, 360, 0, 0
11.253, 0, 360, 0, 0
11.273, 0, 360, 0, 0
11.297, 0, 360, 0, 0
11.317, 0, 360, 0, 0
11.334, 0, 360, 0, 0
11.366, 0, 360, 0, 0
11.392, 0, 360, 0, 0
11.421, 0, 360, 0, 0
11.451, 0, 360, 0, 0
11.477, 0, 360, 0, 0
11.494, 0, 360, 0, 0
11.512, 0, 360, 0, 0
11.531, 0, 360, 0, 0
11.548, 0, 360, 0, 0
11.569, 0, 360, 0, 0
11.594, 0, 360, 0, 0
11.64, 0, 360, 0, 0
11.666, 0, 360, 0, 0
11.687, 0, 360, 0, 0
11.712, 0, 360, 0, 0
11.746, 0, 360, 0, 0
11.765, 0, 360, 0, 0
11.79, 0, 360, 0, 0
11.814, 0, 360, 0, 0
11.834, 0, 360, 0, 0
11.851, 0, 360, 0, 0
11.882, 0, 360, 0, 0
11.915, 0, 360, 0, 0
11.934, 0, 360, 0, 0
11.961, 0, 360, 0, 0
11.983, 0, 360, 0, 0
12.015, 0, 360, 0, 0
12.043, 0, 360, 0, 0
12.084, 0, 360, 0, 0
12.109, 0, 360, 0, 0
12.136, 0, 360, 0, 0
12.157, 0, 360, 0, 0
12.207, 0, 360, 0, 0
12.241, 0, 360, 0, 0
12.267, 0, 360, 0, 0
12.296, 0, 360, 0, 0
12.345, 0, 360, 0, 0
12.369, 0, 360, 0, 0
12.397, 0, 360, 0, 0
12.416, 0, 360, 0, 0
12.442, 0, 360, 0, 0
12.471, 0, 360, 0, 0
12.515, 0, 360, 0, 0
12.534, 0, 360, 0, 0
12.562, 0, 360, 0, 0
12.584, 0, 360, 0, 0
12.617, 0, 360, 0, 0
12.659, 0, 360, 0, 0
12.686, 0, 360, 0, 0
12.717, 0, 360, 0, 0
12.744, 0, 360, 0, 0
12.764, 0, 360, 0, 0
12.783, 0, 360, 0, 0
12.801, 0, 360, 0, 0
12.834, 0, 360, 0, 0
12.856, 0, 360, 0, 0
12.88, 0, 360, 0, 0
13.115, 0, 360, 0, 0
13.451, 0, 360, 0, 0
13.784, 0, 360, 0, 0
14.262, 0, 360, 0, 0
14.507, 0, 360, 0, 0
14.848, 0, 360, 0, 0
15.194, 0, 360, 0, 0
15.534, 0, 360, 0, 0
15.874, 0, 360, 0, 0
16.323, 0, 360, 0, 0
16.998, 0, 360, 0, 0
17.257, 0, 360, 0, 0
17.668, 0, 360, 0, 0
18.106, 0, 360, 0, 0
18.755, 0, 360, 0, 0
19.11, 0, 360, 0, 0
19.466, 0, 360, 0, 0
19.825, 0, 360, 0, 0
20.097, 0, 360, 0, 0
20.463, 0, 360, 0, 0
20.489, 0, 360, 0, 0
20.515, 0, 360, 0, 0
20.534, 0, 360, 0, 0
20.567, 0, 360, 0, 0
20.586, 0, 360, 0, 0
20.622, 0, 360, 0, 0
20.64, 0, 360, 0, 0
20.673, 0, 360, 0, 0
20.714, 0, 360, 0, 0
20.743, 0, 360, 0, 0
20.77, 0, 360, 0, 0
20.803, 0, 360, 0, 0
20.826, 0, 360, 0, 0
20.853, 0, 360, 0, 0
20.881, 0, 360, 0, 0
20.903, 0, 360, 0, 0
20.924, 0, 360, 0, 0
20.952, 0, 360, 0, 0
20.98, 0, 360, 0, 0
21.007, 0, 360, 0, 0
21.03, 0, 360, 0, 0
21.051, 0, 360, 0, 0
21.082, 0, 360, 0, 0
21.105, 0, 360, 0, 0
21.152, 0, 360, 0, 0
21.186, 0, 360, 0, 0
21.212, 0, 360, 0, 0
21.232, 0, 360, 0, 0
21.256, 0, 360, 0, 0
21.285, 0, 360, 0, 0
21.306, 0, 360, 0, 0
21.337, 0, 360, 0, 0
21.364, 0, 360, 0, 0
21.39, 0, 360, 0, 0
21.426, 0, 360, 0, 0
21.453, 0, 360, 0, 0
21.481, 0, 360, 0, 0
21.84, 0, 360, 0, 0
22.224, 0, 360, 0, 0
22.552, 0, 360, 0, 0
22.9, 0, 360, 0, 0
23.225, 0, 360, 0, 0
23.585, 0, 360, 0, 0
23.937, 0, 360, 0, 0
24.179, 0, 360, 0, 0
24.311, 0, 360, 0, 0
24.329, 0, 360, 0, 0
24.363, 0, 360, 0, 0
24.384, 0, 360, 0, 0
24.415, 0, 360, 0, 0
24.44, 0, 360, 0, 0
24.462, 0, 360, 0, 0
24.508, 0, 360, 0, 0
24.543, 0, 360, 0, 0
24.565, 0, 360, 0, 0
24.592, 0, 360, 0, 0
24.615, 0, 360, 0, 0
24.64, 0, 360, 0, 0
24.668, 0, 360, 0, 0
24.694, 0, 360, 0, 0
24.713, 0, 360, 0, 0
24.741, 0, 360, 0, 0
24.765, 0, 360, 0, 0
24.794, 0, 360, 0, 0
24.819, 0, 360, 0, 0
24.84, 0, 360, 0, 0
24.872, 0, 360, 0, 0
24.899, 0, 360, 0, 0
24.922, 0, 360, 0, 0
24.95, 0, 360, 0, 0
24.973, 0, 360, 0, 0
24.995, 0, 360, 0, 0
25.029, 0, 360, 0, 0
25.046, 0, 360, 0, 0
25.076, 0, 360, 0, 0
25.101, 0, 360, 0, 0
25.123, 0, 360, 0, 0
25.147, 0, 360, 0, 0
25.176, 0, 360, 0, 0
25.195, 0, 360, 0, 0
25.238, 0, 360, 0, 0
25.272, 0, 360, 0, 0
25.299, 0, 360, 0, 0
25.321, 0, 360, 0, 0
25.345, 0, 360, 0, 0
25.374, 0, 360, 0, 0
25.396, 0, 360, 0, 0
25.424, 0, 360, 0, 0
25.441, 0, 360, 0, 0
25.462, 0, 360, 0, 0
25.484, 0, 360, 0, 0
25.502, 0, 360, 0, 0
25.519, 0, 360, 0, 0
25.539, 0, 360, 0, 0
25.574, 0, 360, 0, 0
25.603, 0, 360, 0, 0
25.628, 0, 360, 0, 0
25.649, 0, 360, 0, 0
25.676, 0, 360, 0, 0
25.693, 0, 360, 0, 0
25.718, 0, 360, 0, 0
25.748, 0, 360, 0, 0
25.774, 0, 360, 0, 0
25.795, 0, 360, 0, 0
25.819, 0, 360, 0, 0
25.845, 0, 360, 0, 0
25.87, 0, 360, 0, 0
25.9, 0, 360, 0, 0
25.923, 0, 360, 0, 0
25.949, 0, 360, 0, 0
25.978, 0, 360, 0, 0
26.003, 0, 360, 0, 0
26.054, 0, 360, 0, 0
26.082, 0, 360, 0, 0
26.116, 0, 360, 0, 0
26.14, 0, 360, 0, 0
26.163, 0, 360, 0, 0
26.193, 0, 360, 0, 0
26.219, 0, 360, 0, 0
26.239, 0, 360, 0, 0
26.257, 0, 360, 0, 0
26.282, 0, 360, 0, 0
26.307, 0, 360, 0, 0
26.333, 0, 360, 0, 0
26.386, 0, 360, 0, 0
26.41, 0, 360, 0, 0
26.433, 0, 360, 0, 0
26.461, 0, 360, 0, 0
26.488, 0, 360, 0, 0
26.512, 0, 360, 0, 0
26.543, 0, 360, 0, 0
26.562, 0, 360, 0, 0
26.595, 0, 360, 0, 0
26.619, 0, 360, 0, 0
26.647, 0, 360, 0, 0
26.671, 0, 360, 0, 0
26.693, 0, 360, 0, 0
26.717, 0, 360, 0, 0
26.753, 0, 360, 0, 0
26.773, 0, 360, 0, 0
26.799, 0, 360, 0, 0
26.832, 0, 360, 0, 0
26.855, 0, 360, 0, 0
26.876, 0, 360, 0, 0
26.902, 0, 360, 0, 0
26.92, 0, 360, 0, 0
26.946, 0, 360, 0, 0
26.973, 0, 360, 0, 0
27.002, 0, 360, 0, 0
27.036, 0, 360, 0, 0
27.084, 0, 360, 0, 0
27.101, 0, 360, 0, 0
27.134, 0, 360, 0, 0
27.153, 0, 360, 0, 0
27.182, 0, 360, 0, 0
27.211, 0, 360, 0, 0
27.235, 0, 360, 0, 0
27.264, 0, 360, 0, 0
27.284, 0, 360, 0, 0
27.312, 0, 360, 0, 0
27.341, 0, 360, 0, 0
27.359, 0, 360, 0, 0
27.384, 0, 360, 0, 0
27.413, 0, 360, 0, 0
27.44, 0, 360, 0, 0
27.482, 0, 360, 0, 0
27.514, 0, 360, 0, 0
27.541, 0, 360, 0, 0
27.56, 0, 360, 0, 0
27.591, 0, 360, 0, 0
27.618, 0, 360, 0, 0
27.638, 0, 360, 0, 0
27.655, 0, 360, 0, 0
27.682, 0, 360, 0, 0
27.715, 0, 360, 0, 0
27.754, 0, 360, 0, 0
27.782, 0, 360, 0, 0
27.807, 0, 360, 0, 0
27.859, 0, 360, 0, 0
27.89, 0, 360, 0, 0
27.907, 0, 360, 0, 0
27.938, 0, 360, 0, 0
27.967, 0, 360, 0, 0
27.995, 0, 360, 0, 0
28.013, 0, 360, 0, 0
28.033, 0, 360, 0, 0
28.071, 0, 360, 0, 0
28.114, 0, 360, 0, 0
28.155, 0, 360, 0, 0
28.172, 0, 360, 0, 0
28.192, 0, 360, 0, 0
28.216, 0, 360, 0, 0
28.244, 0, 360, 0, 0
28.27, 0, 360, 0, 0
28.302, 0, 360, 0, 0
28.367, 0, 360, 0, 0
28.397, 0, 360, 0, 0
28.424, 0, 360, 0, 0
28.475, 0, 360, 0, 0
28.501, 0, 360, 0, 0
28.522, 0, 360, 0, 0
28.548, 0, 360, 0, 0
28.581, 0, 360, 0, 0
28.6, 0, 360, 0, 0
28.638, 0, 360, 0, 0
28.657, 0, 360, 0, 0
28.688, 0, 360, 0, 0
28.712, 0, 360, 0, 0
28.733, 0, 360, 0, 0
28.761, 0, 360, 0, 0
28.783, 0, 360, 0, 0
28.812, 0, 360, 0, 0
28.866, 0, 360, 0, 0
28.892, 0, 360, 0, 0
28.919, 0, 360, 0, 0
28.944, 0, 360, 0, 0
28.963, 0, 360, 0, 0
28.987, 0, 360, 0, 0
29.017, 0, 360, 0, 0
29.038, 0, 360, 0, 0
29.063, 0, 360, 0, 0
29.088, 0, 360, 0, 0
29.121, 0, 360, 0, 0
29.138, 0, 360, 0, 0
29.155, 0, 360, 0, 0
29.238, 0, 360, 0, 0
29.272, 0, 360, 0, 0
29.295, 0, 360, 0, 0
29.314, 0, 360, 0, 0
29.334, 0, 360, 0, 0
29.351, 0, 360, 0, 0
29.384, 0, 360, 0, 0
29.4, 0, 360, 0, 0
29.441, 0, 360, 0, 0
29.469, 0, 360, 0, 0
29.495, 0, 360, 0, 0
29.521, 0, 360, 0, 0
29.54, 0, 360, 0, 0
29.571, 0, 360, 0, 0
29.589, 0, 360, 0, 0
29.617, 0, 360, 0, 0
29.64, 0, 360, 0, 0
29.667, 0, 360, 0, 0
29.714, 0, 360, 0, 0
29.742, 0, 360, 0, 0
29.763, 0, 360, 0, 0
29.788, 0, 360, 0, 0
29.829, 0, 360, 0, 0
29.857, 0, 360, 0, 0
29.887, 0, 360, 0, 0
29.917, 0, 360, 0, 0
29.934, 0, 360, 0, 0
29.968, 0, 360, 0, 0
29.989, 0, 360, 0, 0
30.018, 0, 360, 0, 0
30.058, 0, 360, 0, 0
30.167, 0, 360, 0, 0
30.255, 0, 360, 0, 0
30.284, 0, 360, 0, 0
30.33, 0, 360, 0, 0
30.364, 0, 360, 0, 0
30.386, 0, 360, 0, 0
30.417, 0, 360, 0, 0
30.445, 0, 360, 0, 0
30.464, 0, 360, 0, 0
30.488, 0, 360, 0, 0
30.514, 0, 360, 0, 0
30.542, 0, 360, 0, 0
30.565, 0, 360, 0, 0
30.59, 0, 360, 0, 0
30.619, 0, 360, 0, 0
30.637, 0, 360, 0, 0
30.664, 0, 360, 0, 0
30.686, 0, 360, 0, 0
30.711, 0, 360, 0, 0
30.742, 0, 360, 0, 0
30.762, 0, 360, 0, 0
30.809, 0, 360, 0, 0
30.839, 0, 360, 0, 0
30.867, 0, 360, 0, 0
30.891, 0, 360, 0, 0
30.913, 0, 360, 0, 0
30.947, 0, 360, 0, 0
30.97, 0, 360, 0, 0
30.996, 0, 360, 0, 0
31.017, 0, 360, 0, 0
31.043, 0, 360, 0, 0
31.067, 0, 360, 0, 0
31.095, 0, 360, 0, 0
31.119, 0, 360, 0, 0
31.139, 0, 360, 0, 0
31.173, 0, 360, 0, 0
31.215, 0, 360, 0, 0
31.245, 0, 360, 0, 0
31.273, 0, 360, 0, 0
31.323, 0, 360, 0, 0
31.375, 0, 360, 0, 0
31.393, 0, 360, 0, 0
31.418, 0, 360, 0, 0
31.447, 0, 360, 0, 0
31.468, 0, 360, 0, 0
31.495, 0, 360, 0, 0
31.518, 0, 360, 0, 0
31.538, 0, 360, 0, 0
31.572, 0, 360, 0, 0
31.598, 0, 360, 0, 0
31.617, 0, 360, 0, 0
31.652, 0, 360, 0, 0
31.68, 0, 360, 0, 0
31.704, 0, 360, 0, 0
31.73, 0, 360, 0, 0
31.78, 0, 360, 0, 0
31.81, 0, 360, 0, 0
31.834, 0, 360, 0, 0
31.86, 0, 360, 0, 0
31.887, 0, 360, 0, 0
31.913, 0, 360, 0, 0
31.943, 0, 360, 0, 0
31.987, 0, 360, 0, 0
32.009, 0, 360, 0, 0
32.036, 0, 360, 0, 0
32.065, 0, 360, 0, 0
32.112, 0, 360, 0, 0
32.14, 0, 360, 0, 0
32.165, 0, 360, 0, 0
32.183, 0, 360, 0, 0
32.219, 0, 360, 0, 0
32.249, 0, 360, 0, 0
32.285, 0, 360, 0, 0
32.313, 0, 360, 0, 0
32.338, 0, 360, 0, 0
32.367, 0, 360, 0, 0
32.419, 0, 360, 0, 0
32.444, 0, 360, 0, 0
32.473, 0, 360, 0, 0
32.493, 0, 360, 0, 0
32.52, 0, 360, 0, 0
32.544, 0, 360, 0, 0
32.57, 0, 360, 0, 0
32.594, 0, 360, 0, 0
32.62, 0, 360, 0, 0
32.64, 0, 360, 0, 0
32.699, 0, 360, 0, 0
32.717, 0, 360, 0, 0
32.75, 0, 360, 0, 0
32.768, 0, 360, 0, 0
32.803, 0, 360, 0, 0
32.829, 0, 360, 0, 0
32.848, 0, 360, 0, 0
32.874, 0, 360, 0, 0
32.924, 0, 360, 0, 0
32.95, 0, 360, 0, 0
32.976, 0, 360, 0, 0
33, 0, 360, 0, 0
33.033, 0, 360, 0, 0
33.057, 0, 360, 0, 0
33.077, 0, 360, 0, 0
33.096, 0, 360, 0, 0
33.128, 0, 360, 0, 0
33.149, 0, 360, 0, 0
33.179, 0, 360, 0, 0
33.205, 0, 360, 0, 0
33.225, 0, 360, 0, 0
33.249, 0, 360, 0, 0
33.278, 0, 360, 0, 0
33.306, 0, 360, 0, 0
33.332, 0, 360, 0, 0
33.358, 0, 360, 0, 0
33.385, 0, 360, 0, 0
33.409, 0, 360, 0, 0
33.438, 0, 360, 0, 0
33.457, 0, 360, 0, 0
33.489, 0, 360, 0, 0
33.599, 0, 360, 0, 0
33.714, 0, 360, 0, 0
33.745, 0, 360, 0, 0
33.762, 0, 360, 0, 0
33.787, 0, 360, 0, 0
33.814, 0, 360, 0, 0
33.852, 0, 360, 0, 0
33.876, 0, 360, 0, 0
33.894, 0, 360, 0, 0
33.913, 0, 360, 0, 0
33.941, 0, 360, 0, 0
33.969, 0, 360, 0, 0
34.003, 0, 360, 0, 0
34.031, 0, 360, 0, 0
34.052, 0, 360, 0, 0
34.088, 0, 360, 0, 0
34.115, 0, 360, 0, 0
34.161, 0, 360, 0, 0
34.19, 0, 360, 0, 0
34.215, 0, 360, 0, 0
34.234, 0, 360, 0, 0
34.27, 0, 360, 0, 0
34.295, 0, 360, 0, 0
34.323, 0, 360, 0, 0
34.348, 0, 360, 0, 0
34.37, 0, 360, 0, 0
34.398, 0, 360, 0, 0
34.432, 0, 360, 0, 0
34.451, 0, 360, 0, 0
34.487, 0, 360, 0, 0
34.508, 0, 360, 0, 0
34.535, 0, 360, 0, 0
34.566, 0, 360, 0, 0
34.593, 0, 360, 0, 0
34.623, 0, 360, 0, 0
34.641, 0, 360, 0, 0
34.667, 0, 360, 0, 0
34.786, 0, 360, 0, 0
34.904, 0, 360, 0, 0
34.923, 0, 360, 0, 0
34.949, 0, 360, 0, 0
34.978, 0, 360, 0, 0
35.014, 0, 360, 0, 0
35.034, 0, 360, 0, 0
35.063, 0, 360, 0, 0
35.085, 0, 360, 0, 0
35.111, 0, 360, 0, 0
35.137, 0, 360, 0, 0
35.187, 0, 360, 0, 0
35.214, 0, 360, 0, 0
35.247, 0, 360, 0, 0
35.27, 0, 360, 0, 0
35.298, 0, 360, 0, 0
35.322, 0, 360, 0, 0
35.347, 0, 360, 0, 0
35.376, 0, 360, 0, 0
35.398, 0, 360, 0, 0
35.44, 0, 360, 0, 0
35.466, 0, 360, 0, 0
35.484, 0, 360, 0, 0
35.514, 0, 360, 0, 0
35.542, 0, 360, 0, 0
35.562, 0, 360, 0, 0
35.585, 0, 360, 0, 0
35.612, 0, 360, 0, 0
35.643, 0, 360, 0, 0
35.664, 0, 360, 0, 0
35.696, 0, 360, 0, 0
35.737, 0, 360, 0, 0
35.766, 0, 360, 0, 0
35.793, 0, 360, 0, 0
35.824, 0, 360, 0, 0
35.85, 0, 360, 0, 0
35.868, 0, 360, 0, 0
35.896, 0, 360, 0, 0
35.925, 0, 360, 0, 0
35.953, 0, 360, 0, 0
35.971, 0, 360, 0, 0
35.999, 0, 360, 0, 0
36.027, 0, 360, 0, 0
36.056, 0, 360, 0, 0
36.075, 0, 360, 0, 0
36.101, 0, 360, 0, 0
36.138, 0, 360, 0, 0
36.158, 0, 360, 0, 0
36.189, 0, 360, 0, 0
36.214, 0, 360, 0, 0
36.232, 0, 360, 0, 0
36.258, 0, 360, 0, 0
36.284, 0, 360, 0, 0
36.312, 0, 360, 0, 0
36.333, 0, 360, 0, 0
36.502, 0, 360, 0, 0
36.581, 0, 360, 0, 0
36.606, 0, 360, 0, 0
36.631, 0, 360, 0, 0
36.659, 0, 360, 0, 0
36.684, 0, 360, 0, 0
36.719, 0, 360, 0, 0
36.747, 0, 360, 0, 0
36.783, 0, 360, 0, 0
36.811, 0, 360, 0, 0
36.834, 0, 360, 0, 0
36.861, 0, 360, 0, 0
36.896, 0, 360, 0, 0
36.921, 0, 360, 0, 0
36.954, 0, 360, 0, 0
36.98, 0, 360, 0, 0
36.997, 0, 360, 0, 0
37.026, 0, 360, 0, 0
37.069, 0, 360, 0, 0
37.094, 0, 360, 0, 0
37.119, 0, 360, 0, 0
37.148, 0, 360, 0, 0
37.179, 0, 360, 0, 0
37.205, 0, 360, 0, 0
37.233, 0, 360, 0, 0
37.269, 0, 360, 0, 0
37.306, 0, 360, 0, 0
37.336, 0, 360, 0, 0
37.361, 0, 360, 0, 0
37.389, 0, 360, 0, 0
37.413, 0, 360, 0, 0
37.441, 0, 360, 0, 0
37.467, 0, 360, 0, 0
37.487, 0, 360, 0, 0
37.506, 0, 360, 0, 0
37.538, 0, 360, 0, 0
37.582, 0, 360, 0, 0
37.634, 0, 360, 0, 0
37.664, 0, 360, 0, 0
37.69, 0, 360, 0, 0
37.716, 0, 360, 0, 0
37.738, 0, 360, 0, 0
37.77, 0, 360, 0, 0
37.788, 0, 360, 0, 0
37.816, 0, 360, 0, 0
37.841, 0, 360, 0, 0
37.873, 0, 360, 0, 0
37.899, 0, 360, 0, 0
37.918, 0, 360, 0, 0
37.945, 0, 360, 0, 0
37.977, 0, 360, 0, 0
38.019, 0, 360, 0, 0
38.048, 0, 360, 0, 0
38.081, 0, 360, 0, 0
38.108, 0, 360, 0, 0
38.127, 0, 360, 0, 0
38.155, 0, 360, 0, 0
38.188, 0, 360, 0, 0
38.208, 0, 360, 0, 0
38.236, 0, 360, 0, 0
38.287, 0, 360, 0, 0
38.311, 0, 360, 0, 0
38.342, 0, 360, 0, 0
38.367, 0, 360, 0, 0
38.396, 0, 360, 0, 0
38.413, 0, 360, 0, 0
38.433, 0, 360, 0, 0
38.489, 0, 360, 0, 0
38.538, 0, 360, 0, 0
38.565, 0, 360, 0, 0
38.591, 0, 360, 0, 0
38.616, 0, 360, 0, 0
38.642, 0, 360, 0, 0
38.664, 0, 360, 0, 0
38.691, 0, 360, 0, 0
38.722, 0, 360, 0, 0
38.767, 0, 360, 0, 0
38.793, 0, 360, 0, 0
38.818, 0, 360, 0, 0
38.849, 0, 360, 0, 0
38.873, 0, 360, 0, 0
38.905, 0, 360, 0, 0
38.926, 0, 360, 0, 0
38.951, 0, 360, 0, 0
38.978, 0, 360, 0, 0
39.004, 0, 360, 0, 0
39.036, 0, 360, 0, 0
39.055, 0, 360, 0, 0
39.114, 0, 360, 0, 0
39.135, 0, 360, 0, 0
39.164, 0, 360, 0, 0
39.189, 0, 360, 0, 0
39.21, 0, 360, 0, 0
39.242, 0, 360, 0, 0
39.287, 0, 360, 0, 0
39.312, 0, 360, 0, 0
39.337, 0, 360, 0, 0
39.365, 0, 360, 0, 0
39.384, 0, 360, 0, 0
39.416, 0, 360, 0, 0
39.439, 0, 360, 0, 0
39.471, 0, 360, 0, 0
39.488, 0, 360, 0, 0
39.514, 0, 360, 0, 0
39.542, 0, 360, 0, 0
39.569, 0, 360, 0, 0
39.598, 0, 360, 0, 0
39.618, 0, 360, 0, 0
39.645, 0, 360, 0, 0
39.667, 0, 360, 0, 0
39.697, 0, 360, 0, 0
39.749, 0, 360, 0, 0
39.777, 0, 360, 0, 0
39.797, 0, 360, 0, 0
39.823, 0, 360, 0, 0
39.846, 0, 360, 0, 0
39.876, 0, 360, 0, 0
39.9, 0, 360, 0, 0
39.922, 0, 360, 0, 0
39.947, 0, 360, 0, 0
39.979, 0, 360, 0, 0
40.005, 0, 360, 0, 0
40.035, 0, 360, 0, 0
40.055, 0, 360, 0, 0
40.087, 0, 360, 0, 0
40.113, 0, 360, 0, 0
40.133, 0, 360, 0, 0
40.179, 0, 360, 0, 0
40.201, 0, 360, 0, 0
40.22, 0, 360, 0, 0
40.257, 0, 360, 0, 0
40.277, 0, 360, 0, 0
40.299, 0, 360, 0, 0
40.324, 0, 360, 0, 0
40.397, 0, 360, 0, 0
40.427, 0, 360, 0, 0
40.448, 0, 360, 0, 0
40.475, 0, 360, 0, 0
40.504, 0, 360, 0, 0
40.533, 0, 360, 0, 0
40.554, 0, 360, 0, 0
40.587, 0, 360, 0, 0
40.639, 0, 360, 0, 0
40.69, 0, 360, 0, 0
40.711, 0, 360, 0, 0
40.741, 0, 360, 0, 0
40.764, 0, 360, 0, 0
40.794, 0, 360, 0, 0
40.838, 0, 360, 0, 0
40.881, 0, 360, 0, 0
40.915, 0, 360, 0, 0
40.935, 0, 360, 0, 0
40.962, 0, 360, 0, 0
40.993, 0, 360, 0, 0
41.015, 0, 360, 0, 0
41.038, 0, 360, 0, 0
41.069, 0, 360, 0, 0
41.092, 0, 360, 0, 0
41.123, 0, 360, 0, 0
41.141, 0, 360, 0, 0
41.166, 0, 360, 0, 0
41.195, 0, 360, 0, 0
41.236, 0, 360, 0, 0
41.264, 0, 360, 0, 0
41.289, 0, 360, 0, 0
41.323, 0, 360, 0, 0
41.34, 0, 360, 0, 0
41.365, 0, 360, 0, 0
41.387, 0, 360, 0, 0
41.408, 0, 360, 0, 0
41.438, 0, 360, 0, 0
41.478, 0, 360, 0, 0
41.512, 0, 360, 0, 0
41.537, 0, 360, 0, 0
41.558, 0, 360, 0, 0
41.577, 0, 360, 0, 0
41.601, 0, 360, 0, 0
41.65, 0, 360, 0, 0
41.686, 0, 360, 0, 0
41.708, 0, 360, 0, 0
41.737, 0, 360, 0, 0
41.757, 0, 360, 0, 0
41.783, 0, 360, 0, 0
41.812, 0, 360, 0, 0
41.833, 0, 360, 0, 0
41.859, 0, 360, 0, 0
41.892, 0, 360, 0, 0
41.931, 0, 360, 0, 0
41.964, 0, 360, 0, 0
42.016, 0, 360, 0, 0
42.045, 0, 360, 0, 0
42.072, 0, 360, 0, 0
42.092, 0, 360, 0, 0
42.118, 0, 360, 0, 0
42.144, 0, 360, 0, 0
42.173, 0, 360, 0, 0
42.2, 0, 360, 0, 0
42.225, 0, 360, 0, 0
42.249, 0, 360, 0, 0
42.278, 0, 360, 0, 0
42.31, 0, 360, 0, 0
42.332, 0, 360, 0, 0
42.36, 0, 360, 0, 0
42.386, 0, 360, 0, 0
42.412, 0, 360, 0, 0
42.435, 0, 360, 0, 0
42.463, 0, 360, 0, 0
42.482, 0, 360, 0, 0
42.501, 0, 360, 0, 0
42.529, 0, 360, 0, 0
42.559, 0, 360, 0, 0
42.58, 0, 360, 0, 0
42.601, 0, 360, 0, 0
42.636, 0, 360, 0, 0
42.658, 0, 360, 0, 0
42.687, 0, 360, 0, 0
42.708, 0, 360, 0, 0
42.743, 0, 360, 0, 0
42.76, 0, 360, 0, 0
42.79, 0, 360, 0, 0
42.809, 0, 360, 0, 0
42.832, 0, 360, 0, 0
42.863, 0, 360, 0, 0
42.891, 0, 360, 0, 0
42.912, 0, 360, 0, 0
42.949, 0, 360, 0, 0
42.989, 0, 360, 0, 0
43.023, 0, 360, 0, 0
43.047, 0, 360, 0, 0
43.072, 0, 360, 0, 0
43.092, 0, 360, 0, 0
43.118, 0, 360, 0, 0
43.153, 0, 360, 0, 0
43.171, 0, 360, 0, 0
43.192, 0, 360, 0, 0
43.217, 0, 360, 0, 0
43.252, 0, 360, 0, 0
43.269, 0, 360, 0, 0
43.296, 0, 360, 0, 0
43.321, 0, 360, 0, 0
43.353, 0, 360, 0, 0
43.378, 0, 360, 0, 0
43.415, 0, 360, 0, 0
43.442, 0, 360, 0, 0
43.466, 0, 360, 0, 0
43.494, 0, 360, 0, 0
43.523, 0, 360, 0, 0
43.551, 0, 360, 0, 0
43.571, 0, 360, 0, 0
43.598, 0, 360, 0, 0
43.616, 0, 360, 0, 0
43.637, 0, 360, 0, 0
43.676, 0, 360, 0, 0
43.698, 0, 360, 0, 0
43.724, 0, 360, 0, 0
43.75, 0, 360, 0, 0
43.777, 0, 360, 0, 0
43.803, 0, 360, 0, 0
43.834, 0, 360, 0, 0
43.856, 0, 360, 0, 0
43.882, 0, 360, 0, 0
43.906, 0, 360, 0, 0
43.979, 0, 360, 0, 0
44.008, 0, 360, 0, 0
44.041, 0, 360, 0, 0
44.066, 0, 360, 0, 0
44.084, 0, 360, 0, 0
44.103, 0, 360, 0, 0
44.139, 0, 360, 0, 0
44.165, 0, 360, 0, 0
44.19, 0, 360, 0, 0
44.21, 0, 360, 0, 0
44.235, 0, 360, 0, 0
44.284, 0, 360, 0, 0
44.306, 0, 360, 0, 0
44.331, 0, 360, 0, 0
44.356, 0, 360, 0, 0
44.387, 0, 360, 0, 0
44.436, 0, 360, 0, 0
44.458, 0, 360, 0, 0
44.49, 0, 360, 0, 0
44.515, 0, 360, 0, 0
44.537, 0, 360, 0, 0
44.565, 0, 360, 0, 0
44.614, 0, 360, 0, 0
44.642, 0, 360, 0, 0
44.669, 0, 360, 0, 0
44.695, 0, 360, 0, 0
44.717, 0, 360, 0, 0
44.749, 0, 360, 0, 0
44.779, 0, 360, 0, 0
44.8, 0, 360, 0, 0
44.825, 0, 360, 0, 0
44.85, 0, 360, 0, 0
44.882, 0, 360, 0, 0
44.907, 0, 360, 0, 0
44.928, 0, 360, 0, 0
44.96, 0, 360, 0, 0
45.033, 0, 360, 0, 0
45.051, 0, 360, 0, 0
45.077, 0, 360, 0, 0
45.107, 0, 360, 0, 0
45.128, 0, 360, 0, 0
45.152, 0, 360, 0, 0
45.204, 0, 360, 0, 0
45.239, 0, 360, 0, 0
45.262, 0, 360, 0, 0
45.291, 0, 360, 0, 0
45.314, 0, 360, 0, 0
45.334, 0, 360, 0, 0
45.363, 0, 360, 0, 0
45.394, 0, 360, 0, 0
45.419, 0, 360, 0, 0
45.444, 0, 360, 0, 0
45.466, 0, 360, 0, 0
45.499, 0, 360, 0, 0
45.516, 0, 360, 0, 0
45.547, 0, 360, 0, 0
45.575, 0, 360, 0, 0
45.599, 0, 360, 0, 0
45.622, 0, 360, 0, 0
45.662, 0, 360, 0, 0
45.754, 0, 360, 0, 0
45.797, 0, 360, 0, 0
45.825, 0, 360, 0, 0
45.886, 0, 360, 0, 0
45.905, 0, 360, 0, 0
45.941, 0, 360, 0, 0
45.966, 0, 360, 0, 0
45.993, 0, 360, 0, 0
46.019, 0, 360, 0, 0
46.039, 0, 360, 0, 0
46.057, 0, 360, 0, 0
46.114, 0, 360, 0, 0
46.16, 0, 360, 0, 0
46.189, 0, 360, 0, 0
46.213, 0, 360, 0, 0
46.24, 0, 360, 0, 0
46.263, 0, 360, 0, 0
46.29, 0, 360, 0, 0
46.321, 0, 360, 0, 0
46.366, 0, 360, 0, 0
46.416, 0, 360, 0, 0
46.45, 0, 360, 0, 0
46.468, 0, 360, 0, 0
46.503, 0, 360, 0, 0
46.521, 0, 360, 0, 0
46.549, 0, 360, 0, 0
46.574, 0, 360, 0, 0
46.6, 0, 360, 0, 0
46.626, 0, 360, 0, 0
46.657, 0, 360, 0, 0
46.68, 0, 360, 0, 0
46.706, 0, 360, 0, 0
46.735, 0, 360, 0, 0
46.756, 0, 360, 0, 0
46.781, 0, 360, 0, 0
46.806, 0, 360, 0, 0
46.833, 0, 360, 0, 0
46.856, 0, 360, 0, 0
46.887, 0, 360, 0, 0
46.909, 0, 360, 0, 0
46.934, 0, 360, 0, 0
46.953, 0, 360, 0, 0
46.978, 0, 360, 0, 0
47.01, 0, 360, 0, 0
47.037, 0, 360, 0, 0
47.056, 0, 360, 0, 0
47.09, 0, 360, 0, 0
47.115, 0, 360, 0, 0
47.133, 0, 360, 0, 0
47.169, 0, 360, 0, 0
47.188, 0, 360, 0, 0
47.233, 0, 360, 0, 0
47.264, 0, 360, 0, 0
47.289, 0, 360, 0, 0
47.322, 0, 360, 0, 0
47.347, 0, 360, 0, 0
47.371, 0, 360, 0, 0
47.395, 0, 360, 0, 0
47.432, 0, 360, 0, 0
47.582, 0, 360, 0, 0
47.848, 0, 360, 0, 0
48.073, 0, 360, 0, 0
48.458, 0, 360, 0, 0
48.833, 0, 360, 0, 0
49.18, 0, 360, 0, 0
49.443, 0, 360, 0, 0
49.805, 0, 360, 0, 0
50.14, 0, 360, 0, 0
50.493, 0, 360, 0, 0
50.954, 0, 360, 0, 0
51.3, 0, 360, 0, 0
51.551, 0, 360, 0, 0
51.817, 0, 360, 0, 0
51.845, 0, 360, 0, 0
51.87, 0, 360, 0, 0
51.897, 0, 360, 0, 0
51.925, 0, 360, 0, 0
51.951, 0, 360, 0, 0
51.994, 0, 360, 0, 0
52.02, 0, 360, 0, 0
52.049, 0, 360, 0, 0
52.073, 0, 360, 0, 0
52.092, 0, 360, 0, 0
52.116, 0, 360, 0, 0
52.138, 0, 360, 0, 0
52.17, 0, 360, 0, 0
52.189, 0, 360, 0, 0
52.214, 0, 360, 0, 0
52.245, 0, 360, 0, 0
52.27, 0, 360, 0, 0
52.291, 0, 360, 0, 0
52.312, 0, 360, 0, 0
52.338, 0, 360, 0, 0
52.358, 0, 360, 0, 0
52.407, 0, 360, 0, 0
52.437, 0, 360, 0, 0
52.459, 0, 360, 0, 0
52.491, 0, 360, 0, 0
52.516, 0, 360, 0, 0
52.534, 0, 360, 0, 0
52.562, 0, 360, 0, 0
52.614, 0, 360, 0, 0
52.638, 0, 360, 0, 0
52.668, 0, 360, 0, 0
52.718, 0, 360, 0, 0
52.747, 0, 360, 0, 0
52.983, 0, 360, 0, 0
53.323, 0, 360, 0, 0
53.668, 0, 360, 0, 0
54.013, 0, 360, 0, 0
54.378, 0, 360, 0, 0
54.616, 0, 360, 0, 0
54.64, 0, 360, 0, 0
54.678, 0, 360, 0, 0
54.702, 0, 360, 0, 0
54.744, 0, 360, 0, 0
54.773, 0, 360, 0, 0
54.802, 0, 360, 0, 0
54.837, 0, 360, 0, 0
54.857, 0, 360, 0, 0
54.899, 0, 360, 0, 0
54.921, 0, 360, 0, 0
54.978, 0, 360, 0, 0
55.01, 0, 360, 0, 0
55.036, 0, 360, 0, 0
55.057, 0, 360, 0, 0
55.089, 0, 360, 0, 0
55.118, 0, 360, 0, 0
55.14, 0, 360, 0, 0
55.166, 0, 360, 0, 0
55.2, 0, 360, 0, 0
55.257, 0, 360, 0, 0
55.284, 0, 360, 0, 0
55.308, 0, 360, 0, 0
55.336, 0, 360, 0, 0
55.358, 0, 360, 0, 0
55.383, 0, 360, 0, 0
55.418, 0, 360, 0, 0
55.442, 0, 360, 0, 0
55.474, 0, 360, 0, 0
55.513, 0, 360, 0, 0
55.542, 0, 360, 0, 0
55.56, 0, 360, 0, 0
