0, 1.81259e-312, 4.94066e-324, 0, 0
0.012, 0.5, 4.94066e-324, 0, 0
0.027, 0.5, 4.94066e-324, 0.205167, 60.361
0.04, 0.5, 4.94066e-324, 0.478723, 59.4687
0.054, 0.5, 4.94066e-324, 0.820669, 0
0.068, 0.5, 4.94066e-324, 1.16261, 0
0.081, 0.5, 4.94066e-324, 1.57295, 0
0.095, 0.5, 4.94066e-324, 1.98328, 0
0.109, 0.5, 4.94066e-324, 2.32523, 59.109
0.122, 0.5, 4.94066e-324, 2.80395, 0
0.137, 0.5, 4.94066e-324, 3.28267, 0
0.15, 0.5, 4.94066e-324, 3.69301, 0
0.164, 0.5, 4.94066e-324, 4.10334, 0
0.178, 0.5, 4.94066e-324, 4.51368, 0
0.191, 0.5, 4.94066e-324, 4.9924, 0
0.205, 0.5, 4.94066e-324, 5.40274, 60.0431
0.219, 0.5, 4.94066e-324, 5.81307, 62.7423
0.232, 0.5, 4.94066e-324, 6.2234, 61.1709
0.246, 0.5, 4.94066e-324, 6.63374, 240.807
0.259, 0.5, 4.94066e-324, 7.11246, 0
0.273, 0.5, 4.94066e-324, 7.5228, 0
0.286, 0.5, 4.94066e-324, 7.93313, 60.7363
0.3, 0.5, 4.94066e-324, 8.34347, 61.8906
0.313, 0.5, 4.94066e-324, 8.82219, 0
0.327, 0.5, 4.94066e-324, 9.23252, 59.4687
0.341, 0.5, 4.94066e-324, 9.64286, 59.109
0.355, 0.5, 4.94066e-324, 10.1216, 60.6824
0.368, 0.5, 4.94066e-324, 10.5319, 61.7787
0.382, 0.5, 4.94066e-324, 10.9422, 61.1162
0.395, 0.5, 4.94066e-324, 11.421, 0
0.409, 0.5, 4.94066e-324, 11.8313, 59.0579
0.423, 0.5, 4.94066e-324, 12.2416, 59.314
0.437, 0.5, 4.94066e-324, 12.652, 62.7423
0.45, 0.5, 4.94066e-324, 13.1307, 31.1887
0.464, 0.5, 4.94066e-324, 13.541, 0
0.477, 0.5, 4.94066e-324, 13.9514, 59.7284
0.491, 0.5, 4.94066e-324, 14.3617, 58.9053
0.505, 0.5, 4.94066e-324, 14.8404, 0
0.518, 0.5, 4.94066e-324, 15.2508, 62.9154
0.532, 0.5, 4.94066e-324, 15.6611, 0
0.545, 0.5, 4.94066e-324, 16.0714, 60.0431
0.558, 0.5, 4.94066e-324, 16.4818, 57.615
0.572, 0.5, 4.94066e-324, 16.9605, 0
0.586, 0.5, 4.94066e-324, 17.3708, 0
0.599, 0.5, 4.94066e-324, 17.7812, 0
0.613, 0.5, 4.94066e-324, 18.1915, 59.8853
0.626, 0.5, 4.94066e-324, 18.6702, 0
0.64, 0.5, 4.94066e-324, 19.0122, 55.7368
0.654, 0.5, 4.94066e-324, 19.4909, 0
0.667, 0.5, 4.94066e-324, 19.9012, 59.109
0.681, 0.5, 4.94066e-324, 20.3116, 55.7368
0.695, 0.5, 4.94066e-324, 20.7903, 0
0.708, 0.5, 4.94066e-324, 21.2006, 0
0.722, 0.5, 4.94066e-324, 21.6109, 61.3355
0.736, 0.5, 4.94066e-324, 22.0213, 60.9528
0.749, 0.5, 4.94066e-324, 22.5, 0
0.763, 0.5, 4.94066e-324, 22.8419, 61.9466
0.776, 0.5, 4.94066e-324, 23.3207, 0
0.79, 0.5, 4.94066e-324, 23.731, 0
0.803, 0.5, 4.94066e-324, 24.1413, 0
0.817, 0.5, 4.94066e-324, 24.5517, 62.1719
0.83, 0.5, 4.94066e-324, 24.962, 62.2284
0.844, 0.5, 4.94066e-324, 25.4407, 0
0.858, 0.5, 4.94066e-324, 25.7827, 60.4678
0.871, 0.5, 4.94066e-324, 26.2614, 59.8329
0.886, 0.5, 4.94066e-324, 26.7401, 0
0.9, 0.5, 4.94066e-324, 27.1505, 0
0.913, 0.5, 4.94066e-324, 27.5608, 48.3315
0.927, 0.5, 4.94066e-324, 27.9711, 0
0.94, 0.5, 4.94066e-324, 28.3815, 59.6763
0.954, 0.5, 4.94066e-324, 28.7918, 59.9378
0.968, 0.5, 4.94066e-324, 29.2705, 61.7787
0.981, 0.5, 4.94066e-324, 29.6809, 59.0579
0.995, 0.5, 4.94066e-324, 30.1596, 0
1.009, 0.5, 4.94066e-324, 30.5699, 58.3524
1.023, 0.5, 4.94066e-324, 30.9802, 0
1.036, 0.5, 4.94066e-324, 31.3906, 61.1162
1.05, 0.5, 4.94066e-324, 31.8009, 17.1659
1.066, 0.5, 4.94066e-324, 32.348, 0
1.08, 0.5, 4.94066e-324, 32.7584, 52.7286
1.094, 0.5, 4.94066e-324, 33.1687, 59.9904
1.108, 0.5, 4.94066e-324, 33.6474, 58.9561
1.122, 0.5, 4.94066e-324, 34.0578, 61.2805
1.135, 0.5, 4.94066e-324, 34.5365, 0
1.149, 0.5, 4.94066e-324, 34.8784, 61.6118
1.162, 0.5, 4.94066e-324, 35.3571, 0
1.176, 0.5, 4.94066e-324, 35.7675, 58.4522
1.19, 0.5, 4.94066e-324, 36.2462, 0
1.204, 0.5, 4.94066e-324, 36.6565, 0
1.218, 0.5, 4.94066e-324, 37.0669, 0
1.231, 0.5, 4.94066e-324, 37.4772, 60.6286
1.245, 0.5, 4.94066e-324, 37.8875, 60.7363
1.258, 0.5, 4.94066e-324, 38.3663, 0
1.272, 0.5, 4.94066e-324, 38.7766, 59.9378
1.286, 0.5, 4.94066e-324, 39.1869, 0
1.299, 0.5, 4.94066e-324, 39.6657, 0
1.313, 0.5, 4.94066e-324, 40.0076, 61.8906
1.327, 0.5, 4.94066e-324, 40.4863, 0
1.34, 0.5, 4.94066e-324, 40.8967, 0
1.354, 0.5, 4.94066e-324, 41.307, 62.059
1.367, 0.5, 4.94066e-324, 41.7173, 61.4457
1.381, 0.5, 4.94066e-324, 42.196, 0
1.395, 0.5, 4.94066e-324, 42.538, 59.5205
1.408, 0.5, 4.94066e-324, 43.0167, 0
1.422, 0.5, 4.94066e-324, 43.4271, 60.2547
1.436, 0.5, 4.94066e-324, 43.8374, 54.7112
1.449, 0.5, 4.94066e-324, 44.3161, 0
1.463, 0.5, 4.94066e-324, 44.7264, 0
1.477, 0.5, 4.94066e-324, 45.1368, 59.7284
1.491, 0.5, 4.94066e-324, 45.5471, 59.6243
1.504, 0.5, 4.94066e-324, 46.0258, 0
1.518, 0.5, 4.94066e-324, 46.4362, 59.9904
1.532, 0.5, 4.94066e-324, 46.8465, 61.723
1.545, 0.5, 4.94066e-324, 47.3252, 0
1.558, 0.5, 4.94066e-324, 47.6672, 58.3027
1.572, 0.5, 4.94066e-324, 48.1459, 60.2547
1.586, 0.5, 4.94066e-324, 48.5562, 0
1.6, 0.5, 4.94066e-324, 48.9666, 61.2805
1.614, 0.5, 4.94066e-324, 49.4453, 0
1.627, 0.5, 4.94066e-324, 49.8556, 0
1.641, 0.5, 4.94066e-324, 50.266, 59.5723
1.655, 0.5, 4.94066e-324, 50.6763, 0
1.668, 0.5, 4.94066e-324, 51.155, 0
1.682, 0.5, 4.94066e-324, 51.5653, 0
1.695, 0.5, 4.94066e-324, 51.9757, 59.6763
1.709, 0.5, 4.94066e-324, 52.386, 0
1.723, 0.5, 4.94066e-324, 52.7964, 58.9053
1.737, 0.5, 4.94066e-324, 53.2751, 0
1.751, 0.5, 4.94066e-324, 53.6854, 0
1.764, 0.5, 4.94066e-324, 54.0957, 0
1.777, 0.5, 4.94066e-324, 54.5061, 0
1.79, 0.5, 4.94066e-324, 54.9164, 59.007
1.804, 0.5, 4.94066e-324, 55.3267, 57.8099
1.818, 0.5, 4.94066e-324, 55.8055, 31.1976
1.832, 0.5, 4.94066e-324, 56.2158, 0
1.845, 0.5, 4.94066e-324, 56.6261, 55.8278
1.859, 0.5, 4.94066e-324, 57.0365, 0
1.872, 0.5, 4.94066e-324, 57.4468, 59.0579
1.886, 0.5, 4.94066e-324, 57.8571, 0
1.899, 0.5, 4.94066e-324, 58.3359, 0
1.913, 0.5, 4.94066e-324, 58.6778, 61.3355
1.927, 0.5, 4.94066e-324, 59.1565, 0
1.94, 0.5, 4.94066e-324, 59.5669, 58.3027
1.954, 0.5, 4.94066e-324, 59.9772, 0
1.968, 0.5, 4.94066e-324, 60.3875, 61.1709
1.981, 0.5, 4.94066e-324, 60.7979, 61.5563
1.995, 0.5, 4.94066e-324, 61.2766, 0
2.008, 0.5, 4.94066e-324, 61.6185, 52.9737
2.022, 0.5, 4.94066e-324, 62.0973, 0
2.036, 0.5, 4.94066e-324, 62.5076, 0
2.05, 0.5, 4.94066e-324, 62.9179, 61.8346
2.063, 0.5, 4.94066e-324, 63.3283, 60.6286
2.077, 0.5, 4.94066e-324, 63.807, 0
2.091, 0.5, 4.94066e-324, 64.2173, 58.154
2.105, 0.5, 4.94066e-324, 64.6277, 59.2113
2.118, 0.5, 4.94066e-324, 65.1064, 0
2.132, 0.5, 4.94066e-324, 65.5167, 0
2.146, 0.5, 4.94066e-324, 65.9271, 60.5749
2.159, 0.5, 4.94066e-324, 66.3374, 59.5205
2.173, 0.5, 4.94066e-324, 66.8161, 0
2.187, 0.5, 4.94066e-324, 67.2264, 0
2.201, 0.5, 4.94066e-324, 67.6368, 0
2.214, 0.5, 4.94066e-324, 68.0471, 62.4558
2.228, 0.5, 4.94066e-324, 68.4574, 49.4141
2.241, 0.5, 4.94066e-324, 68.8678, 49.5573
2.255, 0.5, 4.94066e-324, 69.3465, 0
2.269, 0.5, 4.94066e-324, 69.7568, 51.9279
2.282, 0.5, 4.94066e-324, 70.1672, 61.1162
2.296, 0.5, 4.94066e-324, 70.6459, 0
2.31, 0.5, 4.94066e-324, 70.9878, 58.6527
2.323, 0.5, 4.94066e-324, 71.4666, 0
2.337, 0.5, 4.94066e-324, 71.8769, 60.2016
2.351, 0.5, 4.94066e-324, 72.2872, 61.6118
2.364, 0.5, 4.94066e-324, 72.766, 0
2.378, 0.5, 4.94066e-324, 73.1079, 59.0579
2.392, 0.5, 4.94066e-324, 73.5866, 0
2.405, 0.5, 4.94066e-324, 73.997, 0
2.419, 0.5, 4.94066e-324, 74.4073, 62.059
2.433, 0.5, 4.94066e-324, 74.8176, 61.6118
2.446, 0.5, 4.94066e-324, 75.2964, 0
2.46, 0.5, 4.94066e-324, 75.6383, 59.2113
2.474, 0.5, 4.94066e-324, 76.117, 0
2.488, 0.5, 4.94066e-324, 76.5957, 0
2.502, 0.5, 4.94066e-324, 77.0061, 0
2.515, 0.5, 4.94066e-324, 77.4164, 0
2.529, 0.5, 4.94066e-324, 77.8267, 57.2293
2.544, 0.5, 4.94066e-324, 78.3055, 0
2.558, 0.5, 4.94066e-324, 78.7158, 59.007
2.571, 0.5, 4.94066e-324, 79.1261, 58.154
2.585, 0.5, 4.94066e-324, 79.6049, 0
2.599, 0.5, 4.94066e-324, 80.0152, 0
2.612, 0.5, 4.94066e-324, 80.4255, 59.4171
2.626, 0.5, 4.94066e-324, 80.8359, 0
2.64, 0.5, 4.94066e-324, 81.3146, 0
2.654, 0.5, 4.94066e-324, 81.7249, 0
2.667, 0.5, 4.94066e-324, 82.1353, 0
2.681, 0.5, 4.94066e-324, 82.5456, 61.3355
2.695, 0.5, 4.94066e-324, 82.9559, 59.9904
2.708, 0.5, 4.94066e-324, 83.4347, 0
2.722, 0.5, 4.94066e-324, 83.845, 0
2.736, 0.5, 4.94066e-324, 84.2553, 0
2.749, 0.5, 4.94066e-324, 84.6657, 0
2.763, 0.5, 4.94066e-324, 85.076, 59.9378
2.776, 0.5, 4.94066e-324, 85.4863, 58.0552
2.79, 0.5, 4.94066e-324, 85.965, 0
2.804, 0.5, 4.94066e-324, 86.307, 60.9528
2.818, 0.5, 4.94066e-324, 86.7857, 0
2.831, 0.5, 4.94066e-324, 87.196, 61.0072
2.845, 0.5, 4.94066e-324, 87.6064, 59.4171
2.859, 0.5, 4.94066e-324, 88.0851, 0
2.872, 0.5, 4.94066e-324, 88.4954, 0
2.886, 0.5, 4.94066e-324, 88.9058, 60.2016
2.899, 0.5, 4.94066e-324, 89.3161, 0
2.913, 0.5, 4.94066e-324, 89.7264, 61.1709
2.927, 0.5, 4.94066e-324, 90.1368, 58.804
2.94, 0.5, 4.94066e-324, 90.6155, 0
2.954, 0.5, 4.94066e-324, 91.0258, 61.3355
2.967, 0.5, 4.94066e-324, 91.4362, 61.8346
2.981, 0.5, 4.94066e-324, 91.9149, 60.4144
2.995, 0.5, 4.94066e-324, 92.3252, 0
3.008, 0.5, 4.94066e-324, 92.804, 0
3.022, 0.5, 4.94066e-324, 93.2143, 59.0579
3.036, 0.5, 4.94066e-324, 93.693, 0
3.049, 0.5, 4.94066e-324, 94.1033, 60.0958
3.067, 0.5, 4.94066e-324, 94.7188, 0
3.08, 0.5, 4.94066e-324, 95.1292, 0
3.094, 0.5, 4.94066e-324, 95.5395, 0
3.107, 0.5, 4.94066e-324, 96.0182, 0
3.121, 0.5, 4.94066e-324, 96.4286, 0
3.135, 0.5, 4.94066e-324, 96.8389, 62.059
3.149, 0.5, 4.94066e-324, 97.2492, 60.7363
3.162, 0.5, 4.94066e-324, 97.728, 0
3.176, 0.5, 4.94066e-324, 98.1383, 59.4171
3.19, 0.5, 4.94066e-324, 98.5486, 31.8035
3.203, 0.5, 4.94066e-324, 99.0274, 61.6673
3.217, 0.5, 4.94066e-324, 99.4377, 61.6118
3.23, 0.5, 4.94066e-324, 99.9164, 0
3.244, 0.5, 4.94066e-324, 100.327, 59.4171
3.258, 0.5, 4.94066e-324, 100.737, 59.3655
3.271, 0.5, 4.94066e-324, 101.216, 60.3078
3.285, 0.5, 4.94066e-324, 101.626, 61.3905
3.299, 0.5, 4.94066e-324, 102.105, 0
3.312, 0.5, 4.94066e-324, 102.515, 61.501
3.326, 0.5, 4.94066e-324, 102.926, 56.7073
3.339, 0.5, 4.94066e-324, 103.404, 0
3.353, 0.5, 4.94066e-324, 103.815, 0
3.367, 0.5, 4.94066e-324, 104.225, 61.501
3.38, 0.5, 4.94066e-324, 104.704, 0
3.4, 0.5, 4.94066e-324, 105.319, 0
3.413, 0.5, 4.94066e-324, 105.729, 0
3.427, 0.5, 4.94066e-324, 106.208, 0
3.441, 0.5, 4.94066e-324, 106.619, 56.8488
3.455, 0.5, 4.94066e-324, 107.029, 56.5199
3.468, 0.5, 4.94066e-324, 107.508, 0
3.482, 0.5, 4.94066e-324, 107.918, 0
3.495, 0.5, 4.94066e-324, 108.397, 0
3.509, 0.5, 4.94066e-324, 108.807, 58.9053
3.523, 0.5, 4.94066e-324, 109.217, 5.9155
3.547, 0.5, 4.94066e-324, 110.038, 0
3.56, 0.5, 4.94066e-324, 110.517, 0
3.574, 0.5, 4.94066e-324, 110.927, 0
3.588, 0.5, 4.94066e-324, 111.337, 61.8906
3.602, 0.5, 4.94066e-324, 111.748, 61.7787
3.615, 0.5, 4.94066e-324, 112.226, 0
3.629, 0.5, 4.94066e-324, 112.705, 0
3.643, 0.5, 4.94066e-324, 113.116, 0
3.656, 0.5, 4.94066e-324, 113.526, 58.2035
3.67, 0.5, 4.94066e-324, 113.936, 60.8444
3.684, 0.5, 4.94066e-324, 114.415, 0
3.697, 0.5, 4.94066e-324, 114.825, 60.8444
3.711, 0.5, 4.94066e-324, 115.236, 59.7806
3.724, 0.5, 4.94066e-324, 115.714, 59.0579
3.738, 0.5, 4.94066e-324, 116.125, 427.432
3.751, 0.5, 4.94066e-324, 116.535, 61.8906
3.764, 0.5, 4.94066e-324, 116.945, 61.1162
3.778, 0.5, 4.94066e-324, 117.424, 0
3.792, 0.5, 4.94066e-324, 117.903, 0
3.805, 0.5, 4.94066e-324, 118.313, 0
3.819, 0.5, 4.94066e-324, 118.723, 62.1154
3.832, 0.5, 4.94066e-324, 119.134, 60.3078
3.847, 0.5, 4.94066e-324, 119.612, 55.108
3.861, 0.5, 4.94066e-324, 120.091, 56.8015
3.874, 0.5, 4.94066e-324, 120.502, 59.1601
3.888, 0.5, 4.94066e-324, 120.98, 0
3.902, 0.5, 4.94066e-324, 121.391, 61.1709
3.915, 0.5, 4.94066e-324, 121.801, 61.8906
3.929, 0.5, 4.94066e-324, 122.28, 0
3.943, 0.5, 4.94066e-324, 122.69, 0
3.956, 0.5, 4.94066e-324, 123.169, 0
3.971, 0.5, 4.94066e-324, 123.647, 0
3.986, 0.5, 4.94066e-324, 124.058, 61.0617
3.999, 0.5, 4.94066e-324, 124.468, 59.9904
4.013, 0.5, 4.94066e-324, 124.878, 59.314
4.026, 0.5, 4.94066e-324, 125.357, 0
4.04, 0.5, 4.94066e-324, 125.767, 56.5199
4.054, 0.5, 4.94066e-324, 126.246, 0
4.067, 0.5, 4.94066e-324, 126.657, 59.8853
4.081, 0.5, 4.94066e-324, 127.067, 61.1162
4.094, 0.5, 4.94066e-324, 127.546, 0
4.108, 0.5, 4.94066e-324, 127.956, 36.7288
4.123, 0.5, 4.94066e-324, 128.435, 0
4.136, 0.5, 4.94066e-324, 128.913, 0
4.15, 0.5, 4.94066e-324, 129.324, 60.4678
4.164, 0.5, 4.94066e-324, 129.734, 60.5213
4.177, 0.5, 4.94066e-324, 130.213, 0
4.191, 0.5, 4.94066e-324, 130.623, 0
4.205, 0.5, 4.94066e-324, 131.102, 0
4.218, 0.5, 4.94066e-324, 131.512, 62.1719
4.232, 0.5, 4.94066e-324, 131.922, 57.8099
4.246, 0.5, 4.94066e-324, 132.401, 0
4.259, 0.5, 4.94066e-324, 132.812, 0
4.273, 0.5, 4.94066e-324, 133.222, 59.007
4.287, 0.5, 4.94066e-324, 133.701, 0
4.301, 0.5, 4.94066e-324, 134.111, 0
4.314, 0.5, 4.94066e-324, 134.521, 61.1709
4.328, 0.5, 4.94066e-324, 134.932, 58.0552
4.342, 0.5, 4.94066e-324, 135.41, 58.8546
4.355, 0.5, 4.94066e-324, 135.821, 59.9378
4.369, 0.5, 4.94066e-324, 136.299, 0
4.383, 0.5, 4.94066e-324, 136.641, 60.8444
4.396, 0.5, 4.94066e-324, 137.12, 0
4.41, 0.5, 4.94066e-324, 137.599, 0
4.424, 0.5, 4.94066e-324, 138.009, 0
4.438, 0.5, 4.94066e-324, 138.419, 61.5563
4.451, 0.5, 4.94066e-324, 138.83, 59.8329
4.465, 0.5, 4.94066e-324, 139.309, 0
4.479, 0.5, 4.94066e-324, 139.787, 0
4.492, 0.5, 4.94066e-324, 140.129, 58.1046
4.506, 0.5, 4.94066e-324, 140.608, 58.804
4.521, 0.5, 4.94066e-324, 141.018, 60.3078
4.534, 0.5, 4.94066e-324, 141.497, 0
4.548, 0.5, 4.94066e-324, 141.907, 61.5563
4.562, 0.5, 4.94066e-324, 142.318, 56.7073
4.575, 0.5, 4.94066e-324, 142.796, 31.5913
4.589, 0.5, 4.94066e-324, 143.207, 0
4.602, 0.5, 4.94066e-324, 143.617, 0
4.615, 0.5, 4.94066e-324, 144.027, 0
4.629, 0.5, 4.94066e-324, 144.438, 58.6527
4.643, 0.5, 4.94066e-324, 144.916, 0
4.657, 0.5, 4.94066e-324, 145.327, 59.2626
4.671, 0.5, 4.94066e-324, 145.805, 0
4.684, 0.5, 4.94066e-324, 146.216, 0
4.698, 0.5, 4.94066e-324, 146.626, 61.723
4.711, 0.5, 4.94066e-324, 147.036, 52.4054
4.725, 0.5, 4.94066e-324, 147.515, 0
4.739, 0.5, 4.94066e-324, 147.926, 60.3078
4.753, 0.5, 4.94066e-324, 148.336, 59.6243
4.766, 0.5, 4.94066e-324, 148.815, 61.6118
4.78, 0.5, 4.94066e-324, 149.225, 0
4.793, 0.5, 4.94066e-324, 149.704, 0
4.807, 0.5, 4.94066e-324, 150.114, 49.8463
4.821, 0.5, 4.94066e-324, 150.524, 61.2257
4.835, 0.5, 4.94066e-324, 151.003, 60.3078
4.85, 0.5, 4.94066e-324, 151.482, 0
4.866, 0.5, 4.94066e-324, 151.96, 0
4.879, 0.5, 4.94066e-324, 152.371, 59.5205
4.893, 0.5, 4.94066e-324, 152.85, 0
4.907, 0.5, 4.94066e-324, 153.26, 0
4.922, 0.5, 4.94066e-324, 153.739, 0
4.936, 0.5, 4.94066e-324, 154.149, 0
4.949, 0.5, 4.94066e-324, 154.628, 0
4.963, 0.5, 4.94066e-324, 155.038, 0
4.977, 0.5, 4.94066e-324, 155.448, 0
4.99, 0.5, 4.94066e-324, 155.859, 57.8099
5.004, 0.5, 4.94066e-324, 156.337, 0
5.018, 0.5, 4.94066e-324, 156.748, 60.3078
5.032, 0.5, 4.94066e-324, 157.158, 61.6673
5.045, 0.5, 4.94066e-324, 157.637, 0
5.059, 0.5, 4.94066e-324, 158.047, 58.253
5.073, 0.5, 4.94066e-324, 158.457, 58.7031
5.086, 0.5, 4.94066e-324, 158.936, 0
5.1, 0.5, 4.94066e-324, 159.347, 0
5.113, 0.5, 4.94066e-324, 159.757, 60.361
5.127, 0.5, 4.94066e-324, 160.167, 58.4522
5.141, 0.5, 4.94066e-324, 160.646, 0
5.154, 0.5, 4.94066e-324, 161.056, 62.2851
5.168, 0.5, 4.94066e-324, 161.467, 0
5.182, 0.5, 4.94066e-324, 161.877, 61.2805
5.195, 0.5, 4.94066e-324, 162.287, 60.3078
5.209, 0.5, 4.94066e-324, 162.766, 0
5.222, 0.5, 4.94066e-324, 163.176, 0
5.236, 0.5, 4.94066e-324, 163.587, 60.9528
5.25, 0.5, 4.94066e-324, 164.065, 0
5.263, 0.5, 4.94066e-324, 164.476, 0
5.277, 0.5, 4.94066e-324, 164.886, 59.9904
5.291, 0.5, 4.94066e-324, 165.296, 57.8099
5.304, 0.5, 4.94066e-324, 165.775, 0
5.318, 0.5, 4.94066e-324, 166.185, 0
5.331, 0.5, 4.94066e-324, 166.596, 59.2626
5.345, 0.5, 4.94066e-324, 167.006, 57.4698
5.359, 0.5, 4.94066e-324, 167.485, 0
5.373, 0.5, 4.94066e-324, 167.895, 60.3078
5.386, 0.5, 4.94066e-324, 168.305, 62.4558
5.4, 0.5, 4.94066e-324, 168.784, 0
5.414, 0.5, 4.94066e-324, 169.195, 0
5.427, 0.5, 4.94066e-324, 169.605, 60.2016
5.44, 0.5, 4.94066e-324, 170.015, 58.6527
5.454, 0.5, 4.94066e-324, 170.426, 61.501
5.467, 0.5, 4.94066e-324, 170.836, 62.1719
5.481, 0.5, 4.94066e-324, 171.315, 0
5.494, 0.5, 4.94066e-324, 171.725, 0
5.507, 0.5, 4.94066e-324, 172.135, 0
5.521, 0.5, 4.94066e-324, 172.546, 60.5213
5.535, 0.5, 4.94066e-324, 172.956, 62.1154
5.549, 0.5, 4.94066e-324, 173.435, 59.5205
5.562, 0.5, 4.94066e-324, 173.845, 0
5.575, 0.5, 4.94066e-324, 174.255, 0
5.589, 0.5, 4.94066e-324, 174.666, 0
5.602, 0.5, 4.94066e-324, 175.076, 62.1154
5.616, 0.5, 4.94066e-324, 175.486, 59.9378
5.63, 0.5, 4.94066e-324, 175.965, 0
5.643, 0.5, 4.94066e-324, 176.375, 51.7707
5.656, 0.5, 4.94066e-324, 176.786, 0
5.67, 0.5, 4.94066e-324, 177.264, 0
5.684, 0.5, 4.94066e-324, 177.675, 0
5.697, 0.5, 4.94066e-324, 178.085, 59.5205
5.711, 0.5, 4.94066e-324, 178.495, 0
5.725, 0.5, 4.94066e-324, 178.974, 0
5.738, 0.5, 4.94066e-324, 179.384, 60.7903
5.752, 0.5, 4.94066e-324, 179.795, 59.7284
5.766, 0.5, 4.94066e-324, 180.274, 0
5.779, 0.5, 4.94066e-324, 180.684, 0
5.793, 0.5, 4.94066e-324, 181.094, 59.3655
5.807, 0.5, 4.94066e-324, 181.505, 58.5523
5.821, 0.5, 4.94066e-324, 181.983, 0
5.834, 0.5, 4.94066e-324, 182.394, 116.572
5.854, 0.5, 4.94066e-324, 183.009, 61.1709
5.867, 0.5, 4.94066e-324, 183.419, 36.7683
5.883, 0.5, 4.94066e-324, 183.898, 60.7363
5.897, 0.5, 4.94066e-324, 184.377, 0
5.911, 0.5, 4.94066e-324, 184.787, 0
5.925, 0.5, 4.94066e-324, 185.266, 0
5.939, 0.5, 4.94066e-324, 185.676, 59.9904
5.953, 0.5, 4.94066e-324, 186.087, 31.4523
5.966, 0.5, 4.94066e-324, 186.565, 0
5.98, 0.5, 4.94066e-324, 186.976, 0
5.993, 0.5, 4.94066e-324, 187.386, 59.6243
6.007, 0.5, 4.94066e-324, 187.796, 59.5205
6.021, 0.5, 4.94066e-324, 188.275, 0
6.034, 0.5, 4.94066e-324, 188.685, 0
6.047, 0.5, 4.94066e-324, 189.096, 0
6.061, 0.5, 4.94066e-324, 189.506, 59.8853
6.075, 0.5, 4.94066e-324, 189.916, 57.7123
6.089, 0.5, 4.94066e-324, 190.395, 60.7363
6.103, 0.5, 4.94066e-324, 190.805, 60.2016
6.116, 0.5, 4.94066e-324, 191.216, 60.7363
6.13, 0.5, 4.94066e-324, 191.695, 0
6.144, 0.5, 4.94066e-324, 192.105, 59.007
6.157, 0.5, 4.94066e-324, 192.584, 55.5106
6.171, 0.5, 4.94066e-324, 192.994, 60.5213
6.185, 0.5, 4.94066e-324, 193.473, 0
6.204, 0.5, 4.94066e-324, 194.02, 46.2088
6.234, 0.5, 4.94066e-324, 195.046, 33.6395
6.251, 0.5, 4.94066e-324, 195.593, 537.556
6.283, 0.5, 4.94066e-324, 196.55, 58.5022
6.297, 0.5, 4.94066e-324, 196.892, 53.9772
6.311, 0.5, 4.94066e-324, 197.029, 0
6.326, 0.5, 4.94066e-324, 197.029, 0
6.339, 0.5, 4.94066e-324, 197.029, 0
6.352, 0.5, 4.94066e-324, 197.029, 0
6.366, 0.5, 4.94066e-324, 197.029, 0
6.38, 0.5, 4.94066e-324, 197.029, 0
6.394, 0.5, 4.94066e-324, 197.029, 0
6.408, 0.5, 4.94066e-324, 197.097, 56.4266
6.422, 0.5, 4.94066e-324, 197.371, 0
6.435, 0.5, 4.94066e-324, 197.644, 0
6.449, 0.5, 4.94066e-324, 198.055, 0
6.462, 0.5, 4.94066e-324, 198.397, 0
6.476, 0.5, 4.94066e-324, 198.739, 58.154
6.49, 0.5, 4.94066e-324, 199.217, 0
6.504, 0.5, 4.94066e-324, 199.628, 62.059
6.518, 0.5, 4.94066e-324, 200.038, 60.5749
6.531, 0.5, 4.94066e-324, 200.517, 0
6.545, 0.5, 4.94066e-324, 200.927, 0
6.56, 0.5, 4.94066e-324, 201.406, 0
6.574, 0.5, 4.94066e-324, 201.884, 57.9568
6.588, 0.5, 4.94066e-324, 202.295, 60.6824
6.602, 0.5, 4.94066e-324, 202.774, 0
6.616, 0.5, 4.94066e-324, 203.184, 59.109
6.63, 0.5, 4.94066e-324, 203.594, 59.7806
6.643, 0.5, 4.94066e-324, 204.073, 51.6534
6.658, 0.5, 4.94066e-324, 204.483, 59.2113
6.672, 0.5, 4.94066e-324, 204.962, 45.8987
6.686, 0.5, 4.94066e-324, 205.441, 0
6.699, 0.5, 4.94066e-324, 205.783, 60.5749
6.713, 0.5, 4.94066e-324, 206.193, 0
6.727, 0.5, 4.94066e-324, 206.535, 58.804
6.741, 0.5, 4.94066e-324, 206.877, 0
6.755, 0.5, 4.94066e-324, 207.219, 0
6.768, 0.5, 4.94066e-324, 207.561, 0
6.782, 0.5, 4.94066e-324, 207.903, 0
6.796, 0.5, 4.94066e-324, 208.245, 0
6.809, 0.5, 4.94066e-324, 208.518, 58.9561
6.823, 0.5, 4.94066e-324, 208.86, 59.0579
6.84, 0.5, 4.94066e-324, 209.134, 0
6.854, 0.5, 4.94066e-324, 209.202, 0
6.868, 0.5, 4.94066e-324, 209.271, 0
6.882, 0.5, 4.94066e-324, 209.407, 0
6.896, 0.5, 4.94066e-324, 209.544, 0
6.909, 0.5, 4.94066e-324, 209.612, 0
6.923, 0.5, 4.94066e-324, 209.749, 0
6.937, 0.5, 4.94066e-324, 209.818, 0
6.95, 0.5, 4.94066e-324, 209.818, 0
6.964, 0.5, 4.94066e-324, 209.886, 0
6.978, 0.5, 4.94066e-324, 209.886, 0
6.991, 0.5, 4.94066e-324, 209.886, 0
7.005, 0.5, 4.94066e-324, 209.954, 0
7.019, 0.5, 4.94066e-324, 209.954, 0
7.032, 0.5, 4.94066e-324, 209.954, 0
7.046, 0.5, 4.94066e-324, 209.954, 0
7.06, 0.5, 4.94066e-324, 209.954, 0
7.073, 0.5, 4.94066e-324, 209.954, 0
7.087, 0.5, 4.94066e-324, 210.023, 0
7.101, 0.5, 4.94066e-324, 210.023, 0
7.114, 0.5, 4.94066e-324, 210.023, 60.5213
7.128, 0.5, 4.94066e-324, 210.091, 0
7.142, 0.5, 4.94066e-324, 210.16, 0
7.155, 0.5, 4.94066e-324, 210.16, 0
7.169, 0.5, 4.94066e-324, 210.16, 0
7.183, 0.5, 4.94066e-324, 210.16, 0
7.196, 0.5, 4.94066e-324, 210.16, 0
7.21, 0.5, 4.94066e-324, 210.228, 0
7.224, 0.5, 4.94066e-324, 210.228, 0
7.237, 0.5, 4.94066e-324, 210.228, 0
7.251, 0.5, 4.94066e-324, 210.365, 0
7.265, 0.5, 4.94066e-324, 210.365, 0
7.279, 0.5, 4.94066e-324, 210.433, 0
7.292, 0.5, 4.94066e-324, 210.433, 0
7.306, 0.5, 4.94066e-324, 210.433, 0
7.321, 0.5, 4.94066e-324, 210.433, 0
7.334, 0.5, 4.94066e-324, 210.502, 0
7.348, 0.5, 4.94066e-324, 210.502, 0
7.362, 0.5, 4.94066e-324, 210.502, 0
7.375, 0.5, 4.94066e-324, 210.502, 1.59855
7.389, 0.5, 4.94066e-324, 210.502, 0
7.403, 0.5, 4.94066e-324, 210.502, 0
7.416, 0.5, 4.94066e-324, 210.502, 0
7.43, 0.5, 4.94066e-324, 210.502, 0
7.444, 0.5, 4.94066e-324, 210.638, 0
7.457, 0.5, 4.94066e-324, 210.638, 0
7.471, 0.5, 4.94066e-324, 210.638, 0
7.484, 0.5, 4.94066e-324, 210.638, 0
7.498, 0.5, 4.94066e-324, 210.638, 0
7.512, 0.5, 4.94066e-324, 210.638, 0
7.525, 0.5, 4.94066e-324, 210.638, 0
7.539, 0.5, 4.94066e-324, 210.638, 0
7.553, 0.5, 4.94066e-324, 210.707, 0
7.566, 0.5, 4.94066e-324, 210.707, 0
7.58, 0.5, 4.94066e-324, 210.707, 0
7.593, 0.5, 4.94066e-324, 210.775, 0
7.607, 0.5, 4.94066e-324, 210.775, 0
7.621, 0.5, 4.94066e-324, 210.775, 0
7.635, 0.5, 4.94066e-324, 210.775, 0
7.648, 0.5, 4.94066e-324, 210.775, 0
7.662, 0.5, 4.94066e-324, 210.775, 0
7.675, 0.5, 4.94066e-324, 210.775, 0
7.689, 0.5, 4.94066e-324, 210.843, 0
7.703, 0.5, 4.94066e-324, 211.049, 0
7.716, 0.5, 4.94066e-324, 211.322, 0
7.73, 0.5, 4.94066e-324, 211.664, 60.4678
7.744, 0.5, 4.94066e-324, 212.074, 0
7.757, 0.5, 4.94066e-324, 212.416, 50.2861
7.771, 0.5, 4.94066e-324, 212.895, 0
7.785, 0.5, 4.94066e-324, 213.305, 61.3905
7.799, 0.5, 4.94066e-324, 213.716, 61.1162
7.812, 0.5, 4.94066e-324, 214.195, 0
7.826, 0.5, 4.94066e-324, 214.605, 0
7.84, 0.5, 4.94066e-324, 215.084, 0
7.854, 0.5, 4.94066e-324, 215.494, 60.2547
7.868, 0.5, 4.94066e-324, 215.904, 10.7092
7.887, 0.5, 4.94066e-324, 216.52, 60.4144
7.901, 0.5, 4.94066e-324, 216.998, 0
7.915, 0.5, 4.94066e-324, 217.409, 59.2113
7.929, 0.5, 4.94066e-324, 217.819, 57.6636
7.943, 0.5, 4.94066e-324, 218.298, 40.9761
7.958, 0.5, 4.94066e-324, 218.777, 182.371
7.971, 0.5, 4.94066e-324, 219.187, 0
7.986, 0.5, 4.94066e-324, 219.666, 59.109
8, 0.5, 4.94066e-324, 220.076, 59.4171
8.013, 0.5, 4.94066e-324, 220.555, 0
8.027, 0.5, 4.94066e-324, 220.965, 0
8.04, 0.5, 4.94066e-324, 221.375, 0
8.054, 0.5, 4.94066e-324, 221.854, 0
8.068, 0.5, 4.94066e-324, 222.264, 0
8.081, 0.5, 4.94066e-324, 222.675, 59.5205
8.095, 0.5, 4.94066e-324, 223.085, 57.615
8.109, 0.5, 4.94066e-324, 223.564, 0
8.123, 0.5, 4.94066e-324, 223.974, 59.5205
8.137, 0.5, 4.94066e-324, 224.453, 0
8.15, 0.5, 4.94066e-324, 224.863, 62.059
8.164, 0.5, 4.94066e-324, 225.274, 59.7806
8.178, 0.5, 4.94066e-324, 225.752, 0
8.192, 0.5, 4.94066e-324, 226.163, 59.109
8.205, 0.5, 4.94066e-324, 226.573, 41.7261
8.22, 0.5, 4.94066e-324, 227.052, 62.1719
8.233, 0.5, 4.94066e-324, 227.462, 0
8.247, 0.5, 4.94066e-324, 227.941, 0
8.261, 0.5, 4.94066e-324, 228.283, 59.314
8.274, 0.5, 4.94066e-324, 228.761, 0
8.288, 0.5, 4.94066e-324, 229.24, 0
8.302, 0.5, 4.94066e-324, 229.65, 0
8.315, 0.5, 4.94066e-324, 230.061, 62.1719
8.329, 0.5, 4.94066e-324, 230.471, 0
8.342, 0.5, 4.94066e-324, 230.95, 0
8.356, 0.5, 4.94066e-324, 231.36, 60.4144
8.37, 0.5, 4.94066e-324, 231.771, 61.0617
8.383, 0.5, 4.94066e-324, 232.249, 0
8.397, 0.5, 4.94066e-324, 232.591, 57.761
8.411, 0.5, 4.94066e-324, 233.07, 59.8853
8.424, 0.5, 4.94066e-324, 233.48, 58.6024
8.438, 0.5, 4.94066e-324, 233.959, 0
8.452, 0.5, 4.94066e-324, 234.369, 61.9466
8.465, 0.5, 4.94066e-324, 234.78, 60.4144
8.479, 0.5, 4.94066e-324, 235.258, 0
8.492, 0.5, 4.94066e-324, 235.669, 0
8.506, 0.5, 4.94066e-324, 236.079, 44.8747
8.52, 0.5, 4.94066e-324, 236.558, 0
8.534, 0.5, 4.94066e-324, 236.968, 0
8.548, 0.5, 4.94066e-324, 237.378, 61.0072
8.561, 0.5, 4.94066e-324, 237.789, 59.7284
8.575, 0.5, 4.94066e-324, 238.267, 0
8.589, 0.5, 4.94066e-324, 238.678, 0
8.602, 0.5, 4.94066e-324, 239.088, 60.5213
8.616, 0.5, 4.94066e-324, 239.498, 61.2257
8.629, 0.5, 4.94066e-324, 239.977, 0
8.643, 0.5, 4.94066e-324, 240.388, 59.5205
8.657, 0.5, 4.94066e-324, 240.798, 59.4171
8.67, 0.5, 4.94066e-324, 241.277, 0
8.684, 0.5, 4.94066e-324, 241.687, 0
8.7, 0.5, 4.94066e-324, 242.166, 60.5213
8.714, 0.5, 4.94066e-324, 242.644, 0
8.728, 0.5, 4.94066e-324, 243.055, 0
8.742, 0.5, 4.94066e-324, 243.465, 58.0552
8.755, 0.5, 4.94066e-324, 243.875, 31.4645
8.769, 0.5, 4.94066e-324, 244.354, 0
8.783, 0.5, 4.94066e-324, 244.764, 61.0072
8.796, 0.5, 4.94066e-324, 245.175, 60.1487
8.81, 0.5, 4.94066e-324, 245.653, 0
8.824, 0.5, 4.94066e-324, 246.064, 0
8.84, 0.5, 4.94066e-324, 246.611, 55.2862
8.856, 0.5, 4.94066e-324, 247.09, 0
8.87, 0.5, 4.94066e-324, 247.5, 60.6824
8.883, 0.5, 4.94066e-324, 247.91, 59.6243
8.897, 0.5, 4.94066e-324, 248.389, 59.5205
8.91, 0.5, 4.94066e-324, 248.799, 59.9904
8.924, 0.5, 4.94066e-324, 249.278, 0
8.938, 0.5, 4.94066e-324, 249.62, 61.7787
8.952, 0.5, 4.94066e-324, 250.099, 0
8.965, 0.5, 4.94066e-324, 250.578, 0
8.979, 0.5, 4.94066e-324, 250.988, 0
8.992, 0.5, 4.94066e-324, 251.398, 58.7031
9.006, 0.5, 4.94066e-324, 251.809, 59.5723
9.02, 0.5, 4.94066e-324, 252.287, 0
9.034, 0.5, 4.94066e-324, 252.698, 61.3905
9.047, 0.5, 4.94066e-324, 253.108, 60.3078
9.061, 0.5, 4.94066e-324, 253.587, 60.5213
9.074, 0.5, 4.94066e-324, 253.997, 58.7535
9.088, 0.5, 4.94066e-324, 254.476, 0
9.102, 0.5, 4.94066e-324, 254.954, 0
9.116, 0.5, 4.94066e-324, 255.365, 0
9.128, 0.5, 4.94066e-324, 255.775, 0
9.142, 0.5, 4.94066e-324, 256.185, 0
9.155, 0.5, 4.94066e-324, 256.596, 59.2626
9.169, 0.5, 4.94066e-324, 257.074, 62.4558
9.183, 0.5, 4.94066e-324, 257.485, 60.9528
9.197, 0.5, 4.94066e-324, 257.964, 0
9.21, 0.5, 4.94066e-324, 258.374, 0
9.224, 0.5, 4.94066e-324, 258.784, 59.109
9.238, 0.5, 4.94066e-324, 259.195, 59.3655
9.251, 0.5, 4.94066e-324, 259.673, 0
9.265, 0.5, 4.94066e-324, 260.084, 59.0579
9.279, 0.5, 4.94066e-324, 260.562, 0
9.293, 0.5, 4.94066e-324, 261.041, 0
9.306, 0.5, 4.94066e-324, 261.383, 59.5205
9.32, 0.5, 4.94066e-324, 261.862, 0
9.333, 0.5, 4.94066e-324, 262.272, 61.0617
9.347, 0.5, 4.94066e-324, 262.682, 59.8329
9.361, 0.5, 4.94066e-324, 263.161, 0
9.374, 0.5, 4.94066e-324, 263.571, 58.4023
9.389, 0.5, 4.94066e-324, 264.05, 0
9.403, 0.5, 4.94066e-324, 264.529, 0
9.416, 0.5, 4.94066e-324, 264.939, 0
9.43, 0.5, 4.94066e-324, 265.35, 59.8329
9.444, 0.5, 4.94066e-324, 265.828, 0
9.457, 0.5, 4.94066e-324, 266.239, 58.9561
9.471, 0.5, 4.94066e-324, 266.717, 0
9.485, 0.5, 4.94066e-324, 267.059, 62.2851
9.498, 0.5, 4.94066e-324, 267.538, 59.3655
9.512, 0.5, 4.94066e-324, 267.948, 54.4933
9.526, 0.5, 4.94066e-324, 268.427, 0
9.539, 0.5, 4.94066e-324, 268.837, 59.6243
9.553, 0.5, 4.94066e-324, 269.248, 62.4558
9.567, 0.5, 4.94066e-324, 269.795, 0
9.581, 0.5, 4.94066e-324, 270.205, 0
9.595, 0.5, 4.94066e-324, 270.616, 0
9.608, 0.5, 4.94066e-324, 271.094, 0
9.622, 0.5, 4.94066e-324, 271.505, 0
9.636, 0.5, 4.94066e-324, 271.915, 61.3905
9.649, 0.5, 4.94066e-324, 272.325, 61.0617
9.663, 0.5, 4.94066e-324, 272.804, 0
9.676, 0.5, 4.94066e-324, 273.283, 0
9.69, 0.5, 4.94066e-324, 273.693, 0
9.704, 0.5, 4.94066e-324, 274.103, 60.7903
9.718, 0.5, 4.94066e-324, 274.514, 58.9561
9.731, 0.5, 4.94066e-324, 274.992, 0
9.745, 0.5, 4.94066e-324, 275.471, 0
9.759, 0.5, 4.94066e-324, 275.881, 0
9.773, 0.5, 4.94066e-324, 276.36, 0
9.787, 0.5, 4.94066e-324, 276.771, 61.8906
9.801, 0.5, 4.94066e-324, 277.249, 0
9.815, 0.5, 4.94066e-324, 277.66, 61.8906
9.829, 0.5, 4.94066e-324, 278.07, 61.1709
9.842, 0.5, 4.94066e-324, 278.549, 0
9.856, 0.5, 4.94066e-324, 278.959, 59.109
9.87, 0.5, 4.94066e-324, 279.369, 60.6824
9.883, 0.5, 4.94066e-324, 279.848, 0
9.897, 0.5, 4.94066e-324, 280.258, 0
9.911, 0.5, 4.94066e-324, 280.737, 0
9.924, 0.5, 4.94066e-324, 281.147, 0
9.938, 0.5, 4.94066e-324, 281.558, 61.6118
9.952, 0.5, 4.94066e-324, 282.036, 0
9.966, 0.5, 4.94066e-324, 282.447, 0
9.979, 0.5, 4.94066e-324, 282.857, 61.8346
9.993, 0.5, 4.94066e-324, 283.267, 58.7535
10.007, -0, 4.94066e-324, 283.746, 0
10.02, -0, 4.94066e-324, 283.951, 0
10.034, -0, 4.94066e-324, 283.951, 0
10.048, -0, 4.94066e-324, 283.951, 0
10.062, -0, 4.94066e-324, 284.02, 0
10.075, -0, 4.94066e-324, 284.02, 0
10.089, -0, 4.94066e-324, 284.02, 0
10.102, -0, 4.94066e-324, 284.02, 0
10.115, -0, 4.94066e-324, 284.02, 0
10.129, -0, 4.94066e-324, 284.02, 22.2412
10.142, -0, 4.94066e-324, 284.02, 0
10.155, -0, 4.94066e-324, 284.02, 0
10.169, -0, 4.94066e-324, 284.02, 0
10.183, -0, 4.94066e-324, 284.02, 0
10.197, -0, 4.94066e-324, 284.02, 0
10.21, -0, 4.94066e-324, 284.02, 0
10.225, -0, 4.94066e-324, 284.02, 0
10.238, -0, 4.94066e-324, 284.02, 0
10.252, -0, 4.94066e-324, 284.02, 0
10.266, -0, 4.94066e-324, 284.02, 0
10.279, -0, 4.94066e-324, 284.02, 0
10.293, -0, 4.94066e-324, 284.02, 0
10.307, -0, 4.94066e-324, 284.02, 0
10.32, -0, 4.94066e-324, 284.02, 0
10.334, -0, 4.94066e-324, 284.02, 0
10.348, -0, 4.94066e-324, 284.02, 0
10.361, -0, 4.94066e-324, 284.02, 0
10.375, -0, 4.94066e-324, 284.02, 0
10.388, -0, 4.94066e-324, 284.02, 0
10.409, -0, 4.94066e-324, 284.02, 0
10.423, -0, 4.94066e-324, 284.02, 0
10.437, -0, 4.94066e-324, 284.02, 0
10.45, -0, 4.94066e-324, 284.02, 0
10.464, -0, 4.94066e-324, 284.02, 0
10.477, -0, 4.94066e-324, 284.02, 0
10.491, -0, 4.94066e-324, 284.02, 0
10.505, -0, 4.94066e-324, 284.02, 0
10.519, -0, 4.94066e-324, 284.02, 0
10.532, -0, 4.94066e-324, 284.02, 0
10.546, -0, 4.94066e-324, 284.02, 0
10.559, -0, 4.94066e-324, 284.02, 0
10.573, -0, 4.94066e-324, 284.02, 0
10.588, -0, 4.94066e-324, 284.02, 0
10.603, -0, 4.94066e-324, 284.02, 0
10.616, -0, 4.94066e-324, 284.02, 0
10.63, -0, 4.94066e-324, 284.02, 0
10.644, -0, 4.94066e-324, 284.02, 0
10.657, -0, 4.94066e-324, 284.02, 0
10.672, -0, 4.94066e-324, 284.02, 0
10.685, -0, 4.94066e-324, 284.02, 0
10.699, -0, 4.94066e-324, 284.02, 0
10.712, -0, 4.94066e-324, 284.02, 0
10.726, -0, 4.94066e-324, 284.02, 0
10.74, -0, 4.94066e-324, 284.02, 0
10.754, -0, 4.94066e-324, 284.02, 0
10.767, -0, 4.94066e-324, 284.02, 0
10.781, -0, 4.94066e-324, 284.02, 0
10.795, -0, 4.94066e-324, 284.02, 0
10.808, -0, 4.94066e-324, 284.02, 0
10.822, -0, 4.94066e-324, 284.02, 0
10.84, -0, 4.94066e-324, 284.02, 0
10.853, -0, 4.94066e-324, 284.02, 0
10.867, -0, 4.94066e-324, 284.02, 0
10.881, -0, 4.94066e-324, 284.02, 0
10.894, -0, 4.94066e-324, 284.02, 0
10.908, -0, 4.94066e-324, 284.02, 0
10.922, -0, 4.94066e-324, 284.02, 0
10.936, -0, 4.94066e-324, 284.02, 0
10.949, -0, 4.94066e-324, 284.02, 0
10.963, -0, 4.94066e-324, 284.02, 0
10.977, -0, 4.94066e-324, 284.02, 0
10.99, -0, 4.94066e-324, 284.02, 0
11.004, -0, 4.94066e-324, 284.02, 0
11.018, -0, 4.94066e-324, 284.02, 0
11.031, -0, 4.94066e-324, 284.02, 0
11.045, -0, 4.94066e-324, 284.02, 0
11.059, -0, 4.94066e-324, 284.02, 0
11.072, -0, 4.94066e-324, 284.02, 0
11.086, -0, 4.94066e-324, 284.02, 0
11.1, -0, 4.94066e-324, 284.02, 0
11.113, -0, 4.94066e-324, 284.02, 0
11.127, -0, 4.94066e-324, 284.02, 0
11.141, -0, 4.94066e-324, 284.02, 0
11.153, -0, 4.94066e-324, 284.02, 0
11.167, -0, 4.94066e-324, 284.02, 0
11.181, -0, 4.94066e-324, 284.02, 0
11.194, -0, 4.94066e-324, 284.02, 0
11.208, -0, 4.94066e-324, 284.02, 0
11.222, -0, 4.94066e-324, 284.02, 0
11.236, -0, 4.94066e-324, 284.02, 0
11.249, -0, 4.94066e-324, 284.02, 0
11.263, -0, 4.94066e-324, 284.02, 0
11.276, -0, 4.94066e-324, 284.02, 0
11.29, -0, 4.94066e-324, 284.02, 0
11.304, -0, 4.94066e-324, 284.02, 0
11.318, -0, 4.94066e-324, 284.02, 0
11.331, -0, 4.94066e-324, 284.02, 0
11.345, -0, 4.94066e-324, 284.02, 0
11.359, -0, 4.94066e-324, 284.02, 0
11.372, -0, 4.94066e-324, 284.02, 0
11.386, -0, 4.94066e-324, 284.02, 0
11.4, -0, 4.94066e-324, 284.02, 0
11.413, -0, 4.94066e-324, 284.02, 0
11.427, -0, 4.94066e-324, 284.02, 0
11.441, -0, 4.94066e-324, 284.02, 0
11.454, -0, 4.94066e-324, 284.02, 0
11.468, -0, 4.94066e-324, 284.02, 0
11.482, -0, 4.94066e-324, 284.02, 0
11.495, -0, 4.94066e-324, 284.02, 0
11.508, -0, 4.94066e-324, 284.02, 0
11.522, -0, 4.94066e-324, 284.02, 0
11.535, -0, 4.94066e-324, 284.02, 0
11.549, -0, 4.94066e-324, 284.02, 0
11.563, -0, 4.94066e-324, 284.02, 0
11.576, -0, 4.94066e-324, 284.02, 0
11.591, -0, 4.94066e-324, 284.02, 0
11.604, -0, 4.94066e-324, 284.02, 0
11.618, -0, 4.94066e-324, 284.02, 0
11.632, -0, 4.94066e-324, 284.02, 0
11.645, -0, 4.94066e-324, 284.02, 0
11.659, -0, 4.94066e-324, 284.02, 0
11.673, -0, 4.94066e-324, 284.02, 0
11.687, -0, 4.94066e-324, 284.02, 0
11.7, -0, 4.94066e-324, 284.02, 0
11.714, -0, 4.94066e-324, 284.02, 0
11.727, -0, 4.94066e-324, 284.02, 0
11.742, -0, 4.94066e-324, 284.02, 0
11.755, -0, 4.94066e-324, 284.02, 0
11.769, -0, 4.94066e-324, 284.02, 0
11.783, -0, 4.94066e-324, 284.02, 0
11.796, -0, 4.94066e-324, 284.02, 0
11.81, -0, 4.94066e-324, 284.02, 0
11.824, -0, 4.94066e-324, 284.02, 0
11.837, -0, 4.94066e-324, 284.02, 0
11.851, -0, 4.94066e-324, 284.02, 0
11.865, -0, 4.94066e-324, 284.02, 0
11.878, -0, 4.94066e-324, 284.02, 0
11.892, -0, 4.94066e-324, 284.02, 0
11.906, -0, 4.94066e-324, 284.02, 0
11.92, -0, 4.94066e-324, 284.02, 0
11.933, -0, 4.94066e-324, 284.02, 0
11.947, -0, 4.94066e-324, 284.02, 0
11.961, -0, 4.94066e-324, 284.02, 0
11.974, -0, 4.94066e-324, 284.02, 0
11.988, -0, 4.94066e-324, 284.02, 0
12.002, -0, 4.94066e-324, 284.02, 0
12.015, -0, 4.94066e-324, 284.02, 0
12.029, -0, 4.94066e-324, 284.02, 0
12.043, -0, 4.94066e-324, 284.02, 0
12.056, -0, 4.94066e-324, 284.02, 0
12.07, -0, 4.94066e-324, 284.02, 0
12.084, -0, 4.94066e-324, 284.02, 0
12.097, -0, 4.94066e-324, 284.02, 0
12.111, -0, 4.94066e-324, 284.02, 0
12.125, -0, 4.94066e-324, 284.02, 0
12.139, -0, 4.94066e-324, 284.02, 0
12.153, -0, 4.94066e-324, 284.02, 0
12.166, -0, 4.94066e-324, 284.02, 0
12.18, -0, 4.94066e-324, 284.02, 0
12.194, -0, 4.94066e-324, 284.02, 0
12.208, -0, 4.94066e-324, 284.02, 0
12.222, -0, 4.94066e-324, 284.02, 0
12.235, -0, 4.94066e-324, 284.02, 0
12.249, -0, 4.94066e-324, 284.02, 0
12.262, -0, 4.94066e-324, 284.02, 0
12.275, -0, 4.94066e-324, 284.02, 0
12.289, -0, 4.94066e-324, 284.02, 0
12.302, -0, 4.94066e-324, 284.02, 0
12.316, -0, 4.94066e-324, 284.02, 0
12.33, -0, 4.94066e-324, 284.02, 0
12.343, -0, 4.94066e-324, 284.02, 0
12.357, -0, 4.94066e-324, 284.02, 0
12.371, -0, 4.94066e-324, 284.02, 0
12.384, -0, 4.94066e-324, 284.02, 0
12.398, -0, 4.94066e-324, 284.02, 0
12.412, -0, 4.94066e-324, 284.02, 0
12.425, -0, 4.94066e-324, 284.02, 0
12.439, -0, 4.94066e-324, 284.02, 0
12.453, -0, 4.94066e-324, 284.02, 0
12.466, -0, 4.94066e-324, 284.02, 0
12.48, -0, 4.94066e-324, 284.02, 0
12.494, -0, 4.94066e-324, 284.02, 0
12.507, -0, 4.94066e-324, 284.02, 0
12.521, -0, 4.94066e-324, 284.02, 0
12.536, -0, 4.94066e-324, 284.02, 0
12.549, -0, 4.94066e-324, 284.02, 0
12.563, -0, 4.94066e-324, 284.02, 0
12.577, -0, 4.94066e-324, 284.02, 0
12.59, -0, 4.94066e-324, 284.02, 0
12.604, -0, 4.94066e-324, 284.02, 0
12.618, -0, 4.94066e-324, 284.02, 0
12.632, -0, 4.94066e-324, 284.02, 0
12.645, -0, 4.94066e-324, 284.02, 0
12.659, -0, 4.94066e-324, 284.02, 0
12.679, -0, 4.94066e-324, 284.02, 0
12.693, -0, 4.94066e-324, 284.02, 0
12.707, -0, 4.94066e-324, 284.02, 0
12.72, -0, 4.94066e-324, 284.02, 0
12.734, -0, 4.94066e-324, 284.02, 0
12.747, -0, 4.94066e-324, 284.02, 0
12.761, -0, 4.94066e-324, 284.02, 0
12.775, -0, 4.94066e-324, 284.02, 0
12.788, -0, 4.94066e-324, 284.02, 0
12.802, -0, 4.94066e-324, 284.02, 0
12.816, -0, 4.94066e-324, 284.02, 0
12.83, -0, 4.94066e-324, 284.02, 0
12.843, -0, 4.94066e-324, 284.02, 0
12.857, -0, 4.94066e-324, 284.02, 0
12.871, -0, 4.94066e-324, 284.02, 0
12.884, -0, 4.94066e-324, 284.02, 0
12.898, -0, 4.94066e-324, 284.02, 0
12.912, -0, 4.94066e-324, 284.02, 0
12.925, -0, 4.94066e-324, 284.02, 0
12.939, -0, 4.94066e-324, 284.02, 0
12.955, -0, 4.94066e-324, 284.02, 0
12.969, -0, 4.94066e-324, 284.02, 0
12.982, -0, 4.94066e-324, 284.02, 0
12.996, -0, 4.94066e-324, 284.02, 0
13.01, -0, 4.94066e-324, 284.02, 0
13.023, -0, 4.94066e-324, 284.02, 0
13.037, -0, 4.94066e-324, 284.02, 0
13.051, -0, 4.94066e-324, 284.02, 0
13.064, -0, 4.94066e-324, 284.02, 0
13.078, -0, 4.94066e-324, 284.02, 0
13.092, -0, 4.94066e-324, 284.02, 0
13.105, -0, 4.94066e-324, 284.02, 0
13.123, -0, 4.94066e-324, 284.02, 0
13.137, -0, 4.94066e-324, 284.02, 0
13.15, -0, 4.94066e-324, 284.02, 0
13.166, -0, 4.94066e-324, 284.02, 0
13.179, -0, 4.94066e-324, 284.02, 0
13.193, -0, 4.94066e-324, 284.02, 0
13.207, -0, 4.94066e-324, 284.02, 0
13.22, -0, 4.94066e-324, 284.02, 0
13.234, -0, 4.94066e-324, 284.02, 0
13.248, -0, 4.94066e-324, 284.02, 0
13.261, -0, 4.94066e-324, 284.02, 0
13.275, -0, 4.94066e-324, 284.02, 0
13.289, -0, 4.94066e-324, 284.02, 0
13.303, -0, 4.94066e-324, 284.02, 0
13.316, -0, 4.94066e-324, 284.02, 0
13.33, -0, 4.94066e-324, 284.02, 0
13.343, -0, 4.94066e-324, 284.02, 0
13.357, -0, 4.94066e-324, 284.02, 0
13.371, -0, 4.94066e-324, 284.02, 0
13.384, -0, 4.94066e-324, 284.02, 0
13.398, -0, 4.94066e-324, 284.02, 0
13.412, -0, 4.94066e-324, 284.02, 0
13.425, -0, 4.94066e-324, 284.02, 0
13.439, -0, 4.94066e-324, 284.02, 0
13.453, -0, 4.94066e-324, 284.02, 0
13.466, -0, 4.94066e-324, 284.02, 0
13.48, -0, 4.94066e-324, 284.02, 0
13.494, -0, 4.94066e-324, 284.02, 0
13.508, -0, 4.94066e-324, 284.02, 0
13.521, -0, 4.94066e-324, 284.02, 0
13.535, -0, 4.94066e-324, 284.02, 0
13.548, -0, 4.94066e-324, 284.02, 0
13.562, -0, 4.94066e-324, 284.02, 0
13.576, -0, 4.94066e-324, 284.02, 0
13.59, -0, 4.94066e-324, 284.02, 0
13.604, -0, 4.94066e-324, 284.02, 0
13.618, -0, 4.94066e-324, 284.02, 0
13.631, -0, 4.94066e-324, 284.02, 0
13.645, -0, 4.94066e-324, 284.02, 0
13.659, -0, 4.94066e-324, 284.02, 0
13.673, -0, 4.94066e-324, 284.02, 0
13.686, -0, 4.94066e-324, 284.02, 0
13.7, -0, 4.94066e-324, 284.02, 0
13.713, -0, 4.94066e-324, 284.02, 0
13.727, -0, 4.94066e-324, 284.02, 0
13.741, -0, 4.94066e-324, 284.02, 0
13.755, -0, 4.94066e-324, 284.02, 0
13.769, -0, 4.94066e-324, 284.02, 0
13.783, -0, 4.94066e-324, 284.02, 0
13.796, -0, 4.94066e-324, 284.02, 0
13.81, -0, 4.94066e-324, 284.02, 0
13.824, -0, 4.94066e-324, 284.02, 0
13.846, -0, 4.94066e-324, 284.02, 0
13.86, -0, 4.94066e-324, 284.02, 0
13.874, -0, 4.94066e-324, 284.02, 0
13.888, -0, 4.94066e-324, 284.02, 0
13.903, -0, 4.94066e-324, 284.02, 0
13.917, -0, 4.94066e-324, 284.02, 0
13.931, -0, 4.94066e-324, 284.02, 0
13.944, -0, 4.94066e-324, 284.02, 0
13.958, -0, 4.94066e-324, 284.02, 0
13.971, -0, 4.94066e-324, 284.02, 0
13.985, -0, 4.94066e-324, 284.02, 0
13.998, -0, 4.94066e-324, 284.02, 0
14.016, -0, 4.94066e-324, 284.02, 0
14.029, -0, 4.94066e-324, 284.02, 0
14.043, -0, 4.94066e-324, 284.02, 0
14.057, -0, 4.94066e-324, 284.02, 0
14.072, -0, 4.94066e-324, 284.02, 0
14.086, -0, 4.94066e-324, 284.02, 0
14.099, -0, 4.94066e-324, 284.02, 0
14.113, -0, 4.94066e-324, 284.02, 0
14.127, -0, 4.94066e-324, 284.02, 0
14.14, -0, 4.94066e-324, 284.02, 0
14.154, -0, 4.94066e-324, 284.02, 0
14.168, -0, 4.94066e-324, 284.02, 0
14.181, -0, 4.94066e-324, 284.02, 0
14.195, -0, 4.94066e-324, 284.02, 0
14.209, -0, 4.94066e-324, 284.02, 0
14.222, -0, 4.94066e-324, 284.02, 0
14.236, -0, 4.94066e-324, 284.02, 0
14.249, -0, 4.94066e-324, 284.02, 0
14.263, -0, 4.94066e-324, 284.02, 0
14.277, -0, 4.94066e-324, 284.02, 0
14.29, -0, 4.94066e-324, 284.02, 0
14.304, -0, 4.94066e-324, 284.02, 0
14.317, -0, 4.94066e-324, 284.02, 0
14.331, -0, 4.94066e-324, 284.02, 0
14.345, -0, 4.94066e-324, 284.02, 0
14.358, -0, 4.94066e-324, 284.02, 0
14.372, -0, 4.94066e-324, 284.02, 0
14.386, -0, 4.94066e-324, 284.02, 0
14.399, -0, 4.94066e-324, 284.02, 0
14.413, -0, 4.94066e-324, 284.02, 0
14.426, -0, 4.94066e-324, 284.02, 0
14.44, -0, 4.94066e-324, 284.02, 0
14.454, -0, 4.94066e-324, 284.02, 0
14.467, -0, 4.94066e-324, 284.02, 0
14.481, -0, 4.94066e-324, 284.02, 0
14.494, -0, 4.94066e-324, 284.02, 0
14.508, -0, 4.94066e-324, 284.02, 0
14.522, -0, 4.94066e-324, 284.02, 0
14.536, -0, 4.94066e-324, 284.02, 0
14.549, -0, 4.94066e-324, 284.02, 0
14.563, -0, 4.94066e-324, 284.02, 0
14.576, -0, 4.94066e-324, 284.02, 0
14.59, -0, 4.94066e-324, 284.02, 0
14.604, -0, 4.94066e-324, 284.02, 0
14.619, -0, 4.94066e-324, 284.02, 0
14.632, -0, 4.94066e-324, 284.02, 0
14.646, -0, 4.94066e-324, 284.02, 0
14.659, -0, 4.94066e-324, 284.02, 0
14.673, -0, 4.94066e-324, 284.02, 0
14.687, -0, 4.94066e-324, 284.02, 0
14.7, -0, 4.94066e-324, 284.02, 0
14.714, -0, 4.94066e-324, 284.02, 0
14.728, -0, 4.94066e-324, 284.02, 0
14.741, -0, 4.94066e-324, 284.02, 0
14.755, -0, 4.94066e-324, 284.02, 0
14.768, -0, 4.94066e-324, 284.02, 0
14.782, -0, 4.94066e-324, 284.02, 0
14.796, -0, 4.94066e-324, 284.02, 0
14.809, -0, 4.94066e-324, 284.02, 0
14.823, -0, 4.94066e-324, 284.02, 0
14.837, -0, 4.94066e-324, 284.02, 0
14.851, -0, 4.94066e-324, 284.02, 0
14.865, -0, 4.94066e-324, 284.02, 0
14.878, -0, 4.94066e-324, 284.02, 0
14.892, -0, 4.94066e-324, 284.02, 0
14.906, -0, 4.94066e-324, 284.02, 0
14.922, -0, 4.94066e-324, 284.02, 0
14.935, -0, 4.94066e-324, 284.02, 0
14.949, -0, 4.94066e-324, 284.02, 0
14.962, -0, 4.94066e-324, 284.02, 0
14.975, -0, 4.94066e-324, 284.02, 0
14.989, -0, 4.94066e-324, 284.02, 0
15.003, -0, 4.94066e-324, 284.02, 0
15.016, -0, 4.94066e-324, 284.02, 0
15.03, -0, 4.94066e-324, 284.02, 0
15.044, -0, 4.94066e-324, 284.02, 0
15.057, -0, 4.94066e-324, 284.02, 0
15.071, -0, 4.94066e-324, 284.02, 0
15.084, -0, 4.94066e-324, 284.02, 0
15.098, -0, 4.94066e-324, 284.02, 0
15.111, -0, 4.94066e-324, 284.02, 0
15.125, -0, 4.94066e-324, 284.02, 0
15.139, -0, 4.94066e-324, 284.02, 0
15.153, -0, 4.94066e-324, 284.02, 0
15.166, -0, 4.94066e-324, 284.02, 0
15.18, -0, 4.94066e-324, 284.02, 0
15.194, -0, 4.94066e-324, 284.02, 0
15.207, -0, 4.94066e-324, 284.02, 0
15.222, -0, 4.94066e-324, 284.02, 0
15.236, -0, 4.94066e-324, 284.02, 0
15.249, -0, 4.94066e-324, 284.02, 0
15.263, -0, 4.94066e-324, 284.02, 0
15.276, -0, 4.94066e-324, 284.02, 0
15.29, -0, 4.94066e-324, 284.02, 0
15.304, -0, 4.94066e-324, 284.02, 0
15.317, -0, 4.94066e-324, 284.02, 0
15.333, -0, 4.94066e-324, 284.02, 0
15.347, -0, 4.94066e-324, 284.02, 0
15.361, -0, 4.94066e-324, 284.02, 0
15.374, -0, 4.94066e-324, 284.02, 0
15.388, -0, 4.94066e-324, 284.02, 0
15.409, -0, 4.94066e-324, 284.02, 0
15.422, -0, 4.94066e-324, 284.02, 0
15.436, -0, 4.94066e-324, 284.02, 0
15.45, -0, 4.94066e-324, 284.02, 0
15.463, -0, 4.94066e-324, 284.02, 0
15.477, -0, 4.94066e-324, 284.02, 0
15.49, -0, 4.94066e-324, 284.02, 0
15.504, -0, 4.94066e-324, 284.02, 0
15.518, -0, 4.94066e-324, 284.02, 0
15.531, -0, 4.94066e-324, 284.02, 0
15.545, -0, 4.94066e-324, 284.02, 0
15.558, -0, 4.94066e-324, 284.02, 0
15.572, -0, 4.94066e-324, 284.02, 0
15.586, -0, 4.94066e-324, 284.02, 0
15.599, -0, 4.94066e-324, 284.02, 0
15.613, -0, 4.94066e-324, 284.02, 0
15.627, -0, 4.94066e-324, 284.02, 0
15.64, -0, 4.94066e-324, 284.02, 0
15.654, -0, 4.94066e-324, 284.02, 0
15.667, -0, 4.94066e-324, 284.02, 0
15.681, -0, 4.94066e-324, 284.02, 0
15.694, -0, 4.94066e-324, 284.02, 0
15.708, -0, 4.94066e-324, 284.02, 0
15.721, -0, 4.94066e-324, 284.02, 0
15.735, -0, 4.94066e-324, 284.02, 0
15.748, -0, 4.94066e-324, 284.02, 0
15.762, -0, 4.94066e-324, 284.02, 0
15.775, -0, 4.94066e-324, 284.02, 0
15.789, -0, 4.94066e-324, 284.02, 0
15.803, -0, 4.94066e-324, 284.02, 0
15.816, -0, 4.94066e-324, 284.02, 0
15.83, -0, 4.94066e-324, 284.02, 0
15.844, -0, 4.94066e-324, 284.02, 0
