0.006, 0, 0, 0, 0
2.458, 0, 0, 0, 0
2.475, 0, 0, 0, 0
2.489, 0, 0, 0, 0
2.502, 0, 0, 0, 0
2.515, 0, 0, 0, 0
2.528, 0, 0, 0, 0
2.541, 0, 0, 0, 0
2.554, 0, 0, 0, 0
2.568, 0, 0, 0, 0
2.58, 0, 0, 0, 0
2.593, 0, 0, 0, 0
2.607, 0, 0, 0, 0
2.62, 0, 0, 0, 0
2.633, 0, 0, 0, 0
2.646, 0, 0, 0, 0
2.659, 0, 0, 0, 0
2.672, 0, 0, 0, 0
2.685, 0, 0, 0, 0
2.698, 0, 0, 0, 0
2.712, 0, 0, 0, 0
2.724, 0, 0, 0, 0
2.737, 0, 0, 0, 0
2.75, 0, 0, 0, 0
2.763, 0, 0, 0, 0
2.776, 0, 0, 0, 0
2.789, 0, 0, 0, 0
2.802, 0, 0, 0, 0
2.815, 0, 0, 0, 0
2.828, 0, 0, 0, 0
2.841, 0, 0, 0, 0
2.853, 0, 0, 0, 0
2.866, 0, 0, 0, 0
2.879, 0, 0, 0, 0
2.891, 0, 0, 0, 0
2.904, 0, 0, 0, 0
2.917, 0, 0, 0, 0
2.93, 0, 0, 0, 0
2.943, 0, 0, 0, 0
2.956, 0, 0, 0, 0
2.969, 0, 0, 0, 0
2.981, 0, 0, 0, 0
2.994, 0, 0, 0, 0
3.007, 0, 0, 0, 0
3.02, 0, 0, 0, 0
3.033, 0, 0, 0, 0
3.046, 0, 0, 0, 0
3.059, 0, 0, 0, 0
3.072, 0, 0, 0, 0
3.085, 0, 0, 0, 0
3.097, 0, 0, 0, 0
3.11, 0, 0, 0, 0
3.122, 0, 0, 0, 0
3.134, 0, 0, 0, 0
3.147, 0, 0, 0, 0
3.159, 0, 0, 0, 0
3.172, 0, 0, 0, 0
3.184, 0, 0, 0, 0
3.197, 0, 0, 0, 0
3.209, 0, 0, 0, 0
3.221, 0, 0, 0, 0
3.234, 0, 0, 0, 0
3.246, 0, 0, 0, 0
3.258, 0, 0, 0, 0
3.271, 0, 0, 0, 0
3.283, 0, 0, 0, 0
3.295, 0, 0, 0, 0
3.308, 0, 0, 0, 0
3.32, 0, 0, 0, 0
3.333, 0, 0, 0, 0
3.345, 0, 0, 0, 0
3.358, 0, 0, 0, 0
3.37, 0, 0, 0, 0
3.382, 0, 0, 0, 0
3.395, 0, 0, 0, 0
3.407, 0, 0, 0, 0
3.42, 0, 0, 0, 0
3.432, 0, 0, 0, 0
3.444, 0, 0, 0, 0
3.457, 0, 0, 0, 0
3.469, 0, 0, 0, 0
3.482, 0, 0, 0, 0
3.494, 0, 0, 0, 0
3.507, 0, 0, 0, 0
3.519, 0, 0, 0, 0
3.532, 0, 0, 0, 0
3.545, 0, 0, 0, 0
3.557, 0, 0, 0, 0
3.57, 0, 0, 0, 0
3.583, 0, 0, 0, 0
3.596, 0, 0, 0, 0
3.609, 0, 0, 0, 0
3.622, 0, 0, 0, 0
3.634, 0, 0, 0, 0
3.647, 0, 0, 0, 0
3.66, 0, 0, 0, 0
3.673, 0, 0, 0, 0
3.686, 0, 0, 0, 0
3.698, 0, 0, 0, 0
3.711, 0, 0, 0, 0
3.723, 0, 0, 0, 0
3.736, 0, 0, 0, 0
3.748, 0, 0, 0, 0
3.761, 0, 0, 0, 0
3.773, 0, 0, 0, 0
3.785, 0, 0, 0, 0
3.798, 0, 0, 0, 0
3.81, 0, 0, 0, 0
3.823, 0, 0, 0, 0
3.835, 0, 0, 0, 0
3.848, 0, 0, 0, 0
3.86, 0, 0, 0, 0
3.872, 0, 0, 0, 0
3.885, 0, 0, 0, 0
3.897, 0, 0, 0, 0
3.91, 0, 0, 0, 0
3.922, 0, 0, 0, 0
3.935, 0, 0, 0, 0
3.947, 0, 0, 0, 0
3.959, 0, 0, 0, 0
3.972, 0, 0, 0, 0
3.984, 0, 0, 0, 0
3.997, 0, 0, 0, 0
4.009, 0, 0, 0, 0
4.022, 0, 0, 0, 0
4.035, 0, 0, 0, 0
4.047, 0, 0, 0, 0
4.06, 0, 0, 0, 0
4.073, 0, 0, 0, 0
4.085, 0, 0, 0, 0
4.098, 0, 0, 0, 0
4.111, 0, 0, 0, 0
4.124, 0, 0, 0, 0
4.137, 0, 0, 0, 0
4.15, 0, 0, 0, 0
4.163, 0, 0, 0, 0
4.176, 0, 0, 0, 0
4.189, 0, 0, 0, 0
4.201, 0, 0, 0, 0
4.214, 0, 0, 0, 0
4.227, 0, 0, 0, 0
4.24, 0, 0, 0, 0
4.253, 0, 0, 0, 0
4.266, 0, 0, 0, 0
4.279, 0, 0, 0, 0
4.292, 0, 0, 0, 0
4.305, 0, 0, 0, 0
4.318, 0, 0, 0, 0
4.331, 0, 0, 0, 0
4.344, 0, 0, 0, 0
4.356, 0, 0, 0, 0
4.369, 0, 0, 0, 0
4.382, 0, 0, 0, 0
4.395, 0, 0, 0, 0
4.408, 0, 0, 0, 0
4.421, 0, 0, 0, 0
4.434, 0, 0, 0, 0
4.447, 0, 0, 0, 0
4.459, 0, 0, 0, 0
4.472, 0, 0, 0, 0
4.485, 0, 0, 0, 0
4.498, 0, 0, 0, 0
4.51, 0, 0, 0, 0
4.524, 0, 0, 0, 0
4.537, 0, 0, 0, 0
4.55, 0, 0, 0, 0
4.563, 0, 0, 0, 0
4.576, 0, 0, 0, 0
4.589, 0, 0, 0, 0
4.602, 0, 0, 0, 0
4.614, 0, 0, 0, 0
4.627, 0, 0, 0, 0
4.64, 0, 0, 0, 0
4.653, 0, 0, 0, 0
4.666, 0, 0, 0, 0
4.678, 0, 0, 0, 0
4.691, 0, 0, 0, 0
4.704, 0, 0, 0, 0
4.717, 0, 0, 0, 0
4.73, 0, 0, 0, 0
4.743, 0, 0, 0, 0
4.755, 0, 0, 0, 0
4.768, 0, 0, 0, 0
4.781, 0, 0, 0, 0
4.793, 0, 0, 0, 0
4.807, 0, 0, 0, 0
4.82, 0, 0, 0, 0
4.832, 0, 0, 0, 0
4.845, 0, 0, 0, 0
4.858, 0, 0, 0, 0
4.871, 0, 0, 0, 0
4.884, 0, 0, 0, 0
4.896, 0, 0, 0, 0
4.909, 0, 0, 0, 0
4.921, 0, 0, 0, 0
4.934, 0, 0, 0, 0
4.947, 0, 0, 0, 0
4.96, 0, 0, 0, 0
4.973, 0, 0, 0, 0
4.986, 0, 0, 0, 0
4.998, 0, 0, 0, 0
5.011, 0, 0, 0, 0
5.024, 0, 0, 0, 0
5.037, 0, 0, 0, 0
5.05, 0, 0, 0, 0
5.062, 0, 0, 0, 0
5.075, 0, 0, 0, 0
5.088, 0, 0, 0, 0
5.101, 0, 0, 0, 0
5.114, 0, 0, 0, 0
5.127, 0, 0, 0, 0
5.14, 0, 0, 0, 0
5.153, 0, 0, 0, 0
5.166, 0, 0, 0, 0
5.179, 0, 0, 0, 0
5.191, 0, 0, 0, 0
5.204, 0, 0, 0, 0
5.217, 0, 0, 0, 0
5.229, 0, 0, 0, 0
5.242, 0, 0, 0, 0
5.254, 0, 0, 0, 0
5.267, 0, 0, 0, 0
5.28, 0, 0, 0, 0
5.293, 0, 0, 0, 0
5.305, 0, 0, 0, 0
5.318, 0, 0, 0, 0
5.331, 0, 0, 0, 0
5.344, 0, 0, 0, 0
5.357, 0, 0, 0, 0
5.37, 0, 0, 0, 0
5.383, 0, 0, 0, 0
5.394, 0, 0, 0, 0
5.408, 0, 0, 0, 0
5.421, 0, 0, 0, 0
5.434, 0, 0, 0, 0
5.446, 0, 0, 0, 0
5.459, 0, 0, 0, 0
5.472, 0, 0, 0, 0
5.485, 0, 0, 0, 0
5.497, 0, 0, 0, 0
5.51, 0, 0, 0, 0
5.522, 0, 0, 0, 0
5.535, 0, 0, 0, 0
5.548, 0, 0, 0, 0
5.56, 0, 0, 0, 0
5.572, 0, 0, 0, 0
5.585, 0, 0, 0, 0
5.598, 0, 0, 0, 0
5.61, 0, 0, 0, 0
5.623, 0, 0, 0, 0
5.636, 0, 0, 0, 0
5.649, 0, 0, 0, 0
5.661, 0, 0, 0, 0
5.674, 0, 0, 0, 0
5.687, 0, 0, 0, 0
5.7, 0, 0, 0, 0
5.713, 0, 0, 0, 0
5.725, 0, 0, 0, 0
5.738, 0, 0, 0, 0
5.751, 0, 0, 0, 0
5.764, 0, 0, 0, 0
5.776, 0, 0, 0, 0
5.788, 0, 0, 0, 0
5.801, 0, 0, 0, 0
5.814, 0, 0, 0, 0
5.827, 0, 0, 0, 0
5.84, 0, 0, 0, 0
5.853, 0, 0, 0, 0
5.866, 0, 0, 0, 0
5.878, 0, 0, 0, 0
5.891, 0, 0, 0, 0
5.904, 0, 0, 0, 0
5.916, 0, 0, 0, 0
5.929, 0, 0, 0, 0
5.942, 0, 0, 0, 0
5.955, 0, 0, 0, 0
5.968, 0, 0, 0, 0
5.98, 0, 0, 0, 0
5.993, 0, 0, 0, 0
6.006, 0, 0, 0, 0
6.019, 0, 0, 0, 0
6.032, 0, 0, 0, 0
6.044, 0, 0, 0, 0
6.057, 0, 0, 0, 0
6.07, 0, 0, 0, 0
6.083, 0, 0, 0, 0
6.096, 0, 0, 0, 0
6.109, 0, 0, 0, 0
6.121, 0, 0, 0, 0
6.134, 0, 0, 0, 0
6.147, 0, 0, 0, 0
6.16, 0, 0, 0, 0
6.173, 0, 0, 0, 0
6.185, 0, 0, 0, 0
6.198, 0, 0, 0, 0
6.211, 0, 0, 0, 0
6.224, 0, 0, 0, 0
6.237, 0, 0, 0, 0
6.25, 0, 0, 0, 0
6.262, 0, 0, 0, 0
6.276, 0, 0, 0, 0
6.289, 0, 0, 0, 0
6.301, 0, 0, 0, 0
6.314, 0, 0, 0, 0
6.327, 0, 0, 0, 0
6.34, 0, 0, 0, 0
6.353, 0, 0, 0, 0
6.366, 0, 0, 0, 0
6.378, 0, 0, 0, 0
6.39, 0, 0, 0, 0
6.403, 0, 0, 0, 0
6.416, 0, 0, 0, 0
6.429, 0, 0, 0, 0
6.442, 0, 0, 0, 0
6.455, 0, 0, 0, 0
6.467, 0, 0, 0, 0
6.48, 0, 0, 0, 0
6.492, 0, 0, 0, 0
6.504, 0, 0, 0, 0
6.517, 0, 0, 0, 0
6.529, 0, 0, 0, 0
6.542, 0, 0, 0, 0
6.555, 0, 0, 0, 0
6.567, 0, 0, 0, 0
6.58, 0, 0, 0, 0
6.592, 0, 0, 0, 0
6.604, 0, 0, 0, 0
6.617, 0, 0, 0, 0
6.629, 0, 0, 0, 0
6.641, 0, 0, 0, 0
6.654, 0, 0, 0, 0
6.666, 0, 0, 0, 0
6.679, 0, 0, 0, 0
6.691, 0, 0, 0, 0
6.704, 0, 0, 0, 0
6.716, 0, 0, 0, 0
6.729, 0, 0, 0, 0
6.742, 0, 0, 0, 0
6.755, 0, 0, 0, 0
6.767, 0, 0, 0, 0
6.78, 0, 0, 0, 0
6.793, 0, 0, 0, 0
6.806, 0, 0, 0, 0
6.819, 0, 0, 0, 0
6.832, 0, 0, 0, 0
6.844, 0, 0, 0, 0
6.857, 0, 0, 0, 0
6.869, 0, 0, 0, 0
6.882, 0, 0, 0, 0
6.895, 0, 0, 0, 0
6.908, 0, 0, 0, 0
6.921, 0, 0, 0, 0
6.933, 0, 0, 0, 0
6.946, 0, 0, 0, 0
6.959, 0, 0, 0, 0
6.972, 0, 0, 0, 0
6.985, 0, 0, 0, 0
6.998, 0, 0, 0, 0
7.011, 0, 0, 0, 0
7.023, 0, 0, 0, 0
7.036, 0, 0, 0, 0
7.048, 0, 0, 0, 0
7.061, 0, 0, 0, 0
7.074, 0, 0, 0, 0
7.086, 0, 0, 0, 0
7.099, 0, 0, 0, 0
7.112, 0, 0, 0, 0
7.125, 0, 0, 0, 0
7.137, 0, 0, 0, 0
7.15, 0, 0, 0, 0
7.163, 0, 0, 0, 0
7.176, 0, 0, 0, 0
7.189, 0, 0, 0, 0
7.201, 0, 0, 0, 0
7.213, 0, 0, 0, 0
7.226, 0, 0, 0, 0
7.238, 0, 0, 0, 0
7.251, 0, 0, 0, 0
7.263, 0, 0, 0, 0
7.275, 0, 0, 0, 0
7.288, 0, 0, 0, 0
7.3, 0, 0, 0, 0
7.313, 0, 0, 0, 0
7.325, 0, 0, 0, 0
7.337, 0, 0, 0, 0
7.35, 0, 0, 0, 0
7.362, 0, 0, 0, 0
7.375, 0, 0, 0, 0
7.387, 0, 0, 0, 0
7.4, 0, 0, 0, 0
7.412, 0, 0, 0, 0
7.424, 0, 0, 0, 0
7.436, 0, 0, 0, 0
7.449, 0, 0, 0, 0
7.462, 0, 0, 0, 0
7.475, 0, 0, 0, 0
7.487, 0, 0, 0, 0
7.5, 0, 0, 0, 0
7.512, 0, 0, 0, 0
7.525, 0, 0, 0, 0
7.537, 0, 0, 0, 0
7.55, 0, 0, 0, 0
7.563, 0, 0, 0, 0
7.576, 0, 0, 0, 0
7.589, 0, 0, 0, 0
7.602, 0, 0, 0, 0
7.614, 0, 0, 0, 0
7.627, 0, 0, 0, 0
7.64, 0, 0, 0, 0
7.652, 0, -5, 0, 0
7.664, 0, -5, 0, 0
7.677, 0, -5, 0, 0
7.689, 0, -5, 0, 0
7.702, 0, -5, 0, 0
7.714, 0, -5, 0, 0
7.727, 0, -5, 0, 0
7.74, 0, -5, 0, 0
7.753, 0, -5, 0, 0
7.765, 0, -5, 0, 0
7.778, 0, -5, 0, 0
7.79, 0, -5, 0, 0
7.803, 0, -5, 0, 0
7.816, 0, -5, 0, 0
7.828, 0, -5, 0, 0
7.841, 0, -5, 0, 0
7.855, 0, -5, 0, 0
7.868, 0, -5, 0, 0
7.88, 0, -5, 0, 0
7.893, 0, -5, 0, 0
7.906, 0, -5, 0, 0
7.918, 0, -5, 0, 0
7.93, 0, -5, 0, 0
7.943, 0, -5, 0, 0
7.954, 0, -5, 0, 0
7.968, 0, -5, 0, 0
7.981, 0, -5, 0, 0
7.993, 0, -5, 0, 0
8.005, 0, -5, 0, 0
8.017, 0, -5, 0, 0
8.029, 0, -5, 0, 0
8.042, 0, -5, 0, 0
8.054, 0, -5, 0, 0
8.066, 0, -5, 0, 0
8.079, 0, -5, 0, 0
8.091, 0, -5, 0, 0
8.104, 0, -5, 0, 0
8.116, 0, -5, 0, 0
8.129, 0, -5, 0, 0
8.141, 0, -5, 0, 0
8.154, 0, -5, 0, 0
8.166, 0, -5, 0, 0
8.179, 0, -5, 0, 0
8.191, 0, -5, 0, 0
8.204, 0, -5, 0, 0
8.216, 0, -5, 0, 0
8.229, 0, -5, 0, 0
8.242, 0, -5, 0, 0
8.254, 0, -5, 0, 0
8.267, 0, -5, 0, 0
8.28, 0, -5, 0, 0
8.292, 0, -5, 0, 0
8.305, 0, -5, 0, 0
8.318, 0, -5, 0, 0
8.33, 0, -5, 0, 0
8.343, 0, -5, 0, 0
8.356, 0, -5, 0, 0
8.368, 0, -5, 0, 0
8.381, 0, -5, 0, 0
8.393, 0, -5, 0, 0
8.406, 0, -5, 0, 0
8.419, 0, -5, 0, 0
8.431, 0, -5, 0, 0
8.444, 0, -5, 0, 0
8.457, 0, -5, 0, 0
8.47, 0, -5, 0, 0
8.482, 0, -5, 0, 0
8.495, 0, -5, 0, 0
8.508, 0, -5, 0, 0
8.521, 0, -5, 0, 0
8.533, 0, -5, 0, 0
8.546, 0, -5, 0, 0
8.559, 0, -5, 0, 0
8.571, 0, -5, 0, 0
8.584, 0, -5, 0, 0
8.596, 0, -5, 0, 0
8.609, 0, -5, 0, 0
8.622, 0, -5, 0, 0
8.634, 0, -5, 0, 0
8.647, 0, -5, 0, 0
8.66, 0, -5, 0, 0
8.672, 0, -5, 0, 0
8.685, 0, -5, 0, 0
8.698, 0, -5, 0, 0
8.711, 0, -5, 0, 0
8.724, 0, -5, 0, 0
8.736, 0, -5, 0, 0
8.749, 0, -5, 0, 0
8.762, 0, -5, 0, 0
8.775, 0, -5, 0, 0
8.787, 0, -5, 0, 0
8.8, 0, -5, 0, 0
8.812, 0, -5, 0, 0
8.825, 0, -5, 0, 0
8.838, 0, -5, 0, 0
8.851, 0, -5, 0, 0
8.863, 0, -5, 0, 0
8.876, 0, -5, 0, 0
8.888, 0, -5, 0, 0
8.901, 0, -5, 0, 0
8.914, 0, -5, 0, 0
8.926, 0, -5, 0, 0
8.939, 0, -5, 0, 0
8.952, 0, -5, 0, 0
8.965, 0, -5, 0, 0
8.977, 0, -5, 0, 0
8.99, 0, -5, 0, 0
9.002, 0, -5, 0, 0
9.015, 0, -5, 0, 0
9.028, 0, -5, 0, 0
9.04, 0, -5, 0, 0
9.053, 0, -5, 0, 0
9.066, 0, -5, 0, 0
9.078, 0, -5, 0, 0
9.091, 0, -5, 0, 0
9.104, 0, -5, 0, 0
9.116, 0, -5, 0, 0
9.129, 0, -5, 0, 0
9.142, 0, -5, 0, 0
9.154, 0, -5, 0, 0
9.167, 0, -5, 0, 0
9.18, 0, -5, 0, 0
9.192, 0, -5, 0, 0
9.205, 0, -5, 0, 0
9.218, 0, -5, 0, 0
9.23, 0, -5, 0, 0
9.243, 0, -5, 0, 0
9.256, 0, -5, 0, 0
9.268, 0, -5, 0, 0
9.281, 0, -5, 0, 0
9.293, 0, -5, 0, 0
9.306, 0, -5, 0, 0
9.319, 0, -5, -0.136778, -0.405325
9.332, 0, -5, -0.820669, -56.1026
9.344, 0, -5, -1.57295, -55.2862
9.357, 0, -5, -2.46201, -52.9327
9.37, 0, -5, -3.35106, -105.376
9.383, 0, -5, -4.24012, -122.014
9.396, 0, -5, -5.12918, -102.763
9.409, 0, -5, -6.01824, -55.1525
9.422, 0, -5, -6.77052, -55.3758
9.434, 0, -5, -7.18085, 0
9.447, 0, -5, -7.18085, 0
9.46, 0, -5, -7.18085, 0
9.473, 0, -5, -7.18085, 0
9.485, 0, -5, -7.18085, 0
9.498, 0, -5, -7.18085, 0
9.511, 0, -5, -7.18085, 0
9.524, 0, -5, -7.18085, 0
9.537, 0, -5, -7.18085, 0
9.55, 0, -5, -7.18085, 0
9.562, 0, -5, -7.18085, 0
9.576, 0, -5, -7.18085, 0
9.588, 0, -5, -7.18085, 0
9.601, 0, -5, -7.18085, 0
9.614, 0, -5, -7.18085, 0
9.627, 0, -5, -7.18085, 0
9.639, 0, -5, -7.18085, 0
9.652, 0, -5, -7.18085, 0
9.665, 0, -5, -7.18085, 0
9.678, 0, -5, -7.18085, 0
9.691, 0, -5, -7.18085, 0
9.703, 0, -5, -7.18085, 0
9.716, 0, -5, -7.18085, 0
9.728, 0, -5, -7.18085, 0
9.741, 0, -5, -7.18085, 0
9.754, 0, -5, -7.18085, 0
9.767, 0, -5, -7.18085, 0
9.78, 0, -5, -7.18085, 0
9.792, 0, -5, -7.18085, 0
9.805, 0, -5, -7.18085, 0
9.817, 0, -5, -7.18085, 0
9.83, 0, -5, -7.18085, 0
9.843, 0, -5, -7.18085, 0
9.856, 0, -5, -7.18085, 0
9.869, 0, -5, -7.18085, 0
9.88, 0, -5, -7.18085, 0
9.891, 0, -5, -7.18085, 0
9.902, 0, -5, -7.18085, 0
9.914, 0, -5, -7.18085, -2.17385
9.925, 0, -5, -7.18085, 0
9.936, 0, -5, -7.18085, 0
9.947, 0, -5, -7.18085, 0
9.958, 0, -5, -7.18085, 0
9.968, 0, -5, -7.18085, 87571.4
9.98, 0, -5, 6.2234, -5642.25
9.991, 0, -5, -7.18085, 0
10.002, 0, -5, -7.18085, 0
10.012, 0, -5, -7.18085, 0
10.023, 0, -5, -7.18085, 0
10.034, 0, -5, -7.18085, 0
10.045, 0, -5, -7.18085, 0
10.056, 0, -5, -7.18085, 0
10.066, 0, -5, -7.18085, 0
10.077, 0, -5, -7.18085, 0
10.088, 0, -5, -7.18085, 0
10.098, 0, -5, -7.18085, 0
10.108, 0, -5, -7.18085, 0
10.119, 0, -5, -7.18085, 0
10.129, 0, -5, -7.18085, 0
10.14, 0, -5, -7.18085, 0
10.15, 0, -5, -7.18085, 0
10.161, 0, -5, -7.18085, 0
10.172, 0, -5, -7.18085, 0
10.183, 0, -5, -7.18085, 0
10.193, 0, -5, -7.18085, 0
10.203, 0, -5, -7.18085, 0
10.214, 0, -5, -7.18085, 0
10.224, 0, -5, -7.18085, 0
10.235, 0, -5, -7.18085, 0
10.245, 0, -5, -7.18085, 0
10.256, 0, -5, -7.18085, 0
10.267, 0, -5, -7.18085, 0
10.277, 0, -5, -7.18085, 0
10.288, 0, -5, -7.18085, 0
10.299, 0, -5, -7.18085, 0
10.309, 0, -5, -7.18085, 0
10.32, 0, -5, -7.18085, 0
10.33, 0, -5, -7.18085, 0
10.341, 0, -5, -7.18085, 0
10.352, 0, -5, -7.18085, 0
10.363, 0, -5, -7.18085, 0
10.374, 0, -5, -7.18085, 0
10.385, 0, -5, -7.18085, 0
10.395, 0, -5, -7.18085, 0
10.406, 0, -5, -7.18085, 0
10.416, 0, -5, -7.18085, 0
10.426, 0, -5, -7.18085, 0
10.437, 0, -5, -7.18085, 0
10.448, 0, -5, -7.18085, 0
10.459, 0, -5, -7.18085, 0
10.469, 0, -5, -7.18085, 0
10.48, 0, -5, -7.18085, 0
10.49, 0, -5, -7.18085, 0
10.501, 0, -5, -7.18085, 0
10.511, 0, -5, -7.18085, 0
10.522, 0, -5, -7.18085, 0
10.533, 0, -5, -7.18085, 0
10.544, 0, -5, -7.18085, 0
10.555, 0, -5, -7.18085, 0
10.566, 0, -5, -7.18085, 0
10.577, 0, -5, -7.18085, 0
10.588, 0, -5, -7.18085, 0
10.598, 0, -5, -7.18085, 0
10.608, 0, -5, -7.18085, 0
10.619, 0, -5, -7.18085, 0
10.629, 0, -5, -7.18085, 0
10.64, 0, -5, -7.18085, 0
10.65, 0, -5, -7.18085, 0
10.661, 0, -5, -7.18085, 0
10.671, 0, -5, -7.18085, 0
10.682, 0, -5, -7.18085, 0
10.692, 0, -5, -7.18085, 0
10.703, 0, -5, -7.18085, 0
10.713, 0, -5, -7.18085, 0
10.724, 0, -5, -7.18085, 0
10.735, 0, -5, -7.18085, 0
10.745, 0, -5, -7.18085, 0
10.756, 0, -5, -7.18085, 0
10.766, 0, -5, -7.18085, 0
10.777, 0, -5, -7.18085, 0
10.788, 0, -5, -7.18085, 0
10.798, 0, -5, -7.18085, 0
10.808, 0, -5, -7.18085, 0
10.819, 0, -5, -7.18085, 0
10.829, 0, -5, -7.18085, 0
10.84, 0, -5, -7.18085, 0
10.85, 0, -5, -7.18085, 0
10.861, 0, -5, -7.18085, 0
10.871, 0, -5, -7.18085, 0
10.882, 0, -5, -7.18085, 0
10.892, 0, -5, -7.18085, 0
10.902, 0, -5, -7.18085, 0
10.913, 0, -5, -7.18085, 0
10.924, 0, -5, -7.18085, 0
10.934, 0, -5, -7.18085, 0
10.944, 0, -5, -7.18085, 0
10.955, 0, -5, -7.18085, 0
10.966, 0, -5, -7.18085, 0
10.976, 0, -5, -7.18085, 0
10.987, 0, -5, -7.18085, 0
10.997, 0, -5, -7.18085, 0
11.008, 0, -5, -7.18085, 0
11.018, 0, -5, -7.18085, 0
11.028, 0, -5, -7.18085, 0
11.039, 0, -5, -7.18085, 0
11.049, 0, -5, -7.18085, 0
11.06, 0, -5, -7.18085, 0
11.071, 0, -5, -7.18085, 0
11.081, 0, -5, -7.18085, 0
11.092, 0, -5, -7.18085, 0
11.102, 0, -5, -7.18085, 0
11.113, 0, -5, -7.18085, 0
11.123, 0, -5, -7.18085, 0
11.134, 0, -5, -7.18085, 0
11.144, 0, -5, -7.18085, 0
11.155, 0, -5, -7.18085, 0
11.165, 0, -5, -7.18085, 0
11.176, 0, -5, -7.18085, 0
11.187, 0, -5, -7.18085, 0
11.197, 0, -5, -7.18085, 0
11.208, 0, -5, -7.18085, 0
11.218, 0, -5, -7.18085, 0
11.229, 0, -5, -7.18085, 0
11.24, 0, -5, -7.18085, 0
11.25, 0, -5, -7.18085, 0
11.261, 0, -5, -7.18085, 0
11.272, 0, -5, -7.18085, 0
11.283, 0, -5, -7.18085, 0
11.294, 0, -5, -7.18085, 0
11.305, 0, -5, -7.18085, 0
11.315, 0, -5, -7.18085, 0
11.326, 0, -5, -7.18085, 0
11.337, 0, -5, -7.18085, 0
11.348, 0, -5, -7.18085, 0
11.358, 0, -5, -7.18085, 0
11.37, 0, -5, -7.18085, 0
11.38, 0, -5, -7.18085, 0
11.391, 0, -5, -7.18085, 0
11.402, 0, -5, -7.18085, 0
11.412, 0, -5, -7.18085, 0
11.423, 0, -5, -7.18085, 0
11.433, 0, -5, -7.18085, 0
11.444, 0, -5, -7.18085, 0
11.454, 0, -5, -7.18085, 0
11.465, 0, -5, -7.18085, 0
11.476, 0, -5, -7.18085, 0
11.487, 0, -5, -7.18085, 0
11.497, 0, -5, -7.18085, 0
11.508, 0, -5, -7.18085, 0
11.518, 0, -5, -7.18085, 0
11.529, 0, -5, -7.18085, 0
11.54, 0, -5, -7.18085, 0
11.55, 0, -5, -7.18085, 0
11.561, 0, -5, -7.18085, 0
11.571, 0, -5, -7.18085, 0
11.582, 0, -5, -7.18085, 0
11.593, 0, -5, -7.18085, 0
11.603, 0, -5, -7.18085, 0
11.613, 0, -5, -7.18085, 0
11.624, 0, -5, -7.18085, 0
11.634, 0, -5, -7.18085, 0
11.644, 0, -5, -7.18085, 0
11.655, 0, -5, -7.04407, 0
11.665, 0, -5, -6.63374, 0
11.676, 0, -5, -6.08663, 0
11.687, 0, -5, -5.47112, 2195.98
11.697, 0, -5, -4.78723, 0
11.708, 0, -5, -4.17173, 0
11.718, 0, -5, -3.48784, 0
11.729, 0, -5, -2.80395, 0
11.739, 0, -5, -2.12006, 0
11.75, 0, -5, -1.43617, 0
11.761, 0, -5, -0.683891, 0
11.772, 0, -5, 0.0683891, 0
11.783, 0, -5, 0.820669, 0
11.793, 0, -5, 1.57295, 0
11.804, 0, -5, 2.18845, 0
11.814, 0, -5, 2.5304, 0
11.825, 0, -5, 2.59878, 0
11.835, 0, -5, 2.59878, 0
11.846, 0, -5, 2.59878, 0
11.856, 0, -5, 2.59878, 0
11.866, 0, -5, 2.59878, 0
11.877, 0, -5, 2.59878, 0
11.887, 0, -5, 2.59878, 0
11.898, 0, -5, 2.59878, 0
11.908, 0, -5, 2.59878, 0
11.918, 0, -5, 2.59878, 0
11.929, 0, -5, 2.59878, 23.1965
11.94, 0, -5, 2.59878, 0
11.95, 0, -5, 2.59878, 0
11.961, 0, -5, 2.59878, 0
11.971, 0, -5, 2.59878, 0
11.982, 0, -5, 2.59878, 0
11.992, 0, -5, 2.59878, 0
12.003, 0, -5, 2.59878, 0
12.013, 0, -5, 2.59878, 0
12.024, 0, -5, 2.59878, 0
12.034, 0, -5, 2.59878, 0
12.045, 0, -5, 2.59878, 0
12.055, 0, -5, 2.59878, 0
12.066, 0, -5, 2.59878, 0
12.076, 0, -5, 2.59878, 0
12.087, 0, -5, 2.59878, 0
12.097, 0, -5, 2.59878, 0
12.107, 0, -5, 2.59878, 0
12.118, 0, -5, 2.59878, 0
12.128, 0, -5, 2.59878, 0
12.138, 0, -5, 2.59878, 0
12.149, 0, -5, 2.59878, 0
12.159, 0, -5, 2.59878, 0
12.17, 0, -5, 2.59878, 0
12.18, 0, -5, 2.59878, 0
12.191, 0, -5, 2.59878, 0
12.201, 0, -5, 2.59878, 0
12.212, 0, -5, 2.59878, 0
12.222, 0, -5, 2.59878, 0
12.232, 0, -5, 2.59878, 0
12.242, 0, -5, 2.59878, 0
12.253, 0, -5, 2.59878, 0
12.263, 0, -5, 2.59878, 0
12.274, 0, -5, 2.59878, 0
12.284, 0, -5, 2.59878, 0
12.294, 0, -5, 2.59878, 0
12.305, 0, -5, 2.59878, 0
12.315, 0, -5, 2.59878, 0
12.325, 0, -5, 2.59878, 0
12.336, 0, -5, 2.59878, 0
12.346, 0, -5, 2.59878, 0
12.357, 0, -5, 2.59878, 0
12.367, 0, -5, 2.59878, 0
12.378, 0, -5, 2.59878, 0
12.388, 0, -5, 2.59878, 0
12.399, 0, -5, 2.59878, 0
12.41, 0, -5, 2.59878, 0
12.42, 0, -5, 2.59878, 0
12.43, 0, -5, 2.59878, 0
12.441, 0, -5, 2.59878, 0
12.451, 0, -5, 2.59878, 0
12.462, 0, -5, 2.59878, 0
12.472, 0, -5, 2.59878, 0
12.483, 0, -5, 2.59878, 0
12.494, 0, -5, 2.59878, 0
12.505, 0, -5, 2.59878, 0
12.516, 0, -5, 2.59878, 0
12.526, 0, -5, 2.59878, 0
12.536, 0, -5, 2.59878, 0
12.547, 0, -5, 2.59878, 0
12.557, 0, -5, 2.59878, 0
12.568, 0, -5, 2.59878, 0
12.579, 0, -5, 2.59878, 0
12.589, 0, -5, 2.59878, 0
12.6, 0, -5, 2.59878, 0
12.61, 0, -5, 2.59878, 0
12.62, 0, -5, 2.59878, 0
12.631, 0, -5, 2.66717, 0
12.641, 0, -5, 3.00912, 0
12.652, 0, -5, 3.62462, 0
12.662, 0, -5, 4.24012, 0
12.673, 0, -5, 4.85562, 0
12.683, 0, -5, 5.6079, 0
12.694, 0, -5, 6.29179, 5471.12
12.704, 0, -5, 6.97568, 0
12.715, 0, -5, 7.59119, 0
12.725, 0, -5, 8.27508, 0
12.736, 0, -5, 8.95897, 0
12.746, 0, -5, 9.57447, 0
12.756, 0, -5, 10.2584, 0
12.767, 0, -5, 10.8739, 0
12.777, 0, -5, 11.6261, 0
12.788, 0, -5, 12.2416, 0
12.799, 0, -5, 12.9939, 1315.17
12.809, 0, -5, 13.4726, 0
12.82, 0, -5, 13.6094, 0
12.831, 0, -5, 13.6094, 0
12.841, 0, -5, 13.6094, 0
12.852, 0, -5, 13.6094, 0
12.863, 0, -5, 13.6094, 0
12.874, 0, -5, 13.6094, 0
12.884, 0, -5, 13.6094, 0
12.895, 0, -5, 13.6094, 0
12.905, 0, -5, 13.6094, 0
12.916, 0, -5, 13.6094, 0
12.926, 0, -5, 13.6094, 26.161
12.936, 0, -5, 13.6094, 0
12.947, 0, -5, 13.6094, 0
12.957, 0, -5, 13.6094, 0
12.968, 0, -5, 13.6094, 0
12.978, 0, -5, 13.6094, 0
12.989, 0, -5, 13.6094, 0
12.999, 0, -5, 13.6094, 0
13.01, 0, -5, 13.6094, 0
13.02, 0, -5, 13.6094, 0
13.03, 0, -5, 13.6094, 0
13.041, 0, -5, 13.6094, 0
13.051, 0, -5, 13.6094, 0
13.062, 0, -5, 13.6094, 0
13.072, 0, -5, 13.6094, 0
13.083, 0, -5, 13.6094, 0
13.093, 0, -5, 13.6094, 0
13.104, 0, -5, 13.6094, 0
13.114, 0, -5, 13.6094, 0
13.125, 0, -5, 13.6094, 0
13.135, 0, -5, 13.6094, 0
13.145, 0, -5, 13.6094, 0
13.156, 0, -5, 13.6094, 0
13.166, 0, -5, 13.6094, 0
13.176, 0, -5, 13.6094, 0
13.187, 0, -5, 13.6094, 0
13.198, 0, -5, 13.6094, 0
13.208, 0, -5, 13.6094, 0
13.218, 0, -5, 13.6094, 0
13.229, 0, -5, 13.6094, 0
13.239, 0, -5, 13.6094, 0
13.25, 0, -5, 13.6094, 0
13.261, 0, -5, 13.6094, 0
13.272, 0, -5, 13.6094, 0
13.282, 0, -5, 13.6094, 0
13.292, 0, -5, 13.6094, 0
13.303, 0, -5, 13.6094, 0
13.313, 0, -5, 13.6094, 0
13.324, 0, -5, 13.6094, 0
13.334, 0, -5, 13.6094, 0
13.344, 0, -5, 13.6094, 0
13.355, 0, -5, 13.6094, 0
13.365, 0, -5, 13.6094, 0
13.376, 0, -5, 13.6094, 0
13.386, 0, -5, 13.6094, 0
13.397, 0, -5, 13.6094, 0
13.407, 0, -5, 13.6094, 0
13.418, 0, -5, 13.6094, 0
13.428, 0, -5, 13.6094, 0
13.438, 0, -5, 13.6094, 0
13.449, 0, -5, 13.6094, 0
13.46, 0, -5, 13.6094, 0
13.47, 0, -5, 13.6094, 0
13.481, 0, -5, 13.6094, 0
13.491, 0, -5, 13.6094, 0
13.502, 0, -5, 13.6094, 0
13.513, 0, -5, 13.6094, 0
13.523, 0, -5, 13.6094, 0
13.534, 0, -5, 13.6094, 0
13.544, 0, -5, 13.6094, 0
13.554, 0, -5, 13.6094, 0
13.565, 0, -5, 13.6094, 0
13.575, 0, -5, 13.6094, 0
13.586, 0, -5, 13.6094, 0
13.596, 0, -5, 13.6094, 0
13.607, 0, -5, 13.6094, 0
13.617, 0, -5, 13.6094, 0
13.628, 0, -5, 13.6094, 0
13.638, 0, -5, 13.6094, 0
13.648, 0, -5, 13.6094, 0
13.659, 0, -5, 13.6094, 0
13.669, 0, -5, 13.6094, 0
13.68, 0, -5, 13.6094, 0
13.691, 0, -5, 13.6094, 0
13.701, 0, -5, 13.6094, 0
13.712, 0, -5, 13.6094, 0
13.722, 0, -5, 13.6094, 0
13.733, 0, -5, 13.6094, 0
13.744, 0, -5, 13.6094, 0
13.754, 0, -5, 13.6094, 0
13.764, 0, -5, 13.6094, 0
13.775, 0, -5, 13.6094, 0
13.785, 0, -5, 13.6094, 0
13.797, 0, -5, 13.6094, 0
13.807, 0, -5, 13.6094, 0
13.817, 0, -5, 13.6094, 0
13.828, 0, -5, 13.6094, 0
13.838, 0, -5, 13.6094, 0
13.848, 0, -5, 13.6094, 0
13.859, 0, -5, 13.6094, 0
13.869, 0, -5, 13.6094, 0
13.88, 0, -5, 13.6094, 0
13.89, 0, -5, 13.6094, 0
13.901, 0, -5, 13.6094, 0
13.911, 0, -5, 13.6094, 0
13.921, 0, -5, 13.6094, 0
13.932, 0, -5, 13.6094, 0
13.942, 0, -5, 13.6094, 0
13.952, 0, -5, 13.6094, 0
13.963, 0, -5, 13.6094, 0
13.973, 0, -5, 13.6094, 0
13.984, 0, -5, 13.6094, 0
13.997, 0, -5, 13.6094, 0
14.007, 0, -5, 13.6094, 0
14.017, 0, -5, 13.6094, 0
14.028, 0, -5, 13.6094, 0
14.038, 0, -5, 13.6094, 0
14.048, 0, -5, 13.6094, 0
14.059, 0, -5, 13.6094, 0
14.07, 0, -5, 13.6094, 0
14.08, 0, -5, 13.6094, 0
14.091, 0, -5, 13.6094, 0
14.102, 0, -5, 13.6094, 0
14.112, 0, -5, 13.6094, 0
14.122, 0, -5, 13.6094, 0
14.133, 0, -5, 13.6094, 0
14.143, 0, -5, 13.6094, 0
14.154, 0, -5, 13.6094, 0
14.164, 0, -5, 13.6094, 0
14.175, 0, -5, 13.6094, 0
14.185, 0, -5, 13.6094, 0
14.195, 0, -5, 13.6094, 0
14.206, 0, -5, 13.6094, 0
14.217, 0, -5, 13.6094, 0
14.227, 0, -5, 13.6094, 0
14.238, 0, -5, 13.6094, 0
14.248, 0, -5, 13.6094, 0
14.258, 0, -5, 13.6094, 0
14.269, 0, -5, 13.6094, 0
14.279, 0, -5, 13.6094, 0
14.29, 0, -5, 13.6094, 0
14.3, 0, -5, 13.6094, 0
14.312, 0, -5, 13.6094, 0
14.322, 0, -5, 13.6094, 0
14.332, 0, -5, 13.6094, 0
14.343, 0, -5, 13.6094, 0
14.353, 0, -5, 13.6094, 0
14.364, 0, -5, 13.6094, 0
14.374, 0, -5, 13.6094, 0
14.385, 0, -5, 13.6094, 0
14.395, 0, -5, 13.6094, 0
14.406, 0, -5, 13.6094, 0
14.416, 0, -5, 13.6094, 0
14.427, 0, -5, 13.6094, 0
14.437, 0, -5, 13.6094, 0
14.448, 0, -5, 13.6094, 0
14.459, 0, -5, 13.6094, 0
14.47, 0, -5, 13.6094, 0
14.481, 0, -5, 13.6094, 0
14.491, 0, -5, 13.6094, 0
14.501, 0, -5, 13.6094, 0
14.512, 0, -5, 13.6094, 0
14.522, 0, -5, 13.6094, 0
14.533, 0, -5, 13.6094, 0
14.543, 0, -5, 13.6094, 0
14.554, 0, -5, 13.6094, 0
14.565, 0, -5, 13.6094, 0
14.575, 0, -5, 13.6094, 0
14.586, 0, -5, 13.6094, 0
14.596, 0, -5, 13.6094, 0
14.608, 0, -5, 13.6094, 0
14.618, 0, -5, 13.6094, 0
14.628, 0, -5, 13.6094, 0
14.638, 0, -5, 13.6094, 0
14.649, 0, -5, 13.6094, 0
14.659, 0, -5, 13.6094, 0
14.67, 0, -5, 13.6094, 0
14.68, 0, -5, 13.6094, 0
14.69, 0, -5, 13.6094, 0
14.701, 0, -5, 13.6094, 0
14.711, 0, -5, 13.6094, 0
14.722, 0, -5, 13.6094, 0
14.732, 0, -5, 13.6094, 0
14.742, 0, -5, 13.6094, 0
14.753, 0, -5, 13.6094, 0
14.763, 0, -5, 13.6094, 0
14.774, 0, -5, 13.6094, 0
14.785, 0, -5, 13.6094, 0
14.795, 0, -5, 13.6094, 0
14.805, 0, -5, 13.6094, 0
14.816, 0, -5, 13.6094, 0
14.826, 0, -5, 13.6094, 0
14.836, 0, -5, 13.6094, 0
14.847, 0, -5, 13.6094, 0
14.857, 0, -5, 13.6094, 0
14.868, 0, -5, 13.6094, 0
14.878, 0, -5, 13.6094, 0
14.889, 0, -5, 13.6094, 0
14.899, 0, -5, 13.6094, 0
14.91, 0, -5, 13.6094, 0
14.92, 0, -5, 13.6094, 0
14.931, 0, -5, 13.6094, 0
14.941, 0, -5, 13.6094, 0
14.952, 0, -5, 13.6094, 0
14.962, 0, -5, 13.6094, 0
14.972, 0, -5, 13.6094, 0
14.983, 0, -5, 13.6094, 0
14.993, 0, -5, 13.6094, 0
15.004, 0, -5, 13.6094, 0
15.015, 0, -5, 13.6094, 0
15.025, 0, -5, 13.6094, 0
15.035, 0, -5, 13.6094, 0
15.046, 0, -5, 13.6094, 0
15.056, 0, -5, 13.6094, 0
15.067, 0, -5, 13.6094, 0
15.077, 0, -5, 13.6094, 0
15.088, 0, -5, 13.6094, 0
15.098, 0, -5, 13.6094, 0
15.108, 0, -5, 13.6094, 0
15.119, 0, -5, 13.6094, 0
15.129, 0, -5, 13.6094, 0
15.14, 0, -5, 13.6094, 0
15.15, 0, -5, 13.6094, 0
15.161, 0, -5, 13.6094, 0
15.171, 0, -5, 13.6094, 0
15.182, 0, -5, 13.6094, 0
15.192, 0, -5, 13.6094, 0
15.203, 0, -5, 13.6094, 0
15.213, 0, -5, 13.6094, 0
15.224, 0, -5, 13.6094, 0
15.234, 0, -5, 13.6094, 0
15.244, 0, -5, 13.6094, 0
15.255, 0, -5, 13.6094, 0
15.265, 0, -5, 13.6094, 0
15.276, 0, -5, 13.6094, 0
15.286, 0, -5, 13.6094, 0
15.297, 0, -5, 13.6094, 0
15.307, 0, -5, 13.6094, 0
15.318, 0, -5, 13.6094, 0
15.328, 0, -5, 13.6094, 0
15.338, 0, -5, 13.6094, 0
15.349, 0, -5, 13.6094, 0
15.36, 0, -5, 13.6094, 0
15.37, 0, -5, 13.6094, 0
15.381, 0, -5, 13.6094, 0
15.392, 0, -5, 13.6094, 0
15.402, 0, -5, 13.6094, 0
15.413, 0, -5, 13.6094, 0
15.423, 0, -5, 13.6094, 0
15.434, 0, -5, 13.6094, 0
15.444, 0, -5, 13.6094, 0
15.454, 0, -5, 13.6094, 0
15.465, 0, -5, 13.6094, 0
15.475, 0, -5, 13.6094, 0
15.486, 0, -5, 13.6094, 0
15.496, 0, -5, 13.6094, 0
15.507, 0, -5, 13.6094, 0
15.518, 0, -5, 13.6094, 0
15.528, 0, -5, 13.6094, 0
15.538, 0, -5, 13.6094, 0
15.548, 0, -5, 13.6094, 0
15.559, 0, -5, 13.6094, 0
15.569, 0, -5, 13.6094, 0
15.58, 0, -5, 13.6094, 0
15.591, 0, -5, 13.6094, 0
15.602, 0, -5, 13.6094, 0
15.612, 0, -5, 13.6094, 0
15.623, 0, -5, 13.6094, 0
15.633, 0, -5, 13.6094, 0
15.644, 0, -5, 13.6094, 0
15.654, 0, -5, 13.6094, 0
15.665, 0, -5, 13.6094, 0
15.675, 0, -5, 13.6094, 0
15.686, 0, -5, 13.6094, 0
15.697, 0, -5, 13.6094, 0
15.707, 0, -5, 13.6094, 0
15.718, 0, -5, 13.6094, 0
15.728, 0, -5, 13.6094, 0
15.739, 0, -5, 13.6094, 0
15.749, 0, -5, 13.6094, 0
15.76, 0, -5, 13.6094, 0
15.771, 0, -5, 13.6094, 0
15.781, 0, -5, 13.6094, 0
15.792, 0, -5, 13.6094, 0
15.803, 0, -5, 13.6094, 0
15.814, 0, -5, 13.6094, 0
15.825, 0, -5, 13.6094, 0
15.836, 0, -5, 13.6094, 0
15.846, 0, -5, 13.6094, 0
15.857, 0, -5, 13.6094, 0
15.868, 0, -5, 13.6094, 0
15.878, 0, -5, 13.6094, 0
15.889, 0, -5, 13.6094, 0
15.9, 0, -5, 13.6094, 0
15.911, 0, -5, 13.6094, 0
15.922, 0, -5, 13.6094, 0
15.932, 0, -5, 13.6094, 0
15.942, 0, -5, 13.6094, 0
15.953, 0, -5, 13.6094, 0
15.963, 0, -5, 13.6094, 0
15.973, 0, -5, 13.6094, 0
15.983, 0, -5, 13.6094, 0
15.994, 0, -5, 13.6094, 0
16.004, 0, -5, 13.6094, 0
16.014, 0, -5, 13.6094, 0
16.024, 0, -5, 13.6094, 0
16.034, 0, -5, 13.6094, 0
16.045, 0, -5, 13.6094, 0
16.055, 0, -5, 13.6094, 0
16.065, 0, -5, 13.6094, 0
16.076, 0, -5, 13.6094, 0
16.086, 0, -5, 13.6094, 0
16.097, 0, -5, 13.6094, 0
16.108, 0, -5, 13.6094, 0
16.118, 0, -5, 13.6094, 0
16.128, 0, -5, 13.6094, 0
16.139, 0, -5, 13.6094, 0
16.149, 0, -5, 13.6094, 0
16.159, 0, -5, 13.6094, 0
16.17, 0, -5, 13.6094, 0
16.18, 0, -5, 13.6094, 0
16.191, 0, -5, 13.6094, 0
16.201, 0, -5, 13.6094, 0
16.212, 0, -5, 13.6094, 0
16.222, 0, -5, 13.6094, 0
16.233, 0, -5, 13.6094, 0
16.243, 0, -5, 13.6094, 0
16.254, 0, -5, 13.6094, 0
16.265, 0, -5, 13.6094, 0
16.276, 0, -5, 13.6094, 0
16.286, 0, -5, 13.6094, 0
16.297, 0, -5, 13.6094, 0
16.308, 0, -5, 13.6094, 0
16.318, 0, -5, 13.6094, 0
16.329, 0, -5, 13.6094, 0
16.339, 0, -5, 13.6094, 0
16.35, 0, -5, 13.6094, 0
16.36, 0, -5, 13.6094, 0
16.371, 0, -5, 13.6094, 0
16.381, 0, -5, 13.6094, 0
16.392, 0, -5, 13.6094, 0
16.402, 0, -5, 13.6094, 0
16.413, 0, -5, 13.6094, 0
16.423, 0, -5, 13.6094, 0
16.433, 0, -5, 13.6094, 0
16.444, 0, -5, 13.6094, 0
16.454, 0, -5, 13.6094, 0
16.464, 0, -5, 13.6094, 0
16.475, 0, -5, 13.6094, 0
16.485, 0, -5, 13.6094, 0
16.496, 0, -5, 13.6094, 0
16.506, 0, -5, 13.6094, 0
16.517, 0, -5, 13.6094, 0
16.527, 0, -5, 13.6094, 0
16.537, 0, -5, 13.6094, 0
16.548, 0, -5, 13.6094, 0
16.558, 0, -5, 13.6094, 0
16.569, 0, -5, 13.6094, 0
16.58, 0, -5, 13.6094, 0
16.591, 0, -5, 13.6094, 0
16.602, 0, -5, 13.6094, 0
16.612, 0, -5, 13.6094, 0
16.623, 0, -5, 13.6094, 0
16.633, 0, -5, 13.6094, 0
16.644, 0, -5, 13.6094, 0
16.654, 0, -5, 13.6094, 0
16.664, 0, -5, 13.6094, 0
16.675, 0, -5, 13.6094, 0
16.686, 0, -5, 13.6094, 0
16.697, 0, -5, 13.6094, 0
16.708, 0, -5, 13.6094, 0
16.718, 0, -5, 13.6094, 0
16.729, 0, -5, 13.6094, 0
16.739, 0, -5, 13.6094, 0
16.75, 0, -5, 13.6094, 0
16.76, 0, -5, 13.6094, 0
16.77, 0, -5, 13.6094, 0
16.781, 0, -5, 13.6094, 0
16.792, 0, -5, 13.6094, 0
16.802, 0, -5, 13.6094, 0
16.813, 0, -5, 13.6094, 0
16.824, 0, -5, 13.6094, 0
16.835, 0, -5, 13.6094, 0
16.845, 0, -5, 13.6094, 0
16.856, 0, -5, 13.6094, 0
16.867, 0, -5, 13.6094, 0
16.877, 0, -5, 13.6094, 0
16.888, 0, -5, 13.6094, 0
16.899, 0, -5, 13.6094, 0
16.91, 0, -5, 13.883, 1899.7
16.921, 0, -5, 14.3617, 1.93043
16.931, 0, -5, 14.9772, 0
16.941, 0, -5, 15.6611, 0
16.952, 0, -5, 16.345, 0
16.962, 0, -5, 17.0289, 0
16.973, 0, -5, 17.6444, 0
16.983, 0, -5, 18.3283, 0
16.994, 0, -5, 19.0122, 0
17.004, 0, -5, 19.6277, 0
17.014, 0, -5, 20.3116, 1776.34
17.025, 0, -5, 20.7219, 0
17.035, 0, -5, 20.7903, 0
17.045, 0, -5, 20.8587, 0
17.056, 0, -5, 20.8587, 0
17.066, 0, -5, 20.8587, 0
17.076, 0, -5, 20.8587, 0
17.087, 0, -5, 20.8587, 0
17.097, 0, -5, 20.8587, 0
17.108, 0, -5, 20.8587, 0
17.119, 0, -5, 20.8587, 0
17.129, 0, -5, 20.8587, 0
17.139, 0, -5, 20.8587, 0
17.15, 0, -5, 20.8587, 0
17.16, 0, -5, 20.8587, 0
17.17, 0, -5, 20.8587, 0
17.181, 0, -5, 20.8587, 0
17.192, 0, -5, 20.8587, 0
17.202, 0, -5, 20.8587, 0
17.213, 0, -5, 20.8587, 0
17.223, 0, -5, 20.8587, 0
17.233, 0, -5, 20.8587, 0
17.244, 0, -5, 20.8587, 0
17.254, 0, -5, 20.8587, 0
17.265, 0, -5, 20.8587, 0
17.275, 0, -5, 20.8587, 0
17.286, 0, -5, 20.8587, 0
17.296, 0, -5, 20.8587, 0
17.307, 0, -5, 20.8587, 0
17.317, 0, -5, 20.8587, 0
17.328, 0, -5, 20.8587, 0
17.338, 0, -5, 20.8587, 0
17.348, 0, -5, 20.8587, 0
17.359, 0, -5, 20.8587, 0
17.369, 0, -5, 20.8587, 0
17.38, 0, -5, 20.8587, 0
17.391, 0, -5, 20.8587, 0
17.402, 0, -5, 20.8587, 0
17.412, 0, -5, 20.8587, 0
17.423, 0, -5, 20.8587, 0
17.433, 0, -5, 20.8587, 0
17.443, 0, -5, 20.8587, 0
17.454, 0, -5, 20.8587, 0
17.464, 0, -5, 20.8587, 0
17.475, 0, -5, 20.8587, 0
17.485, 0, -5, 20.8587, 0
17.496, 0, -5, 20.8587, 0
17.506, 0, -5, 20.8587, 0
17.517, 0, -5, 20.8587, 0
17.527, 0, -5, 20.8587, 0
17.537, 0, -5, 20.8587, 0
17.548, 0, -5, 20.8587, 0
17.558, 0, -5, 20.8587, 0
17.568, 0, -5, 20.8587, 0
17.579, 0, -5, 20.8587, 0
17.589, 0, -5, 20.8587, 0
17.6, 0, -5, 20.8587, 0
17.61, 0, -5, 20.8587, 0
17.62, 0, -5, 20.8587, 0
17.631, 0, -5, 20.8587, 0
17.648, 0, -5, 20.8587, 0
17.658, 0, -5, 20.8587, 0
17.669, 0, -5, 20.8587, 0
17.679, 0, -5, 20.8587, 0
17.69, 0, -5, 20.8587, 0
17.7, 0, -5, 20.8587, 0
17.711, 0, -5, 20.8587, 0
17.721, 0, -5, 20.8587, 0
17.732, 0, -5, 20.8587, 0
17.742, 0, -5, 20.8587, 0
17.753, 0, -5, 20.8587, 0
17.764, 0, -5, 20.8587, 0
17.775, 0, -5, 20.8587, 0
17.786, 0, -5, 20.8587, 0
17.796, 0, -5, 20.8587, 0
17.808, 0, -5, 20.8587, 0
17.819, 0, -5, 20.8587, 0
17.829, 0, -5, 20.8587, 0
17.84, 0, -5, 20.8587, 0
17.85, 0, -5, 20.8587, 0
17.861, 0, -5, 20.8587, 0
17.872, 0, -5, 20.8587, 0
17.883, 0, -5, 20.8587, 0
17.896, 0, -5, 20.8587, 0
17.907, 0, -5, 20.8587, 0
17.917, 0, -5, 20.8587, 0
17.928, 0, -5, 20.8587, 0
17.938, 0, -5, 20.8587, 0
17.948, 0, -5, 20.8587, 0
17.959, 0, -5, 20.8587, 0
17.969, 0, -5, 20.8587, 0
17.979, 0, -5, 20.8587, 0
17.99, 0, -5, 20.8587, 0
18, 0, -5, 20.8587, 0
18.011, 0, -5, 20.8587, 0
18.021, 0, -5, 20.8587, 0
18.032, 0, -5, 20.8587, 0
18.042, 0, -5, 20.8587, 0
18.052, 0, -5, 20.8587, 0
18.063, 0, -5, 20.8587, 0
18.073, 0, -5, 20.8587, 0
18.084, 0, -5, 20.8587, 0
18.094, 0, -5, 20.8587, 0
18.105, 0, -5, 20.8587, 0
18.115, 0, -5, 20.8587, 0
18.125, 0, -5, 20.8587, 0
18.136, 0, -5, 20.8587, 0
18.146, 0, -5, 20.8587, 0
18.156, 0, -5, 20.8587, 0
18.167, 0, -5, 20.8587, 0
18.177, 0, -5, 20.8587, 0
18.188, 0, -5, 20.8587, 0
18.198, 0, -5, 20.8587, 0
18.208, 0, -5, 20.8587, 0
18.219, 0, -5, 20.8587, 0
18.229, 0, -5, 20.8587, 0
18.24, 0, -5, 20.8587, 0
18.25, 0, -5, 20.8587, 0
18.26, 0, -5, 20.8587, 0
18.27, 0, -5, 20.8587, 0
18.28, 0, -5, 20.8587, 0
18.291, 0, -5, 20.8587, 0
18.301, 0, -5, 20.8587, 0
18.311, 0, -5, 20.8587, 0
18.321, 0, -5, 20.8587, 0
18.332, 0, -5, 20.8587, 0
18.342, 0, -5, 20.8587, 0
18.352, 0, -5, 20.8587, 0
18.363, 0, -5, 20.7903, 0
18.373, 0, -5, 20.4483, 0
18.383, 0, -5, 19.9012, 0
18.394, 0, -5, 19.2173, 0
18.405, 0, -5, 18.5334, 0
18.415, 0, -5, 17.7812, -5820.35
18.426, 0, -5, 17.0289, 0
18.436, 0, -5, 16.2766, 0
18.446, 0, -5, 15.5927, -697.848
18.457, 0, -5, 14.9088, 0
18.467, 0, -5, 14.1565, 0
18.478, 0, -5, 13.4726, 0
18.489, 0, -5, 12.7888, 0
18.499, 0, -5, 12.0365, 0
18.51, 0, -5, 11.4894, 0
18.521, 0, -5, 11.3526, 0
18.532, 0, -5, 11.3526, 0
18.543, 0, -5, 11.3526, 0
18.553, 0, -5, 11.3526, 0
18.564, 0, -5, 11.3526, 0
18.575, 0, -5, 11.3526, 0
18.585, 0, -5, 11.3526, 0
18.596, 0, -5, 11.3526, 0
18.607, 0, -5, 11.3526, 0
18.617, 0, -5, 11.3526, 0
18.628, 0, -5, 11.3526, 0
18.638, 0, -5, 11.3526, 0
18.652, 0, -5, 11.3526, 0
18.662, 0, -5, 11.3526, 0
18.672, 0, -5, 11.3526, 0
18.682, 0, -5, 11.3526, 0
18.693, 0, -5, 11.3526, 0
18.703, 0, -5, 11.3526, 0
18.714, 0, -5, 11.3526, 0
18.724, 0, -5, 11.3526, 0
18.734, 0, -5, 11.3526, 0
18.744, 0, -5, 11.3526, 0
18.755, 0, -5, 11.3526, 0
18.765, 0, -5, 11.3526, 0
18.776, 0, -5, 11.3526, 0
18.786, 0, -5, 11.3526, 0
18.796, 0, -5, 11.3526, 0
18.807, 0, -5, 11.3526, 0
18.817, 0, -5, 11.3526, 0
18.828, 0, -5, 11.3526, 0
18.838, 0, -5, 11.3526, 0
18.848, 0, -5, 11.3526, 0
18.859, 0, -5, 11.3526, 0
18.869, 0, -5, 11.3526, 0
18.88, 0, -5, 11.3526, 0
18.89, 0, -5, 11.3526, 0
18.901, 0, -5, 11.3526, 0
18.911, 0, -5, 11.3526, 0
18.922, 0, -5, 11.3526, -1.62032
18.932, 0, -5, 11.3526, 0
18.942, 0, -5, 11.079, 0
18.952, 0, -5, 10.5319, 0
18.963, 0, -5, 9.9848, 0
18.973, 0, -5, 9.30091, 0
18.984, 0, -5, 8.68541, 0
18.994, 0, -5, 8.06991, 0
19.004, 0, -5, 7.38602, 0
19.015, 0, -5, 6.77052, -10432.2
19.025, 0, -5, 6.15502, 0
19.036, 0, -5, 5.47112, 0
19.046, 0, -5, 4.85562, 0
19.056, 0, -5, 4.24012, 0
19.067, 0, -5, 3.55623, 0
19.077, 0, -5, 3.00912, 0
19.087, 0, -5, 2.73556, 0
19.098, 0, -5, 2.66717, 0
19.108, 0, -5, 2.66717, 0
19.119, 0, -5, 2.66717, 0
19.129, 0, -5, 2.66717, 0
19.14, 0, -5, 2.66717, 0
19.15, 0, -5, 2.66717, 0
19.16, 0, -5, 2.66717, 0
19.171, 0, -5, 2.66717, 0
19.181, 0, -5, 2.66717, 0
19.192, 0, -5, 2.66717, 0
19.202, 0, -5, 2.66717, 0
19.213, 0, -5, 2.66717, 0
19.223, 0, -5, 2.66717, 0
19.233, 0, -5, 2.66717, 0
19.244, 0, -5, 2.66717, 0
19.254, 0, -5, 2.66717, 0
19.264, 0, -5, 2.66717, 0
19.275, 0, -5, 2.66717, 0
19.285, 0, -5, 2.66717, 0
19.296, 0, -5, 2.66717, 0
19.306, 0, -5, 2.66717, 0
19.316, 0, -5, 2.66717, 0
19.327, 0, -5, 2.66717, 0
19.338, 0, -5, 2.66717, 0
19.348, 0, -5, 2.66717, 0
19.358, 0, -5, 2.66717, 0
19.369, 0, -5, 2.66717, 0
19.379, 0, -5, 2.66717, 0
19.389, 0, -5, 2.66717, 0
19.4, 0, -5, 2.66717, 0
19.411, 0, -5, 2.66717, 0
19.421, 0, -5, 2.66717, 0
19.432, 0, -5, 2.66717, 0
19.442, 0, -5, 2.66717, 0
19.452, 0, -5, 2.66717, 0
19.463, 0, -5, 2.66717, 0
19.473, 0, -5, 2.66717, 0
19.484, 0, -5, 2.66717, 0
19.494, 0, -5, 2.66717, 0
19.504, 0, -5, 2.66717, 0
19.515, 0, -5, 2.66717, 0
19.526, 0, -5, 2.66717, 0
19.536, 0, -5, 2.66717, 0
19.546, 0, -5, 2.66717, 0
19.557, 0, -5, 2.66717, 0
19.567, 0, -5, 2.66717, 0
19.577, 0, -5, 2.66717, 0
19.588, 0, -5, 2.66717, 0
19.598, 0, -5, 2.66717, 0
19.608, 0, -5, 2.66717, 0
19.619, 0, -5, 2.66717, 0
19.629, 0, -5, 2.66717, 0
19.64, 0, -5, 2.66717, 0
19.65, 0, -5, 2.66717, 0
19.66, 0, -5, 2.66717, 0
19.671, 0, -5, 2.66717, 0
19.682, 0, -5, 2.66717, 0
19.693, 0, -5, 2.66717, 0
19.703, 0, -5, 2.66717, 0
19.714, 0, -5, 2.66717, 0
19.725, 0, -5, 2.66717, 0
19.736, 0, -5, 2.66717, 0
19.746, 0, -5, 2.66717, 0
19.757, 0, -5, 2.66717, 0
19.767, 0, -5, 2.66717, 0
19.778, 0, -5, 2.66717, 0
19.789, 0, -5, 2.66717, 0
19.799, 0, -5, 2.66717, 0
19.81, 0, -5, 2.66717, 0
19.82, 0, -5, 2.66717, 0
19.831, 0, -5, 2.66717, 0
19.841, 0, -5, 2.66717, 0
19.851, 0, -5, 2.66717, 0
19.861, 0, -5, 2.66717, 0
19.872, 0, -5, 2.66717, 0
19.882, 0, -5, 2.66717, 0
19.893, 0, -5, 2.66717, 0
19.904, 0, -5, 2.66717, 0
19.914, 0, -5, 2.66717, 0
19.925, 0, -5, 2.66717, 0
19.936, 0, -5, 2.66717, 0
19.946, 0, -5, 2.66717, 0
19.957, 0, -5, 2.66717, 0
19.967, 0, -5, 2.66717, 0
19.978, 0, -5, 2.66717, 0
19.988, 0, -5, 2.66717, 0
19.999, 0, -5, 2.66717, 0
20.009, 0, -5, 2.66717, 0
20.019, 0, -5, 2.66717, 0
20.03, 0, -5, 2.66717, 0
20.04, 0, -5, 2.66717, 0
20.05, 0, -5, 2.66717, 0
20.061, 0, -5, 2.66717, 0
20.071, 0, -5, 2.66717, 0
20.081, 0, -5, 2.66717, 0
20.092, 0, -5, 2.66717, 0
20.102, 0, -5, 2.66717, 0
20.113, 0, -5, 2.66717, 0
20.123, 0, -5, 2.66717, 0
20.134, 0, -5, 2.66717, 0
20.144, 0, -5, 2.66717, 0
20.155, 0, -5, 2.66717, 0
20.165, 0, -5, 2.66717, 0
20.176, 0, -5, 2.66717, 0
20.186, 0, -5, 2.66717, 0
20.196, 0, -5, 2.66717, 0
20.207, 0, -5, 2.66717, 0
20.217, 0, -5, 2.66717, 0
20.228, 0, -5, 2.66717, 0
20.238, 0, -5, 2.66717, 0
20.249, 0, -5, 2.66717, 0
20.259, 0, -5, 2.66717, 0
20.269, 0, -5, 2.66717, 0
20.28, 0, -5, 2.66717, 0
20.29, 0, -5, 2.66717, 0
20.301, 0, -5, 2.66717, 0
20.311, 0, -5, 2.66717, 0
20.322, 0, -5, 2.66717, 0
20.332, 0, -5, 2.66717, 0
20.343, 0, -5, 2.66717, 0
20.353, 0, -5, 2.66717, 0
20.363, 0, -5, 2.66717, 0
20.374, 0, -5, 2.66717, 0
20.384, 0, -5, 2.94073, 0
20.395, 0, -5, 3.48784, 0
20.405, 0, -5, 4.10334, 0
20.416, 0, -5, 4.78723, 5.08313
20.426, 0, -5, 5.47112, 9325.78
20.436, 0, -5, 6.2234, 0
20.447, 0, -5, 6.90729, 0
20.458, 0, -5, 7.65957, 0
20.468, 0, -5, 8.41185, 0
20.478, 0, -5, 9.09574, 0
20.489, 0, -5, 9.77964, 0
20.499, 0, -5, 10.4635, 0
20.51, 0, -5, 11.1474, 0
20.52, 0, -5, 11.8997, 0
20.531, 0, -5, 12.5836, 1340.96
20.541, 0, -5, 12.9939, 0
20.552, 0, -5, 13.0623, 0
20.562, 0, -5, 13.0623, 0
20.572, 0, -5, 13.0623, 0
20.582, 0, -5, 13.0623, 0
20.593, 0, -5, 13.0623, 0
20.603, 0, -5, 13.0623, 0
20.614, 0, -5, 13.0623, 0
20.624, 0, -5, 13.0623, 0
20.634, 0, -5, 13.0623, 0
20.645, 0, -5, 13.0623, 0
20.655, 0, -5, 13.0623, 0
20.665, 0, -5, 13.0623, 0
20.676, 0, -5, 13.0623, 0
20.686, 0, -5, 13.0623, 0
20.697, 0, -5, 13.0623, 0
20.707, 0, -5, 13.0623, 0
20.718, 0, -5, 13.0623, 0
20.728, 0, -5, 13.0623, 0
20.739, 0, -5, 13.0623, 0
20.749, 0, -5, 13.0623, 0
20.759, 0, -5, 13.0623, 0
20.77, 0, -5, 13.0623, 0
20.78, 0, -5, 13.0623, 0
20.791, 0, -5, 13.0623, 0
20.801, 0, -5, 13.0623, 0
20.812, 0, -5, 13.0623, 0
20.823, 0, -5, 13.0623, 0
20.833, 0, -5, 13.0623, 0
20.844, 0, -5, 13.0623, 0
20.854, 0, -5, 13.0623, 0
20.864, 0, -5, 13.0623, 0
20.875, 0, -5, 13.0623, 0
20.886, 0, -5, 13.0623, 0
20.896, 0, -5, 13.0623, 0
20.907, 0, -5, 13.0623, 0
20.917, 0, -5, 13.0623, 0
20.928, 0, -5, 13.0623, 0
20.939, 0, -5, 13.0623, 0
20.949, 0, -5, 13.0623, 0
20.959, 0, -5, 13.0623, 0
20.97, 0, -5, 13.0623, 0
20.98, 0, -5, 13.0623, 0
20.99, 0, -5, 13.0623, 0
21.001, 0, -5, 13.0623, 0
21.012, 0, -5, 13.0623, 0
21.022, 0, -5, 13.0623, 0
21.033, 0, -5, 13.0623, 0
21.043, 0, -5, 13.0623, 0
21.054, 0, -5, 13.0623, 0
21.064, 0, -5, 13.0623, 0
21.074, 0, -5, 13.0623, 0
21.085, 0, -5, 13.0623, 0
21.096, 0, -5, 13.0623, 0
21.106, 0, -5, 13.0623, 0
21.117, 0, -5, 13.0623, 0
21.127, 0, -5, 13.0623, 0
21.138, 0, -5, 13.0623, 0
21.148, 0, -5, 13.0623, 0
21.158, 0, -5, 13.0623, 0
21.168, 0, -5, 13.0623, 0
21.179, 0, -5, 13.0623, 0
21.189, 0, -5, 13.0623, 0
21.2, 0, -5, 13.0623, 0
21.21, 0, -5, 13.0623, 0
21.221, 0, -5, 13.0623, 0
21.231, 0, -5, 13.0623, 0
21.242, 0, -5, 13.0623, 0
21.252, 0, -5, 13.0623, 0
21.262, 0, -5, 13.0623, 0
21.273, 0, -5, 13.0623, 0
21.283, 0, -5, 13.0623, 0
21.294, 0, -5, 13.0623, 0
21.304, 0, -5, 13.0623, 0
21.314, 0, -5, 13.0623, 0
21.325, 0, -5, 13.0623, 0
21.336, 0, -5, 13.0623, 0
21.346, 0, -5, 13.0623, 0
21.356, 0, -5, 13.0623, 0
21.366, 0, -5, 13.0623, 0
21.377, 0, -5, 13.0623, 0
21.387, 0, -5, 13.0623, 0
21.398, 0, -5, 13.0623, 0
21.408, 0, -5, 13.0623, 0
21.419, 0, -5, 13.0623, 0
21.429, 0, -5, 13.0623, 0
21.44, 0, -5, 13.0623, 0
21.45, 0, -5, 13.0623, 0
21.461, 0, -5, 13.0623, 0
21.471, 0, -5, 13.0623, 0
21.481, 0, -5, 13.0623, 0
21.492, 0, -5, 13.0623, 0
21.502, 0, -5, 13.0623, 0
21.513, 0, -5, 13.0623, 0
21.523, 0, -5, 13.0623, 0
21.534, 0, -5, 13.0623, 0
21.544, 0, -5, 13.0623, 0
21.554, 0, -5, 13.0623, 0
21.565, 0, -5, 13.0623, 0
21.575, 0, -5, 13.0623, 0
21.585, 0, -5, 13.0623, 0
21.596, 0, -5, 13.0623, 0
21.606, 0, -5, 13.0623, 0
21.617, 0, -5, 13.0623, 0
21.627, 0, -5, 13.0623, 0
21.638, 0, -5, 13.0623, 0
21.648, 0, -5, 13.0623, 0
21.658, 0, -5, 13.0623, 0
21.668, 0, -5, 13.0623, 0
21.679, 0, -5, 13.0623, 0
21.689, 0, -5, 13.0623, 0
21.7, 0, -5, 13.0623, 0
21.71, 0, -5, 13.0623, 0
21.721, 0, -5, 13.0623, 0
21.731, 0, -5, 13.0623, 0
21.741, 0, -5, 13.0623, 0
21.752, 0, -5, 13.0623, 0
21.762, 0, -5, 13.0623, 0
21.773, 0, -5, 13.0623, 0
21.783, 0, -5, 13.0623, 0
21.793, 0, -5, 13.0623, 0
21.804, 0, -5, 13.0623, 0
21.814, 0, -5, 13.0623, 0
21.825, 0, -5, 13.0623, 0
21.835, 0, -5, 13.0623, 0
21.845, 0, -5, 13.0623, 0
21.856, 0, -5, 13.0623, 0
21.866, 0, -5, 13.0623, 0
21.877, 0, -5, 13.0623, 0
21.887, 0, -5, 13.0623, 0
21.897, 0, -5, 13.0623, 0
21.908, 0, -5, 13.0623, 0
21.918, 0, -5, 13.0623, 0
21.929, 0, -5, 6.2234, 73536.6
21.939, 0, -5, 13.0623, 0
21.95, 0, -5, 13.0623, 0
21.96, 0, -5, 13.0623, 0
21.97, 0, -5, 13.0623, 0
21.981, 0, -5, 13.0623, 0
21.992, 0, -5, 13.0623, 0
22.002, 0, -5, 13.0623, 0
22.013, 0, -5, 13.0623, 0
22.023, 0, -5, 13.0623, 0
22.033, 0, -5, 13.0623, 0
22.044, 0, -5, 13.0623, 0
22.055, 0, -5, 13.0623, 0
22.065, 0, -5, 13.0623, 0
22.075, 0, -5, 13.0623, 0
22.086, 0, -5, 13.0623, 0
22.096, 0, -5, 13.0623, 0
22.106, 0, -5, 13.0623, 0
22.117, 0, -5, 13.0623, 0
22.127, 0, -5, 13.0623, 0
22.138, 0, -5, 13.0623, 0
22.149, 0, -5, 13.0623, 0
22.159, 0, -5, 13.0623, 0
22.169, 0, -5, 13.0623, 0
22.18, 0, -5, 13.0623, 0
22.19, 0, -5, 13.0623, 0
22.201, 0, -5, 13.0623, 0
22.211, 0, -5, 13.0623, 0
22.221, 0, -5, 13.0623, 0
22.232, 0, -5, 13.0623, 0
22.242, 0, -5, 13.0623, 0
22.253, 0, -5, 13.0623, 0
22.263, 0, -5, 13.0623, 0
22.273, 0, -5, 13.0623, 0
22.284, 0, -5, 13.0623, 0
22.294, 0, -5, 13.0623, 0
22.304, 0, -5, 13.0623, 0
22.315, 0, -5, 13.0623, 0
22.325, 0, -5, 13.0623, 0
22.336, 0, -5, 13.0623, 0
22.347, 0, -5, 13.0623, 0
22.357, 0, -5, 13.0623, 0
22.369, 0, -5, 13.0623, 0
22.38, 0, -5, 13.0623, 0
22.39, 0, -5, 13.0623, 0
22.401, 0, -5, 13.0623, 0
22.412, 0, -5, 13.0623, 0
22.422, 0, -5, 13.0623, 0
22.432, 0, -5, 13.0623, 0
22.443, 0, -5, 13.0623, 0
22.453, 0, -5, 13.0623, 0
22.464, 0, -5, 13.0623, 0
22.474, 0, -5, 13.0623, 0
22.484, 0, -5, 13.0623, 0
22.495, 0, -5, 13.0623, 0
22.505, 0, -5, 13.0623, 0
22.516, 0, -5, 13.0623, 0
22.526, 0, -5, 13.0623, 0
22.537, 0, -5, 13.0623, 0
22.547, 0, -5, 13.0623, 0
22.558, 0, -5, 13.0623, 0
22.568, 0, -5, 13.0623, 0
22.578, 0, -5, 13.0623, 0
22.589, 0, -5, 13.0623, 0
22.599, 0, -5, 13.0623, 0
22.609, 0, -5, 13.0623, 0
22.62, 0, -5, 13.0623, 0
22.63, 0, -5, 13.0623, 0
22.641, 0, -5, 13.0623, 0
22.651, 0, -5, 13.0623, 0
22.662, 0, -5, 13.0623, 0
22.672, 0, -5, 13.0623, 0
22.682, 0, -5, 13.0623, 0
22.693, 0, -5, 13.0623, 0
22.703, 0, -5, 13.0623, 0
22.714, 0, -5, 13.0623, 0
22.724, 0, -5, 13.0623, 0
22.735, 0, -5, 13.0623, 0
22.745, 0, -5, 13.0623, 0
22.756, 0, -5, 13.0623, 0
22.766, 0, -5, 13.0623, 0
22.776, 0, -5, 13.0623, 0
22.787, 0, -5, 13.0623, 0
22.797, 0, -5, 13.0623, 0
22.808, 0, -5, 13.0623, 0
22.819, 0, -5, 13.0623, 0
22.829, 0, -5, 13.0623, 0
22.84, 0, -5, 13.0623, 0
22.85, 0, -5, 13.0623, 0
22.861, 0, -5, 13.0623, 0
22.871, 0, -5, 13.0623, 0
22.882, 0, -5, 13.0623, 0
22.892, 0, -5, 13.0623, 0
22.903, 0, -5, 13.0623, 0
22.913, 0, -5, 13.0623, 0
22.924, 0, -5, 13.0623, 0
22.934, 0, -5, 13.0623, 0
22.944, 0, -5, 13.0623, 0
22.955, 0, -5, 13.0623, 0
22.965, 0, -5, 13.0623, 0
22.976, 0, -5, 13.0623, 0
22.986, 0, -5, 13.0623, 0
22.996, 0, -5, 13.0623, 0
23.007, 0, -5, 13.0623, 0
23.017, 0, -5, 13.0623, 0
23.028, 0, -5, 13.0623, 0
23.039, 0, -5, 13.0623, 0
23.049, 0, -5, 13.0623, 0
23.06, 0, -5, 13.0623, 0
23.07, 0, -5, 13.0623, 0
23.08, 0, -5, 13.0623, 0
23.091, 0, -5, 13.0623, 0
23.101, 0, -5, 13.0623, 0
23.112, 0, -5, 13.0623, 0
23.122, 0, -5, 13.0623, 0
23.133, 0, -5, 13.0623, 0
23.143, 0, -5, 13.0623, 0
23.154, 0, -5, 13.0623, 0
23.164, 0, -5, 13.0623, 0
23.175, 0, -5, 13.0623, 0
23.185, 0, -5, 13.0623, 0
23.196, 0, -5, 13.0623, 0
23.206, 0, -5, 13.0623, 0
23.217, 0, -5, 13.0623, 0
23.227, 0, -5, 13.0623, 0
23.237, 0, -5, 13.0623, 0
23.248, 0, -5, 13.0623, 0
23.258, 0, -5, 13.0623, 0
23.269, 0, -5, 13.0623, 0
23.279, 0, -5, 13.0623, 0
23.29, 0, -5, 13.0623, 0
23.301, 0, -5, 13.0623, 0
23.311, 0, -5, 13.0623, 0
23.322, 0, -5, 13.0623, 0
23.332, 0, -5, 13.0623, 0
23.342, 0, -5, 13.0623, 0
23.353, 0, -5, 13.0623, 0
23.363, 0, -5, 13.0623, 0
23.374, 0, -5, 13.0623, 0
23.384, 0, -5, 12.652, 0
23.394, 0, -5, 12.0365, -2.4491
23.405, 0, -5, 11.421, 0
23.415, 0, -5, 10.6687, 0
23.426, 0, -5, 9.91641, 0
23.436, 0, -5, 9.23252, 0
23.446, 0, -5, 8.41185, -963.226
23.457, 0, -5, 7.72796, 0
23.467, 0, -5, 7.04407, -302.606
23.478, 0, -5, 6.29179, -1367.78
23.489, 0, -5, 5.53951, 0
23.499, 0, -5, 4.85562, -244.247
23.51, 0, -5, 4.24012, 0
23.521, 0, -5, 4.03495, 0
23.532, 0, -5, 4.03495, 0
23.542, 0, -5, 4.03495, 0
23.553, 0, -5, 4.03495, 0
23.564, 0, -5, 4.03495, 0
23.574, 0, -5, 4.03495, 0
23.584, 0, -5, 4.03495, 0
23.595, 0, -5, 4.03495, 0
23.605, 0, -5, 4.03495, 0
23.615, 0, -5, 4.03495, 0
23.626, 0, -5, 4.03495, 0
23.636, 0, -5, 4.03495, 0
23.647, 0, -5, 4.03495, 0
23.657, 0, -5, 4.03495, 0
23.668, 0, -5, 4.03495, 0
23.678, 0, -5, 4.03495, 0
23.688, 0, -5, 4.03495, 0
23.698, 0, -5, 4.03495, 0
23.709, 0, -5, 4.03495, 0
23.72, 0, -5, 4.03495, 0
23.73, 0, -5, 4.03495, 0
23.741, 0, -5, 4.03495, 0
23.751, 0, -5, 4.03495, 0
23.761, 0, -5, 4.03495, 0
23.772, 0, -5, 4.03495, 0
23.782, 0, -5, 4.03495, 0
23.792, 0, -5, 4.03495, 0
23.803, 0, -5, 4.03495, 0
23.813, 0, -5, 4.03495, 0
23.824, 0, -5, 4.03495, 0
23.834, 0, -5, 4.03495, 0
23.845, 0, -5, 4.03495, 0
23.856, 0, -5, 4.03495, 0
23.867, 0, -5, 4.03495, 0
23.877, 0, -5, 4.03495, 0
23.888, 0, -5, 4.03495, 0
23.898, 0, -5, 4.03495, 0
23.909, 0, -5, 4.03495, 0
23.919, 0, -5, 4.03495, 0
23.93, 0, -5, 4.03495, 0
23.941, 0, -5, 4.03495, 0
23.951, 0, -5, 4.03495, 0
23.961, 0, -5, 4.03495, 0
23.972, 0, -5, 4.03495, 0
23.982, 0, -5, 4.03495, 0
23.992, 0, -5, 4.03495, 0
24.003, 0, -5, 4.03495, 0
24.013, 0, -5, 4.03495, 0
24.024, 0, -5, 4.03495, 0
24.035, 0, -5, 4.03495, 0
24.049, 0, -5, 4.03495, 0
24.059, 0, -5, 4.03495, 0
24.069, 0, -5, 4.03495, 0
24.08, 0, -5, 4.03495, 0
24.09, 0, -5, 4.03495, 0
24.101, 0, -5, 4.03495, 0
24.111, 0, -5, 4.03495, 0
24.121, 0, -5, 4.03495, 0
24.132, 0, -5, 4.03495, 0
24.142, 0, -5, 4.03495, 0
24.153, 0, -5, 4.03495, 0
24.163, 0, -5, 4.03495, 0
24.173, 0, -5, 4.03495, 0
24.184, 0, -5, 4.03495, 0
24.194, 0, -5, 4.03495, 0
24.205, 0, -5, 4.03495, 0
24.215, 0, -5, 4.03495, 0
24.226, 0, -5, 4.03495, 0
24.236, 0, -5, 4.03495, 0
24.247, 0, -5, 4.03495, 0
24.258, 0, -5, 4.03495, 0
24.268, 0, -5, 4.03495, 0
24.278, 0, -5, 4.03495, 0
24.289, 0, -5, 4.03495, 0
24.299, 0, -5, 4.03495, 0
24.309, 0, -5, 4.10334, 0
24.32, 0, -5, 4.58207, 0
24.33, 0, -5, 5.12918, 0
24.341, 0, -5, 5.81307, 538.497
24.352, 0, -5, 6.56535, 834.013
24.362, 0, -5, 7.31763, 0
24.373, 0, -5, 8.1383, 0
24.383, 0, -5, 8.82219, 0
24.394, 0, -5, 9.57447, 13.1201
24.404, 0, -5, 10.3267, 0
24.415, 0, -5, 11.079, 0
24.425, 0, -5, 11.5578, 0
24.436, 0, -5, 11.6945, 0
24.446, 0, -5, 11.6945, 0
24.457, 0, -5, 11.6945, 0
24.467, 0, -5, 11.6945, 0
24.478, 0, -5, 11.6945, 0
24.489, 0, -5, 11.6945, 0
24.499, 0, -5, 11.6945, 0
24.51, 0, -5, 11.6945, 0
24.52, 0, -5, 11.6945, 0
24.531, 0, -5, 11.6945, 0
24.541, 0, -5, 11.6945, 0
24.552, 0, -5, 11.6945, 0
24.562, 0, -5, 11.6945, 0
24.572, 0, -5, 11.6945, 0
24.583, 0, -5, 11.6945, 0
24.593, 0, -5, 11.6945, 0
24.604, 0, -5, 11.6945, 0
24.614, 0, -5, 11.6945, 0
24.625, 0, -5, 11.7629, 0
24.635, 0, -5, 12.2416, 0
24.646, 0, -5, 12.7888, 3469.01
24.656, 0, -5, 13.4043, 963.226
24.667, 0, -5, 14.1565, 0
24.677, 0, -5, 14.772, 0
24.688, 0, -5, 15.4559, 1199.81
24.698, 0, -5, 16.1398, 0
24.709, 0, -5, 16.8237, 0
24.719, 0, -5, 17.5076, 0
24.73, 0, -5, 18.1915, 0
24.741, 0, -5, 18.8754, 0
24.751, 0, -5, 19.6277, 1470.73
24.762, 0, -5, 20.1748, 0
24.772, 0, -5, 20.3116, 0
24.782, 0, -5, 20.3799, 0
24.793, 0, -5, 20.3799, 0
24.804, 0, -5, 20.3799, 0
24.814, 0, -5, 20.3799, 0
24.825, 0, -5, 20.3799, 0
24.835, 0, -5, 20.3799, 0
24.846, 0, -5, 20.3799, 0
24.856, 0, -5, 20.3799, 0
24.866, 0, -5, 20.3799, 0
24.877, 0, -5, 20.3799, 0
24.887, 0, -5, 20.3799, 0
24.897, 0, -5, 20.3799, 0
24.908, 0, -5, 20.3799, 0
24.919, 0, -5, 20.3799, 0
24.929, 0, -5, 20.3799, 0
24.94, 0, -5, 20.3799, 0
24.95, 0, -5, 20.3799, 0
24.961, 0, -5, 20.3799, 0
24.971, 0, -5, 20.3799, 0
24.982, 0, -5, 20.3799, 0
24.992, 0, -5, 20.3799, 0
25.002, 0, -5, 20.3799, 0
25.013, 0, -5, 20.3799, 0
25.023, 0, -5, 20.3799, 0
25.034, 0, -5, 20.3799, 0
25.044, 0, -5, 20.3799, 0
25.055, 0, -5, 20.3799, 0
25.065, 0, -5, 20.3799, 0
25.075, 0, -5, 20.3799, 0
25.086, 0, -5, 20.3799, 0
25.096, 0, -5, 20.3799, 0
25.107, 0, -5, 20.3799, 0
25.117, 0, -5, 20.3799, 0
25.128, 0, -5, 20.3799, 0
25.138, 0, -5, 20.3799, 0
25.149, 0, -5, 20.3799, 0
25.159, 0, -5, 20.3799, 0
25.17, 0, -5, 20.3799, 0
25.18, 0, -5, 20.3799, 0
25.191, 0, -5, 20.3799, 0
25.201, 0, -5, 20.3799, 0
25.212, 0, -5, 20.3799, 0
25.222, 0, -5, 20.3799, 0
25.232, 0, -5, 20.3799, 0
25.243, 0, -5, 20.3799, 0
25.253, 0, -5, 20.3799, 0
25.264, 0, -5, 20.3799, 0
25.274, 0, -5, 20.3799, 0
25.284, 0, -5, 20.3799, 0
25.295, 0, -5, 20.3799, 0
25.305, 0, -5, 20.3799, 0
25.316, 0, -5, 20.3799, 0
25.326, 0, -5, 20.3799, 0
25.337, 0, -5, 20.3799, 0
25.347, 0, -5, 20.3799, 0
25.358, 0, -5, 20.3799, 0
25.368, 0, -5, 20.3799, 0
25.378, 0, -5, 20.3799, 0
25.388, 0, -5, 20.3799, 0
25.399, 0, -5, 20.3799, 0
25.409, 0, -5, 20.3799, 0
25.42, 0, -5, 20.3799, 0
25.43, 0, -5, 20.1748, 0
25.441, 0, -5, 19.696, 0
25.452, 0, -5, 19.0805, -2763.19
25.462, 0, -5, 18.3967, 0
25.473, 0, -5, 17.7128, -1848.35
25.483, 0, -5, 16.9605, 0
25.494, 0, -5, 16.2082, 0
25.504, 0, -5, 15.4559, 0
25.514, 0, -5, 14.772, -1020.73
25.525, 0, -5, 14.1565, 0
25.535, 0, -5, 13.9514, 0
25.546, 0, -5, 13.9514, 0
25.556, 0, -5, 13.9514, 0
25.566, 0, -5, 13.9514, 0
25.577, 0, -5, 13.9514, 0
25.587, 0, -5, 13.9514, 0
25.598, 0, -5, 13.9514, 0
25.608, 0, -5, 13.9514, 0
25.618, 0, -5, 13.9514, 0
25.629, 0, -5, 13.9514, 0
25.639, 0, -5, 13.9514, 0
25.65, 0, -5, 13.7462, -3799.39
25.66, 0, -5, 13.3359, 0
25.671, 0, -5, 12.7204, 0
25.681, 0, -5, 12.1049, 0
25.691, 0, -5, 11.421, 0
25.701, 0, -5, 10.8055, 0
25.712, 0, -5, 10.1216, 0
25.722, 0, -5, 9.43769, 0
25.733, 0, -5, 8.82219, 0
25.743, 0, -5, 8.27508, 0
25.754, 0, -5, 8.06991, 0
25.764, 0, -5, 8.06991, 0
25.774, 0, -5, 8.06991, 0
25.785, 0, -5, 8.06991, 0
25.795, 0, -5, 8.06991, 0
25.805, 0, -5, 8.06991, 0
25.816, 0, -5, 8.06991, 0
25.826, 0, -5, 8.00152, 0
25.837, 0, -5, 7.65957, 0
25.847, 0, -5, 7.11246, 0
25.858, 0, -5, 6.49696, -1519.76
25.868, 0, -5, 5.81307, 0
25.878, 0, -5, 5.12918, 0
25.889, 0, -5, 4.51368, 0
25.899, 0, -5, 3.89818, 0
25.909, 0, -5, 3.28267, 0
25.92, 0, -5, 2.66717, 0
25.93, 0, -5, 2.39362, 0
25.941, 0, -5, 2.32523, 0
25.951, 0, -5, 2.32523, 0
25.962, 0, -5, 2.32523, 0
25.972, 0, -5, 2.32523, 0
25.983, 0, -5, 2.32523, 0
25.993, 0, -5, 2.32523, 0
26.004, 0, -5, 2.32523, 0
26.014, 0, -5, 2.32523, 0
26.025, 0, -5, 2.32523, 0
26.035, 0, -5, 2.12006, 0
26.046, 0, -5, 1.64134, 0
26.056, 0, -5, 1.02584, -2137.16
26.067, 0, -5, 0.410334, 0
26.077, 0, -5, -0.273556, 0
26.087, 0, -5, -0.889058, 0
26.098, 0, -5, -1.29939, 0
26.108, 0, -5, -1.36778, 0
26.119, 0, -5, -1.36778, 0
26.13, 0, -5, -1.36778, 0
26.141, 0, -5, -1.36778, 0
26.151, 0, -5, -1.36778, 0
26.162, 0, -5, -1.36778, 0
26.172, 0, -5, -1.36778, 0
26.182, 0, -5, -1.36778, 0
26.193, 0, -5, -1.36778, 0
26.204, 0, -5, -1.36778, 0
26.214, 0, -5, -1.36778, 0
26.225, 0, -5, -1.36778, 0
26.236, 0, -5, -1.36778, 0
26.247, 0, -5, -1.36778, 0
26.257, 0, -5, -1.36778, 0
26.268, 0, -5, -1.36778, 0
26.278, 0, -5, -1.36778, 0
26.289, 0, -5, -1.36778, 0
26.299, 0, -5, -1.36778, 0
26.31, 0, -5, -1.36778, 0
26.32, 0, -5, -1.57295, 0
26.331, 0, -5, -2.05167, 0
26.341, 0, -5, -2.73556, 0
26.352, 0, -5, -3.41945, -5526.39
26.362, 0, -5, -4.10334, 0
26.373, 0, -5, -4.78723, 0
26.383, 0, -5, -5.47112, -18.528
26.393, 0, -5, -6.08663, 0
26.404, 0, -5, -6.36018, 0
26.414, 0, -5, -6.42857, 0
26.425, 0, -5, -6.42857, 0
26.435, 0, -5, -6.42857, 0
26.446, 0, -5, -6.42857, 0
26.457, 0, -5, -6.42857, 0
26.467, 0, -5, -6.42857, 0
26.478, 0, -5, -6.42857, 0
26.488, 0, -5, -6.42857, 0
26.499, 0, -5, -6.42857, 0
26.509, 0, -5, -6.42857, 0
26.52, 0, -5, -6.42857, 0
26.53, 0, -5, -6.42857, 0
26.541, 0, -5, -6.42857, 0
26.551, 0, -5, -6.42857, 0
26.562, 0, -5, -6.42857, 0
26.572, 0, -5, -6.42857, 0
26.582, 0, -5, -6.42857, 0
26.592, 0, -5, -6.42857, 0
26.603, 0, -5, -6.42857, 0
26.613, 0, -5, -6.42857, 0
26.624, 0, -5, -6.42857, 0
26.634, 0, -5, -6.42857, 0
26.645, 0, -5, -6.42857, 0
26.656, 0, -5, -6.42857, 0
26.666, 0, -5, -6.42857, 0
26.677, 0, -5, -6.42857, 0
26.687, 0, -5, -6.42857, 0
26.698, 0, -5, -6.42857, 0
26.708, 0, -5, -6.42857, 0
26.719, 0, -5, -6.42857, 0
26.729, 0, -5, -6.42857, 0
26.74, 0, -5, -6.42857, 0
26.75, 0, -5, -6.42857, 0
26.761, 0, -5, -6.42857, 0
26.771, 0, -5, -6.42857, 0
26.782, 0, -5, -6.42857, 0
26.792, 0, -5, -6.42857, 0
26.803, 0, -5, -6.42857, 0
26.814, 0, -5, -6.42857, 0
26.825, 0, -5, -6.42857, 0
26.835, 0, -5, -6.42857, 0
26.846, 0, -5, -6.42857, 0
26.856, 0, -5, -6.42857, 0
26.867, 0, -5, -6.42857, 0
26.877, 0, -5, -6.42857, 0
26.888, 0, -5, -6.42857, 0
26.898, 0, -5, -6.42857, 0
26.908, 0, -5, -6.42857, 0
26.919, 0, -5, -6.42857, 0
26.929, 0, -5, -6.42857, 0
26.94, 0, -5, -6.42857, 0
26.951, 0, -5, -6.42857, 0
26.961, 0, -5, -6.42857, 0
26.972, 0, -5, -6.42857, 0
26.982, 0, -5, -6.42857, 0
26.993, 0, -5, -6.42857, 0
27.003, 0, -5, -6.42857, 0
27.014, 0, -5, -6.42857, 0
27.025, 0, -5, -6.42857, 0
27.036, 0, -5, -6.42857, 0
27.046, 0, -5, -6.42857, 0
27.057, 0, -5, -6.42857, 0
27.067, 0, -5, -6.42857, 0
27.078, 0, -5, -6.42857, 0
27.088, 0, -5, -6.42857, 0
27.098, 0, -5, -6.42857, 0
27.109, 0, -5, -6.42857, 0
27.119, 0, -5, -6.42857, 0
27.13, 0, -5, -6.42857, 0
27.141, 0, -5, -6.42857, 0
27.151, 0, -5, -6.42857, 0
27.162, 0, -5, -6.42857, 0
27.172, 0, -5, -6.42857, 0
27.183, 0, -5, -6.42857, 0
27.193, 0, -5, -6.42857, 0
27.204, 0, -5, -6.42857, 0
27.214, 0, -5, -6.42857, 0
27.225, 0, -5, -6.42857, 0
27.235, 0, -5, -6.42857, 0
27.246, 0, -5, -6.42857, 0
27.256, 0, -5, -6.42857, 0
27.267, 0, -5, -6.42857, 0
27.277, 0, -5, -6.42857, 0
27.288, 0, -5, -6.42857, 0
27.298, 0, -5, -6.42857, 0
27.308, 0, -5, -6.42857, 0
27.319, 0, -5, -6.42857, 0
27.329, 0, -5, -6.42857, 0
27.34, 0, -5, -6.42857, 0
27.351, 0, -5, -6.42857, 0
27.361, 0, -5, -6.42857, 0
27.372, 0, -5, -6.42857, 0
27.382, 0, -5, -6.42857, 0
27.393, 0, -5, -6.42857, 0
27.403, 0, -5, -6.42857, 0
27.413, 0, -5, -6.42857, 0
27.424, 0, -5, -6.42857, 0
27.434, 0, -5, -6.42857, 0
27.445, 0, -5, -6.42857, 0
27.456, 0, -5, -6.42857, 0
27.466, 0, -5, -6.42857, 0
27.476, 0, -5, -6.42857, 0
27.487, 0, -5, -6.42857, 0
27.497, 0, -5, -6.42857, 0
27.507, 0, -5, -6.42857, 0
27.518, 0, -5, -6.42857, 0
27.528, 0, -5, -6.42857, 0
27.538, 0, -5, -6.42857, 0
27.549, 0, -5, -6.42857, 0
27.559, 0, -5, -6.42857, 0
27.57, 0, -5, -6.42857, 0
27.58, 0, -5, -6.42857, 0
27.591, 0, -5, -6.42857, 0
27.601, 0, -5, -6.42857, 0
27.612, 0, -5, -6.42857, 0
27.622, 0, -5, -6.42857, 0
27.633, 0, -5, -6.42857, 0
27.644, 0, -5, -6.42857, 0
27.654, 0, -5, -6.42857, 0
27.665, 0, -5, -6.42857, 0
27.675, 0, -5, -6.42857, 0
27.686, 0, -5, -6.42857, 0
27.696, 0, -5, -6.42857, 0
27.706, 0, -5, -6.42857, 0
27.717, 0, -5, -6.42857, 0
27.728, 0, -5, -6.42857, 0
27.738, 0, -5, -6.42857, 0
27.748, 0, -5, -6.42857, 0
27.759, 0, -5, -6.42857, 0
27.769, 0, -5, -6.42857, 0
27.78, 0, -5, -6.42857, 0
27.79, 0, -5, -6.42857, 0
27.801, 0, -5, -6.42857, 0
27.811, 0, -5, -6.42857, 0
27.822, 0, -5, -6.42857, 0
