0, 0, 0, 0, 0
0.011, 1, 360, 0, 0
0.022, 1, 360, 0.478723, 62.4558
0.035, 1, 360, 0.957447, 308.337
0.047, 1, 360, 1.98328, 153436
0.061, 1, 360, 3.1459, 120.509
0.074, 1, 360, 4.17173, 114.077
0.088, 1, 360, 5.19757, 94.8969
0.103, 1, 360, 6.29179, 44.7865
0.116, 1, 360, 7.38602, -6618.3
0.13, 1, 360, 8.20669, 60.9257
0.144, 1, 360, 9.02736, 85.3796
0.157, 1, 360, 10.3267, 123.669
0.179, 1, 360, 11.6945, 61.584
0.194, 1, 360, 13.2675, 67.1633
0.216, 1, 360, 14.9772, 88.0924
0.239, 1, 360, 16.9605, 176.412
0.259, 1, 360, 18.465, 70.3881
0.283, 1, 360, 20.3799, 518.099
0.305, 1, 360, 22.0897, 81.6293
0.327, 1, 360, 23.4574, 51.459
0.34, 1, 360, 24.8936, 90.6215
0.361, 1, 360, 26.193, 84.3788
0.375, 1, 360, 27.6976, 59.0579
0.394, 1, 360, 28.8602, 52.902
0.412, 1, 360, 30.5699, 76.98
0.433, 1, 360, 32.348, 68.1336
0.455, 1, 360, 34.1261, 76.7123
0.475, 1, 360, 35.5623, 103.276
0.495, 1, 360, 36.9985, 92.0445
0.511, 1, 360, 38.2979, 84.4101
0.53, 1, 360, 39.734, 91.3072
0.544, 1, 360, 40.8967, 90.0448
0.558, 1, 360, 41.9909, 120.297
0.571, 1, 360, 43.0851, 208.503
0.587, 1, 360, 44.2477, 136.505
0.601, 1, 360, 45.4103, 122.123
0.615, 1, 360, 46.5046, 115.327
0.63, 1, 360, 47.6672, 180.605
0.644, 1, 360, 48.8298, 110.216
0.658, 1, 360, 50.266, 82.7204
0.682, 1, 360, 51.9073, 92.962
0.698, 1, 360, 53.2067, 93.1731
0.713, 1, 360, 55.0532, 124.912
0.735, 1, 360, 56.5578, -136.03
0.763, 1, 360, 58.3359, 71.5516
0.78, 1, 360, 60.1824, 85.3583
0.802, 1, 360, 61.5502, 94.3297
0.817, 1, 360, 62.8495, 84.3893
0.836, 1, 360, 64.2857, 62.6273
0.85, 1, 360, 65.7903, 82.5158
0.872, 1, 360, 67.5684, 72.3235
0.896, 1, 360, 69.0046, 70.2868
0.913, 1, 360, 70.8511, 62.6847
0.932, 1, 360, 3.96657, 31462.7
0.951, 1, 360, 73.5182, 61.6673
0.964, 1, 360, 74.6809, 61.1709
0.978, 1, 360, 75.7067, 53.8497
0.992, 1, 360, 76.8009, 59.9378
1.005, 1, 360, 77.8267, 92.0858
1.02, 1, 360, 78.921, 48.8842
1.033, 1, 360, 80.2204, 87.7908
1.06, 1, 360, 82.5456, 61.3905
1.078, 1, 360, 83.9818, 74.628
1.1, 1, 360, 85.7599, 90.8623
1.119, 1, 360, 87.6064, 70.8842
1.146, 1, 360, 89.0426, 68.7742
1.164, 1, 360, 90.8891, 120.368
1.185, 1, 360, 93.2143, -16.1676
1.219, 1, 360, 95.0608, 81.1258
1.238, 1, 360, 96.9757, 70.5769
1.26, 1, 360, 98.4802, 97.3371
1.28, 1, 360, 99.9848, 104.048
1.301, 1, 360, 101.9, 117.205
1.321, 1, 360, 103.336, 318.089
1.336, 1, 360, 104.43, 76.6479
1.353, 1, 360, 105.866, 87.0828
1.372, 1, 360, 107.713, 61.3905
1.396, 1, 360, 108.191, 58.6527
1.417, 1, 360, 110.927, 340.244
1.432, 1, 360, 112.09, 32.8005
1.446, 1, 360, 113.252, 57.3734
1.461, 1, 360, 0, 49303.7
1.475, 1, 360, 115.509, 250760
1.491, 1, 360, 116.809, 59.9641
1.506, 1, 360, 117.903, 92.5427
1.52, 1, 360, 119.065, 92.9199
1.535, 1, 360, 120.16, 79.5844
1.549, 1, 360, 121.322, 314.432
1.561, 1, 360, 122.348, 0
1.576, 1, 360, 123.511, 217.8
1.591, 1, 360, 124.673, 0
1.606, 1, 360, 125.836, 175.958
1.619, 1, 360, 126.93, 43.0391
1.633, 1, 360, 128.024, 48.2974
1.647, 1, 360, 129.119, 1315.17
1.659, 1, 360, 130.076, 118.628
1.673, 1, 360, 131.17, 111.93
1.689, 1, 360, 132.675, 82.0013
1.713, 1, 360, 134.795, 62.7423
1.732, 1, 360, 136.299, 93.0886
1.75, 1, 360, 137.872, 76.3271
1.772, 1, 360, 139.309, 75.1528
1.788, 1, 360, 140.813, 70.7522
1.81, 1, 360, 142.591, 0
1.829, 1, 360, 143.822, -126604
1.843, 1, 360, 145.327, 0
1.861, 1, 360, 146.763, 148.028
1.884, 1, 360, 148.541, 111.111
1.907, 1, 360, 150.524, 82.7621
1.928, 1, 360, 152.029, 0
1.945, 1, 360, 153.055, 82.1194
1.961, 1, 360, 154.491, 91.226
1.976, 1, 360, 156.064, 81.5709
1.998, 1, 360, 157.5, 0
2.017, 1, 360, 159.347, 60.9528
2.036, 1, 360, 160.714, 71.6866
2.053, 1, 360, 161.877, 57.8588
2.069, 1, 360, 163.45, 67.4848
2.091, 1, 360, 164.954, 0
2.106, 1, 360, 166.459, 43.0391
2.123, 1, 360, 168.032, 95.0376
2.146, 1, 360, 169.742, 123.781
2.164, 1, 360, 170.836, 0
2.181, 1, 360, 172.614, 61.1709
2.199, 1, 360, 174.05, 561.834
2.222, 1, 360, 175.555, 78.6986
2.239, 1, 360, 177.264, 43.012
2.26, 1, 360, 178.837, 0
2.276, 1, 360, 180, 30.5991
2.291, 1, 360, 181.026, 56.9909
2.304, 1, 360, 181.983, 0
2.315, 1, 360, 182.872, 120.192
2.327, 1, 360, 184.035, 59.6243
2.341, 1, 360, 185.129, 100.13
2.355, 1, 360, 186.155, 33.7724
2.369, 1, 360, 187.386, 31.5739
2.383, 1, 360, 188.412, 34.5051
2.397, 1, 360, 189.574, 0
2.41, 1, 360, 190.669, 85.9879
2.427, 1, 360, 191.763, 120.722
2.439, 1, 360, 192.857, 92.71
2.454, 1, 360, 194.02, 94.1566
2.468, 1, 360, 195.114, 77.9362
2.482, 1, 360, 196.277, 122.781
2.495, 1, 360, 197.371, 61.8066
2.51, 1, 360, 198.465, 35.4899
2.523, 1, 360, 199.559, 42.6366
2.537, 1, 360, 200.653, 124.57
2.551, 1, 360, 201.748, 276.879
2.565, 1, 360, 202.91, 179.971
2.58, 1, 360, 204.005, 48.1613
2.595, 1, 360, 205.236, 120.297
2.608, 1, 360, 206.261, 468.418
2.623, 1, 360, 207.424, 0
2.638, 1, 360, 208.518, 87.51
2.651, 1, 360, 209.681, 186.855
2.666, 1, 360, 210.775, 0
2.68, 1, 360, 211.938, 61.3905
2.695, 1, 360, 213.1, 90.9832
2.709, 1, 360, 214.195, 93.1731
2.722, 1, 360, 215.289, 120.509
2.735, 1, 360, 216.588, 110.739
2.757, 1, 360, 218.298, 60.8985
2.773, 1, 360, 219.392, 90.6416
2.788, 1, 360, 220.965, 69.3601
2.811, 1, 360, 222.812, 120.829
2.829, 1, 360, 225.137, 82.6525
2.869, 1, 360, 228.146, 86.2482
2.919, 1, 360, 231.634, -20.5991
2.941, 1, 360, 3.1459, 115.522
2.972, 1, 360, 235.805, 87.0459
2.994, 1, 360, 237.72, 120.936
3.012, 1, 360, 238.815, 74.2391
3.031, 1, 360, 240.729, 77.0436
3.052, 1, 360, 242.097, 36.3965
3.069, 1, 360, 243.533, 66.0445
3.089, 1, 360, 245.312, 108.856
3.109, 1, 360, 246.816, 77.5048
3.136, 1, 360, 249.688, 89.495
3.165, 1, 360, 252.492, 78.0163
3.211, 1, 360, 258.579, 628.287
3.287, 1, 360, 261.315, 68.2389
3.309, 1, 360, 263.161, 68.0488
3.328, 1, 360, 264.597, 0
3.344, 1, 360, 265.623, 54231.9
3.362, 1, 360, 267.538, 77.3632
3.385, 1, 360, 269.111, 72.5998
3.401, 1, 360, 270.205, 32.3047
3.414, 1, 360, 271.299, 38.9903
3.428, 1, 360, 272.462, 52.4858
3.442, 1, 360, 273.488, 37.1075
3.455, 1, 360, 274.65, 104.811
3.469, 1, 360, 275.745, 123.113
3.483, 1, 360, 276.839, 61.6118
3.497, 1, 360, 277.933, 118.32
3.511, 1, 360, 279.027, 80.323
3.525, 1, 360, 280.122, 38.0998
3.542, 1, 360, 281.489, 52.4054
3.555, 1, 360, 282.584, 0
3.569, 1, 360, 283.541, 41.6245
3.582, 1, 360, 284.704, 60.0958
3.596, 1, 360, 285.798, 200.554
3.611, 1, 360, 286.96, -142554
3.625, 1, 360, 288.465, 91.0236
3.644, 1, 360, 289.97, 0
3.667, 1, 360, 291.406, 82.662
3.693, 1, 360, 293.731, 84.605
3.715, 1, 360, 295.372, 83.32
3.733, 1, 360, 296.809, 0
3.747, 1, 360, 297.903, 91.6743
3.762, 1, 360, 298.997, 70.2868
3.775, 1, 360, 300.228, 61.8346
3.789, 1, 360, 301.322, 38.5508
3.803, 1, 360, 302.348, 0
3.818, 1, 360, 303.579, 62.656
3.832, 1, 360, 304.673, 41.3477
3.846, 1, 360, 305.904, 87.7533
3.863, 1, 360, 307.067, 60.6286
3.876, 1, 360, 308.093, 247.786
3.891, 1, 360, 309.324, 120.086
3.904, 1, 360, 310.281, 66.6885
3.918, 1, 360, 311.444, 55.331
3.931, 1, 360, 312.47, 0
3.946, 1, 360, 313.632, 119.771
3.96, 1, 360, 314.726, 0
3.974, 1, 360, 315.889, 44.9042
3.988, 1, 360, 317.325, 97.1435
4.011, 1, 360, 318.967, 69.8132
4.032, 1, 360, 320.813, 238.013
4.056, 1, 360, 322.454, 61.363
4.071, 1, 360, 323.549, 69.7421
4.089, 1, 360, 325.464, 22.7055
4.108, 1, 360, 326.968, 183.842
4.126, 1, 360, 328.746, 87.6034
4.153, 1, 360, 330.593, 81.6655
4.189, 1, 360, 334.491, 1037.12
4.22, 1, 360, 334.628, 0
4.231, 1, 360, 336.543, 0
4.245, 1, 360, 337.637, 49.0831
4.262, 1, 360, 339.005, 83.6734
4.282, 1, 360, 340.919, 123.893
4.299, 1, 360, 342.424, 198.229
4.323, 1, 360, 343.86, 85.7185
4.341, 1, 360, 345.775, 88.817
4.363, 1, 360, 347.553, 64.3965
4.387, 1, 360, 349.4, 163.61
4.405, 1, 360, 351.246, 93.8336
4.433, 1, 360, 352.751, 0
4.452, 1, 360, 353.229, 93.9625
4.48, 1, 360, 356.922, 44.7426
4.499, 1, 360, 358.29, 120.722
4.516, 0.967447, 360, 359.453, 44.5628
4.537, 0.143359, 360, 360.068, 0
4.557, 0.00589666, 360, 360.137, 0
4.572, 0.0371884, 360, 360.137, 0
4.585, 0.0453951, 360, 360.137, 0
4.599, 0.052234, 360, 360.137, 0
4.62, 0.0577052, 360, 360.137, 0
4.636, 0.0618085, 360, 360.137, 0
4.67, 1, 360, 0, 300149
4.687, 0.354514, 360, 360.752, 0
4.702, 0.433845, 360, 360.752, 0
4.717, 0.486505, 360, 360.752, 0
4.731, 0.495395, 360, 360.616, 0
4.753, 0.463252, 360, 360.547, 0
4.773, 0.485137, 360, 360.479, 0
4.801, 0.466672, 360, 360.41, 0
4.829, 0.472143, 360, 360.342, 0
4.848, 0.455046, 360, 360.274, 0
4.868, 0.432477, 360, 360.274, 0
4.882, 0.446155, 360, 360.274, 0
4.903, 0.459833, 360, 360.274, 0
4.922, 0.473511, 360, 360.274, 0
4.94, 0.478982, 360, 360.274, 0
4.963, 0.498131, 360, 360.205, 0
4.981, 0.478298, 360, 360.205, -21.6284
5.002, 0.486505, 360, 360.068, 0
5.031, 0.422219, 360, 360.068, 0
5.062, 0.426322, 360, 360.068, 0
5.081, 0.429742, 360, 360.068, 0
5.101, 0.432477, 360, 360.068, 0
5.124, 0.437948, 360, 360, 0
5.143, 0.403754, 360, 360, 0
5.165, 0.403754, 360, 360, 0
5.183, 0.403754, 360, 360, 0
5.22, 0.403754, 360, 360, 0
5.235, 0.403754, 360, 360, 0
5.276, 0.403754, 360, 360, 26.7668
5.296, 0.0604407, 360, 360.547, 161.295
5.315, 0.377082, 360, 360.684, 0
5.329, 0.411277, 360, 360.684, 0
5.349, 0.403754, 360, 360.616, 0
5.363, 0.446839, 360, 360.547, 0
5.377, 0.418116, 360, 360.547, 0
5.398, 0.456413, 360, 360.547, 0
5.412, 0.269027, 360, 360.616, 0
5.425, 0.410593, 360, 360.752, 0
5.441, 0.455729, 360, 360.752, 0
5.456, 0.472143, 360, 360.684, -30.7505
5.47, 0.476246, 360, 360.547, 0
5.484, 0.474878, 360, 360.547, 0
5.497, 0.502234, 360, 360.547, 0
5.511, 0.535061, 360, 360.479, 0
5.526, 0.494711, 360, 360.41, 0
5.54, 0.515228, 360, 360.342, 0
5.554, 0.502918, 360, 360.274, 0
5.569, 0.491976, 360, 360.274, 0
5.582, 0.505653, 360, 360.205, 0
5.596, 0.508389, 360, 360.205, 0
5.612, 0.482401, 360, 360.137, 0
5.628, 0.455729, 360, 360.068, 0
5.652, 0.429058, 360, 360.068, -15.7615
5.674, 0.433161, 360, 360, 0
5.691, 0.398967, 360, 360, 0
5.719, 0.398967, 360, 360, 0
5.732, 0.398967, 360, 360, 0
5.75, 0.398967, 360, 360, 0
5.77, 0.398967, 360, 360, 0
5.79, 0.398967, 360, 360, 0
5.813, 0.398967, 360, 360, -1.2402
5.83, 0.398967, 360, 360, 0
5.847, 0.398967, 360, 360, 0
5.863, 0.398967, 360, 360, 0
5.879, 0.398967, 360, 360, 0
5.899, 0.398967, 360, 360, 0
5.92, 0.398967, 360, 360, 0
5.936, 0.398967, 360, 360, 0
5.953, 0.398967, 360, 360, 0
5.972, 0.398967, 360, 360, 0
5.989, 0.398967, 360, 360, 0
6.01, 0.398967, 360, 360, 0
6.025, 0.398967, 360, 360, 0
6.047, 0.398967, 360, 360, 0
6.064, 0.398967, 360, 360, 0
6.079, 0.398967, 360, 360, 0
6.102, 0.398967, 360, 360, 0
6.124, 0.398967, 360, 360, 0
6.147, 0.398967, 360, 360, 0
6.165, 0.398967, 360, 360, 0
6.182, 0.398967, 360, 360, 0
6.203, 0.398967, 360, 360, 0
6.222, 0.398967, 360, 360, 0
6.241, 0.398967, 360, 360, 0
6.259, 0.398967, 360, 360, 0
6.282, 0.398967, 360, 360, 0
6.298, 0.398967, 360, 360, 0
6.385, 0.398967, 360, 360, 0
6.452, 0.398967, 360, 360, 0
6.487, 0.398967, 360, 3779.45, 961871
6.553, 0.01, 360, 360, 0
6.57, 0.01, 360, 360, 0
6.589, 1, 360, 360.137, 25.2545
6.612, 0.0811246, 360, 360.274, 0
6.629, 0.156353, 360, 360.274, 0
6.65, 0.180973, 360, 360.274, 0
6.665, 0.19465, 360, 360.274, 0
6.679, 0.211064, 360, 360.274, 0
6.696, 0.224742, 360, 360.274, 0
6.715, 0.243891, 360, 360.274, 0
6.728, 0.26304, 360, 360.274, 0
6.743, 0.279453, 360, 360.274, 0
6.757, 0.295866, 360, 360.274, 0
6.769, 0.304073, 360, 360.274, 0
6.787, 0.325957, 360, 360.274, 1.11196e+06
6.799, 0.149514, 360, 360.41, 61.9466
6.814, 0.278085, 360, 360.547, 0
6.827, 0.345106, 360, 360.547, 0
6.84, 0.372462, 360, 360.547, -29.9558
6.855, 0.369043, 360, 360.479, 0
6.87, 0.40734, 360, 360.479, 0
6.883, 0.431277, 360, 360.479, 0
6.898, 0.46, 360, 360.479, 0
6.911, 0.488723, 360, 360.479, 0
6.929, 0.482568, 360, 360.41, 0
6.955, 0.498982, 360, 360.41, 0
6.97, 0.488723, 360, 360.342, 0
6.989, 0.495562, 360, 360.274, 0
7.011, 0.476413, 360, 360.205, 0
7.032, 0.459316, 360, 360.205, 0
7.049, 0.465471, 360, 360.137, 0
7.094, 0.441535, 360, 360.068, 0
7.14, 0.414863, 360, 360.068, 0
7.181, 0.418283, 360, 360.068, 0
7.218, 0.418283, 360, 360.068, 0
7.252, 0.423754, 360, 360.068, 0
7.295, 0.429225, 360, 360.068, 0
7.341, 0.433328, 360, 360.068, 0
7.356, 0.43538, 360, 360, 0
7.379, 0.403237, 360, 0, 164009
7.394, 0.01, 360, 360, 0
7.412, 0.01, 360, 360, 0
7.427, 0.01, 360, 360, 0
7.442, 0.01, 360, 360, 0
7.455, 0.01, 360, 360, 0
7.481, 0.01, 360, 360, 0
7.501, 0.01, 360, 360, 0
7.522, 0.01, 360, 360, 0
7.558, 0.01, 360, 360, 0
7.576, 0.01, 360, 360, 0
7.609, 0.01, 360, 360, 0
7.627, 0.01, 360, 360, 0
7.653, 0.01, 360, 360, 0
7.671, 0.01, 360, 360, 0
7.695, 0.01, 360, 360, 0
7.712, 0.01, 360, 360, 0
7.735, 0.01, 360, 360, 0
7.753, 0.01, 360, 360, 0
7.775, 0.01, 360, 360, 0
7.793, 0.01, 360, 360, 0
7.815, 0.01, 360, 360, 8.18182e+06
7.83, 1, 360, 360.41, 31.328
7.848, 0.353146, 360, 360.752, 0
7.868, 0.424271, 360, 360.752, 0
7.89, 0.454362, 360, 360.684, -15.5748
7.914, 0.446839, 360, 360.616, -15.2552
7.932, 0.442052, 360, 360.547, 0
7.951, 0.474878, 360, 155.38, 95205.2
7.965, 0.245091, 360, 360.479, 0
7.98, 0.273815, 360, 360.479, 0
7.993, 0.307325, 360, 360.479, 0
8.008, 0.336049, 360, 360.479, 0
8.023, 0.364772, 360, 360.479, 0
8.036, 0.393495, 360, 360.479, 0
8.051, 0.417432, 360, 360.479, 0
8.072, 0.441368, 360, 360.479, 0
8.091, 0.460517, 360, 360.479, 0
8.109, 0.474878, 360, 360.479, 0
8.13, 0.517964, 360, 360.41, 0
8.149, 0.504286, 360, 360.41, 0
8.178, 0.498131, 360, 360.274, 0
8.199, 0.487188, 360, 360.274, 0
8.223, 0.463252, 360, 360.205, 0
8.246, 0.475562, 360, 360.137, 0
8.264, 0.45231, 360, 360.137, 0
8.286, 0.422903, 360, 360.068, 0
8.303, 0.42769, 360, 360.068, 0
8.324, 0.431109, 360, 360.068, 0
8.347, 0.435897, 360, 360.068, 0
8.365, 0.439316, 360, 360.068, 0
8.388, 0.442052, 360, 360, 0
8.411, 0.409225, 360, 360, 0
8.444, 0.409225, 360, 360, 0
8.485, 0.409225, 360, 360, -1.19689
8.504, 0.409225, 360, 360, 0
8.528, 0.409225, 360, 360, 0
8.541, 0.409225, 360, 360, 0
8.579, 0.409225, 360, 360, 0
8.6, 0.409225, 360, 360, 0
8.622, 0.409225, 360, 360, 0
8.64, 0.409225, 360, 360, 0
8.663, 0.409225, 360, 360, 0
8.677, 0.409225, 360, 360, 0
8.692, 0.409225, 360, 360, 0
8.704, 0.409225, 360, 360, 0
8.718, 0.409225, 360, 360, 0
8.733, 0.409225, 360, 360, 0
8.746, 0.409225, 360, 360, 0
8.761, 0.409225, 360, 360, 0
8.774, 0.409225, 360, 360, 0
8.788, 0.409225, 360, 360, 0
8.802, 0.409225, 360, 360, 0
8.816, 0.409225, 360, 360, 0
8.83, 0.409225, 360, 360, 0
8.845, 0.409225, 360, 360, 0
8.858, 0.409225, 360, 360, 0
8.882, 0.409225, 360, 360, 0
8.903, 0.409225, 360, 360, 0
8.916, 0.409225, 360, 360, 0
8.94, 0.409225, 360, 360, 0
8.962, 0.409225, 360, 360, 0
8.985, 0.409225, 360, 360, 0
8.998, 0.409225, 360, 360, 0
9.019, 0.409225, 360, 360, 0
9.032, 0.409225, 360, 360, 0
9.046, 0.409225, 360, 360, 0
9.06, 0.409225, 360, 360, 0
9.075, 0.409225, 360, 360, 0
9.093, 0.409225, 360, 360, 0
9.12, 0.409225, 360, 360, 0
9.143, 0.409225, 360, 360, 0
9.165, 0.409225, 360, 360, 0
9.183, 0.409225, 360, 360, 0
9.205, 0.409225, 360, 360, 0
9.228, 0.409225, 360, 360, 0
9.243, 0.01, 360, 360, 0
9.255, 0.0966869, 360, 360.274, 0
9.275, 0.141824, 360, 360.274, 0
9.302, 0.166444, 360, 360.274, 0
9.32, 0.180122, 360, 360.274, 0
9.342, 0.199271, 360, 360.274, 0
9.363, 0.210213, 360, 360.274, 0
9.38, 0.218419, 360, 360.274, 0
9.398, 0.240304, 360, 360.274, 0
9.417, 0.253982, 360, 360.274, 0
9.438, 0.264924, 360, 360.274, 0
9.455, 0.278602, 360, 360.274, 0
9.498, 0.300486, 360, 360.274, 0
9.563, 0.327842, 360, 360.274, 0
9.602, 0.344255, 360, 360.274, 0
9.63, 0.349726, 360, 360.274, 0
9.667, 0.349726, 360, 360.274, 0
9.7, 0.39076, 360, 360.274, 0
9.717, 0.404438, 360, 0, -2.04585e+09
9.732, 0.407173, 360, 360.274, 0
9.754, 0.165927, 360, 360.274, 0
9.773, 0.176869, 360, 360.274, 0
9.788, 0.190547, 360, 360.274, 0
9.815, 0.212432, 360, 360.274, 0
9.833, 0.220638, 360, 360.274, 7.67596e+08
9.854, 0.184392, 360, 360.684, 18.5186
9.877, 0.465471, 360, 360.821, 0
9.895, 0.481884, 360, 360.821, 1.06735
9.942, 0.51266, 360, 360.547, 0
9.983, 0.452477, 360, 360.479, 0
10.001, 0.418283, 360, 360.41, 0
10.015, 0.430593, 360, 0, 0
10.035, 0.442903, 360, 360.41, 0
10.059, 0.223891, 360, 360.41, 0
10.079, 0.252614, 360, 360.41, 0
10.094, 0.269027, 360, 360.41, 0
10.113, 0.289544, 360, 360.41, 0
10.132, 0.310061, 360, 360.41, 0
10.152, 0.326474, 360, 360.41, -1.36778e+08
10.175, 0.231581, 360, 360.41, 0
10.19, 0.256201, 360, 360.41, 0
10.206, 0.280821, 360, 360.41, 0
10.221, 0.309544, 360, 360.41, 0
10.236, 0.334164, 360, 360.41, 0
10.249, 0.358784, 360, 360.41, 0
10.264, 0.383404, 360, 360.41, 0
10.277, 0.408024, 360, 360.41, 0
10.291, 0.436748, 360, 360.41, 0
10.304, 0.453161, 360, 360.41, 0
10.318, 0.481884, 360, 360.41, 0
10.331, 0.498298, 360, 360.41, 0
10.346, 0.531125, 360, 360.41, 0
10.36, 0.520866, 360, 360.41, 0
10.376, 0.507188, 360, 360.274, 0
10.391, 0.526337, 360, 360.274, 0
10.405, 0.499666, 360, 360.205, 0
10.424, 0.503769, 360, 360.137, 0
10.441, 0.44769, 360, 360.068, 0
10.458, 0.416231, 360, 360, 0
10.476, 0.416231, 360, 360, 0
10.499, 0.416231, 360, 360, 0
10.521, 0.416231, 360, 360, 0
10.538, 0.416231, 360, 360, 0
10.557, 0.416231, 360, 360, 0
10.576, 0.416231, 360, 360, 0
10.594, 0.416231, 360, 360, 0
10.616, 0.416231, 360, 360, 0
10.631, 0.416231, 360, 360, 0
10.644, 0.416231, 360, 360, 0
10.658, 0.416231, 360, 360, 0
10.67, 0.416231, 360, 360, 0
10.698, 0.416231, 360, 360, 0
10.719, 0.416231, 360, 360, 0
10.736, 0.416231, 360, 360, 0
10.755, 0.416231, 360, 360, 0
10.777, 0.416231, 360, 360, 0
10.798, 0.416231, 360, 360, 0
10.812, 0.416231, 360, 360, 0
10.825, 0.416231, 360, 360, 0
10.84, 0.416231, 360, 360, 0
10.854, 0.416231, 360, 360, 0
10.869, 0.416231, 360, 360, 0
10.884, 0.416231, 360, 360, 0
10.897, 0.416231, 360, 360, 0
10.911, 0.416231, 360, 360, 0
10.926, 0.416231, 360, 360, 0
10.94, 0.416231, 360, 360, 0
10.953, 0.416231, 360, 360, 0
10.967, 0.416231, 360, 360, 0
10.981, 0.416231, 360, 360, 0
10.996, 0.416231, 360, 360, 0
11.009, 0.416231, 360, 360, 0
11.024, 0.416231, 360, 360, 0
11.038, 0.416231, 360, 360, 0
11.052, 0.416231, 360, 360, 0
11.064, 0.416231, 360, 360, 0
11.079, 0.01, 360, 360, 0
11.092, 0.01, 360, 360, 0
11.107, 0.01, 360, 360, 0
11.12, 0.01, 360, 360, 0
11.134, 0.01, 360, 360, 0
11.148, 0.01, 360, 360, 0
11.162, 0.01, 360, 360, 0
11.176, 0.01, 360, 360, 0
11.189, 0.01, 360, 360, 0
11.201, 0.01, 360, 360, 0
11.216, 0.01, 360, 360, 0
11.231, 0.01, 360, 360, 0
11.245, 0.01, 360, 360, 0
11.259, 0.01, 360, 360, 0
11.273, 0.01, 360, 360, 0
11.289, 0.01, 360, 360, 0
11.305, 0.01, 360, 360, 0
11.318, 0.01, 360, 360, 0
11.339, 0.01, 360, 360, 0
11.364, 0.01, 360, 360, 0
11.383, 0.01, 360, 360, 0
11.404, 0.01, 360, 360, 0
11.427, 0.01, 360, 360, 0
11.453, 0.01, 360, 360, 0
11.475, 0.01, 360, 360, 0
11.491, 0.01, 360, 360, 0
11.513, 0.01, 360, 360, 0
11.531, 0.01, 360, 360, 0
11.553, 0.01, 360, 360, 0
11.609, 0.01, 360, 360, 0
11.667, 0.01, 360, 360, 0
11.713, 0.01, 360, 360, 0
11.736, 0.01, 360, 360, 0
11.758, 0.01, 360, 360, 0
11.776, 0.01, 360, 360, 0
11.797, 0.01, 360, 360, 0
11.811, 0.01, 360, 360, 0
11.826, 0.01, 360, 360, 0
11.841, 0.01, 360, 360, 0
11.854, 0.01, 360, 360, 0
11.869, 0.01, 360, 360, 0
11.882, 0.01, 360, 360, 0
11.897, 0.01, 360, 360, 0
11.911, 0.01, 360, 360, 0
11.925, 0.01, 360, 360, 0
11.939, 0.01, 360, 360, 0
11.955, 0.01, 360, 360, 0
11.971, 0.01, 360, 360, 0
11.988, 0.01, 360, 360, 0
12.008, 0.01, 360, 360, 2.90323e+06
12.028, 0.01, 360, 360, -2.62391e+09
12.041, 1, 360, 359.726, -29.3578
12.062, 0.204058, 360, 359.179, 0
12.082, 0.449574, 360, 359.179, 0
12.098, 0.474195, 360, 359.248, 0
12.117, 0.502234, 360, 359.384, 0
12.138, 0.459833, 360, 359.384, 0
12.155, 0.478298, 360, 359.453, 0
12.176, 0.448207, 360, 359.521, 0
12.204, 0.462568, 360, 359.658, 5.96243
12.261, 0.420167, 360, 359.726, 0
12.293, 0.418116, 360, 359.726, 0
12.308, 0.434529, 360, 359.726, 0
12.322, 0.453678, 360, 359.726, 0
12.337, 0.470091, 360, 359.726, 0
12.351, 0.486505, 360, 359.726, 0
12.365, 0.502918, 360, 359.726, 0
12.378, 0.519331, 360, 359.726, 0
12.391, 0.533009, 360, 359.726, 0
12.406, 0.552158, 360, 359.726, 0
12.42, 0.568571, 360, 359.795, 0
12.434, 0.544635, 360, 359.863, 0
12.45, 0.546687, 360, 360, 0
12.472, 0.449574, 360, 360.068, 0
12.489, 0.413328, 360, 360.068, 0
12.512, 0.409909, 360, 360.137, 0
12.534, 0.330578, 360, 360.205, 0
12.559, 0.320319, 360, 360.274, 0
12.581, 0.266292, 360, 360.274, 0
12.6, 0.252614, 360, 360.274, 0
12.619, 0.247143, 360, 360.274, 0
12.643, 0.222523, 360, 360.274, 0
12.666, 0.203374, 360, 360.274, 0
12.689, 0.18696, 360, 360.274, 0
12.707, 0.173283, 360, 360.274, 0
12.726, 0.156869, 360, 360.274, 0
12.746, 0.143191, 360, 360.274, 0
12.766, 0.132249, 360, 360.274, 0
12.786, 0.110365, 360, 360.274, 0
12.806, 0.0966869, 360, 360.274, 0
12.83, 0.077538, 360, 360.274, 0
12.843, 0.077538, 360, 360.274, 0
12.896, 0.0693313, 360, 360.274, 0
12.932, 0.0419757, 360, 360.274, 0
12.978, 0.0310334, 360, 360.274, 0
13.045, 0.00367781, 360, 360.274, 0
13.087, 0.00452888, 360, 360.274, 0
13.149, 0.0291489, 360, 360.274, 0
13.198, 0.053769, 360, 360.274, 0
13.222, 0.0674468, 360, 360.274, 214194
13.236, 0.173283, 360, 360.41, 168.446
13.248, 0.290228, 360, 360.547, 0
13.272, 0.312112, 360, 360.547, 0
13.286, 0.355881, 360, 360.547, 0
13.3, 0.388708, 360, 360.547, 0
13.313, 0.416064, 360, 360.479, 0
13.326, 0.406489, 360, 360.479, 0
13.381, 0.444787, 360, 360.479, 0
13.428, 0.473511, 360, 360.479, 0
13.457, 0.483085, 360, 360.41, 0
13.498, 0.471459, 360, 360.342, -15.0009
13.548, 0.471459, 360, 360.274, 0
13.61, 0.453678, 360, 360.274, 0
13.634, 0.467356, 360, 360.274, 0
13.663, 0.483769, 360, 360.274, 0
13.705, 0.462568, 360, 360.205, 0
13.743, 0.474878, 360, 360.137, -27.7891
13.784, 0.483085, 360, 360, 0
13.802, 0.381185, 360, 360, 0
13.826, 0.381185, 360, 360, 0
13.848, 0.381185, 360, 360, 0
13.866, 0.381185, 360, 360, 0
13.889, 0.381185, 360, 360, 0
13.91, 0.381185, 360, 360, 0
13.958, 0.381185, 360, 360, 0
14, 0.381185, 360, 360, 0
14.037, 0.381185, 360, 360, 0
14.102, 0.381185, 360, 360, 0
14.128, 0.381185, 360, 360, 0
14.148, 0.381185, 360, 360, 0
14.167, 0.381185, 360, 360, 0
14.185, 0.381185, 360, 360, 0
14.2, 0.381185, 360, 360, 0
14.213, 0.381185, 360, 360, 0
14.228, 0.381185, 360, 360, 0
14.24, 0.381185, 360, 360, 0
14.255, 0.381185, 360, 360, 0
14.269, 0.381185, 360, 360, 0
14.283, 0.381185, 360, 360, 0
14.296, 0.381185, 360, 360, 0
14.31, 0.381185, 360, 360, 0
14.323, 0.381185, 360, 360, 0
14.337, 0.381185, 360, 360, 0
14.35, 0.381185, 360, 360, 0
14.365, 0.381185, 360, 360, 0
14.377, 0.381185, 360, 360, 0
14.392, 0.381185, 360, 360, 0
14.405, 0.381185, 360, 360, 0
14.427, 0.381185, 360, 360, 0
14.449, 0.381185, 360, 18.0547, 0
14.469, 0.01, 360, 360, 0
14.483, 0.01, 360, 360, 0
14.497, 0.01, 360, 360, 0
14.511, 0.01, 360, 360, 0
14.532, 0.01, 360, 360, 0
14.548, 0.01, 360, 360, 0
14.563, 0.01, 360, 360, 0
14.577, 0.01, 360, 360, 0
14.592, 0.01, 360, 360, 0
14.605, 0.01, 360, 360, 0
14.619, 0.01, 360, 360, 0
14.633, 0.01, 360, 360, 0
14.649, 0.01, 360, 360, 0
14.67, 0.01, 360, 360, 0
14.69, 0.01, 360, 360, 0
14.705, 0.01, 360, 360, 0
14.717, 0.01, 360, 360, 0
14.729, 0.01, 360, 360, 0
14.743, 0.01, 360, 360, 0
14.758, 0.01, 360, 360, 0
14.771, 0.01, 360, 360, 0
14.784, 0.01, 360, 360, 0
14.799, 0.01, 360, 360, 0
14.813, 0.01, 360, 360, 0
14.835, 0.01, 360, 360, 0
14.857, 0.01, 360, 360, 0
14.885, 0.01, 360, 360, 0
14.905, 0.01, 360, 360, 0
14.919, 0.01, 360, 360, 0
14.941, 0.01, 360, 360, 0
14.96, 0.01, 360, 0, 0
14.982, 0.01, 360, 360, 0
15.039, 0.01, 360, 360, 0
15.061, 0.01, 360, 360, 0
15.075, 0.01, 360, 360, 0
15.088, 0.01, 360, 360, 0
15.104, 0.01, 360, 360, 0
15.117, 0.01, 360, 360, 0
15.131, 0.01, 360, 360, 0
15.143, 0.01, 360, 360, 0
15.157, 0.01, 360, 360, 0
15.171, 0.01, 360, 360, 0
15.185, 0.01, 360, 360, 0
15.199, 0.01, 360, 360, 0
15.214, 0.01, 360, 360, 0
15.228, 0.01, 360, 360, 0
15.242, 0.01, 360, 360, 0
15.255, 0.01, 360, 360, 0
15.27, 0.01, 360, 360, 0
15.285, 0.01, 360, 360, 0
15.3, 0.01, 360, 360, 0
15.314, 0.01, 360, 360, 0
15.326, 0.01, 360, 360, 0
15.339, 0.01, 360, 360, 0
15.354, 0.01, 360, 360, 0
15.369, 0.01, 360, 360, 0
15.381, 0.01, 360, 360, 0
15.393, 0.01, 360, 360, 0
15.407, 0.01, 360, 360, 0
15.42, 0.01, 360, 360, 0
15.438, 0.01, 360, 360, 0
15.465, 0.01, 360, 360, 0
15.488, 0.01, 360, 360, 0
15.51, 0.01, 360, 360, 0
15.526, 0.01, 360, 360, 0
15.554, 0.01, 360, 360, 0
15.571, 0.01, 360, 360, 0
15.592, 0.01, 360, 360, 0
15.613, 0.01, 360, 360, 0
15.636, 0.01, 360, 360, 0
15.655, 0.01, 360, 360, 0
15.676, 0.01, 360, 360, 0
15.722, 0.01, 360, 360, 0
15.756, 0.01, 360, 360, 0
15.778, 0.01, 360, 360, 0
15.798, 0.01, 360, 360, 0
15.817, 0.01, 360, 360, 0
15.83, 0.01, 360, 360, 0
15.845, 0.01, 360, 360, 0
15.858, 0.01, 360, 360, 0
15.873, 0.01, 360, 360, 0
15.887, 0.01, 360, 360, 0
15.913, 0.01, 360, 360, 0
15.933, 0.01, 360, 360, 0
15.95, 0.01, 360, 360, 0
15.963, 0.01, 360, 360, 0
15.978, 0.01, 360, 360, 0
15.991, 0.01, 360, 360, 0
16.006, 0.01, 360, 360, 0
16.019, 0.01, 360, 360, 0
16.033, 0.01, 360, 360, 0
16.047, 0.01, 360, 360, 0
16.061, 0.01, 360, 360, 0
16.076, 0.01, 360, 360, 0
16.088, 0.01, 360, 360, 0
16.107, 0.01, 360, 360, 0
16.126, 0.01, 360, 360, 0
16.147, 0.01, 360, 360, 0
16.167, 0.01, 360, 360, 0
16.189, 0.01, 360, 360, 0
16.207, 0.01, 360, 360, 0
16.23, 1, 360, 360, 0
16.244, 0.0597568, 360, 360.547, 0
16.263, 0.288176, 360, 360.684, 0
16.281, 0.382553, 360, 360.616, 0
16.301, 0.39965, 360, 360.616, 0
16.322, 0.430426, 360, 360.616, 0
16.342, 0.455046, 360, 360.616, 0
16.367, 0.473511, 360, 360.547, -5.55467
16.409, 0.474195, 360, 360.479, -8.38323e+06
16.435, 0.455046, 360, 360.41, 0
16.455, 0.211581, 360, 360.41, 0
16.468, 0.248511, 360, 360.41, 0
16.482, 0.264924, 360, 360.41, 0
16.496, 0.293647, 360, 360.41, 0
16.51, 0.318267, 360, 360.41, 0
16.525, 0.342888, 360, 360.41, 0
16.539, 0.367508, 360, 360.41, 0
16.554, 0.396231, 360, 360.41, 0
16.568, 0.404438, 360, 360.41, 0
16.588, 0.441368, 360, 360.41, 0
16.602, 0.465988, 360, 360.41, 0
16.615, 0.465988, 360, 360.41, 0
16.653, 0.46804, 360, 360.274, 0
16.683, 0.44, 360, 360.274, -0.45714
16.751, 0.132249, 360, 360.274, 0
16.766, 0.148663, 360, 360.274, 0
16.781, 0.167812, 360, 360.274, 0
16.798, 0.184225, 360, 360.274, 0
16.809, 0.195167, 360, 360.274, 0
16.822, 0.211581, 360, 360.274, 0
16.834, 0.227994, 360, 360.274, 0
16.847, 0.244407, 360, 360.274, 0
16.859, 0.260821, 360, 360.274, 0
16.872, 0.277234, 360, 360.274, 0
16.884, 0.296383, 360, 360.274, 0
16.897, 0.312796, 360, 360.274, 0
16.909, 0.331945, 360, 360.274, 0
16.922, 0.348359, 360, 360.274, 0
16.934, 0.364772, 360, 360.274, 0
16.947, 0.381185, 360, 360.274, 0
16.959, 0.394863, 360, 360.274, 0
16.973, 0.411277, 360, 360.274, 0
16.988, 0.419483, 360, 360.274, 0
17.007, 0.438632, 360, 360.274, 0
17.025, 0.45231, 360, 360.274, 0
17.048, 0.468723, 360, 360.274, 0
17.066, 0.474195, 360, 360.274, 0
17.089, 0.496079, 360, 360.205, 0
17.117, 0.478298, 360, 360.205, 0
17.129, 0.490608, 360, 360.205, -27.2684
17.149, 0.498815, 360, 360.137, -13.9855
17.171, 0.472827, 360, 360.068, 0
17.191, 0.442052, 360, 360, 0
17.211, 0.408541, 360, 360, 0
17.235, 0.408541, 360, 360, 0
17.254, 0.408541, 360, 360, 0
17.273, 0.408541, 360, 360, 0
17.294, 0.408541, 360, 360, 0
17.311, 0.408541, 360, 360, 0
17.331, 0.408541, 360, 360, 0
17.344, 0.408541, 360, 360, 0
17.359, 0.408541, 360, 360, 0
17.372, 0.408541, 360, 360, 0
17.386, 0.408541, 360, 360, 0
17.4, 0.408541, 360, 360, 0
17.413, 0.408541, 360, 360, 0
17.428, 0.408541, 360, 360, 0
17.442, 0.408541, 360, 360, 0
17.455, 0.408541, 360, 360, 0
17.469, 0.408541, 360, 360, 0
17.493, 0.408541, 360, 360, 0
17.51, 0.408541, 360, 360, 0
17.533, 0.408541, 360, 360, 0
17.549, 0.408541, 360, 360, 0
17.563, 0.408541, 360, 360, 0
17.577, 0.408541, 360, 360, 0
17.591, 0.408541, 360, 360, 0
17.605, 0.408541, 360, 360, 0
17.619, 0.408541, 360, 360, 0
17.632, 0.408541, 360, 360, 0
17.645, 0.01, 360, 360.137, 0
17.658, 0.139088, 360, 360.274, 0
17.672, 0.15003, 360, 360.274, 0
17.687, 0.171915, 360, 360.274, 0
17.7, 0.185593, 360, 360.274, 0
17.713, 0.199271, 360, 360.274, 0
17.727, 0.215684, 360, 360.274, 0
17.751, 0.215684, 360, 360.274, 0
17.793, 0.226626, 360, 360.274, 0
17.822, 0.240304, 360, 360.274, 0
17.849, 0.264924, 360, 360.274, 0
17.863, 0.264924, 360, 0, 0
17.878, 0.13772, 360, 360.274, 0
17.891, 0.151398, 360, 360.274, 0
17.905, 0.170547, 360, 360.274, 0
17.919, 0.181489, 360, 360.274, 0
17.933, 0.203374, 360, 360.274, 0
17.948, 0.219787, 360, 360.274, 0
17.961, 0.219787, 360, 360.274, 0
17.985, 0.247143, 360, 360.274, 0
18.009, 0.266292, 360, 18.3283, 0
18.055, 0.129514, 360, 360.274, 0
18.074, 0.134985, 360, 360.274, 0
18.126, 0.156869, 360, 360.274, 0
18.16, 0.178754, 360, 360.274, 0
18.18, 0.192432, 360, 360.274, 94373.1
18.193, 0.208845, 360, 360.479, 0
18.208, 0.308009, 360, 360.547, 0
18.222, 0.340836, 360, 360.547, 0
18.236, 0.373663, 360, 360.547, 0
18.249, 0.41196, 360, 360.547, 0
18.264, 0.433845, 360, 360.547, 0
18.279, 0.472143, 360, 360.547, 0
18.292, 0.470091, 360, 360.479, 0
18.307, 0.48924, 360, 360.41, 0
18.323, 0.471459, 360, 360.41, 0
18.341, 0.457097, 360, 360.342, 0
18.362, 0.477614, 360, 360.274, 0
18.387, 0.175334, 360, 360.342, 0
18.406, 0.192432, 360, 360.342, 0
18.427, 0.206109, 360, 360.342, 0
18.444, 0.230046, 360, 360.342, 0
18.464, 0.247143, 360, 360.342, 0
18.486, 0.260821, 360, 360.342, 0
18.501, 0.288176, 360, 360.342, 0
18.516, 0.312112, 360, 360.342, 0
18.529, 0.332629, 360, 360.342, 0
18.544, 0.353146, 360, 360.342, 0
18.557, 0.373663, 360, 360.342, 0
18.57, 0.39076, 360, 360.342, 0
18.584, 0.411277, 360, 360.342, 0
18.598, 0.435213, 360, 360.342, 0
18.612, 0.455729, 360, 360.342, 0
18.627, 0.476246, 360, 360.274, 0
18.64, 0.458465, 360, 360.274, 0
18.654, 0.477614, 360, 360.274, 0
18.672, 0.488556, 360, 360.274, 0
18.691, 0.502234, 360, 360.205, 0
18.708, 0.472143, 360, 360.205, 0
18.724, 0.48035, 360, 360.137, 0
18.745, 0.461884, 360, 360.137, -70.4316
18.764, 0.467356, 360, 360.068, 0
18.784, 0.435897, 360, 360, 0
18.801, 0.403754, 360, 360, 0
18.822, 0.403754, 360, 360, 0
18.845, 0.403754, 360, 360, 0
18.863, 0.403754, 360, 360, 0
18.89, 0.403754, 360, 360, 0
18.909, 0.403754, 360, 360, 0
18.925, 0.403754, 360, 360, 0
18.947, 0.403754, 360, 428.389, -31486.7
18.96, 0.01, 360, 360, 0
18.975, 0.01, 360, 360, 0
18.989, 0.01, 360, 360, 0
19.006, 0.01, 360, 360, 0
19.02, 0.01, 360, 360, 0
19.035, 0.01, 360, 360, 0
19.048, 0.01, 360, 360, 0
19.063, 0.01, 360, 360, 0
19.079, 0.01, 360, 360, 0
19.092, 0.01, 360, 360, 0
19.106, 0.01, 360, 360, 0
19.121, 0.01, 360, 360, 0
19.136, 0.01, 360, 360, 0
19.15, 0.01, 360, 360, 0
19.164, 0.01, 360, 360, 0
19.178, 0.01, 360, 360, 0
19.192, 0.01, 360, 360, 0
19.208, 0.01, 360, 360, 0
19.221, 0.01, 360, 360, 0
19.235, 0.01, 360, 360, 0
19.25, 0.01, 360, 360, 0
19.265, 0.01, 360, 360, 0
19.278, 0.01, 360, 360, 0
19.291, 0.01, 360, 360, 0
19.306, 0.01, 360, 360, 0
19.32, 0.01, 360, 360, 0
19.335, 0.01, 360, 360, 0
19.351, 0.01, 360, 360, 0
19.365, 0.01, 360, 360, 0
19.382, 0.01, 360, 360, 0
19.402, 0.01, 360, 360, 0
19.421, 0.01, 360, 360, 0
19.441, 0.01, 360, 360, 0
19.458, 0.01, 360, 360, 0
19.481, 0.01, 360, 360, 0
19.502, 0.01, 360, 360, 0
19.522, 0.01, 360, 360, 0
19.542, 0.01, 360, 360, 0
19.558, 0.01, 360, 360, 0
19.571, 0.01, 360, 360, 0
19.585, 0.01, 360, 360, 0
19.6, 0.01, 360, 360, 0
19.613, 0.01, 360, 360, 0
19.628, 0.01, 360, 360, 0
19.649, 0.01, 360, 360, 0
19.665, 0.01, 360, 360, 0
19.688, 0.01, 360, 360, 0
19.702, 0.01, 360, 360, 0
19.723, 0.01, 360, 360, 0
19.74, 0.01, 360, 360, 0
19.754, 0.01, 360, 360, 0
19.769, 0.01, 360, 360, 0
19.784, 0.01, 360, 360, 0
19.799, 0.01, 360, 360, 0
19.813, 0.01, 360, 360, 0
19.827, 0.01, 360, 360, 0
19.841, 0.01, 360, 360, 0
19.855, 0.01, 360, 360, 0
19.873, 0.01, 360, 360, 0
19.892, 0.01, 360, 360, 0
19.911, 0.01, 360, 360, 0
19.934, 0.01, 360, 360, 0
19.952, 0.01, 360, 360, -6.83891e+07
19.969, 0.01, 360, 360, 0
19.983, 0.01, 360, 360, 0
19.997, 0.01, 360, 360, 0
20.011, 0.01, 360, 360, 0
20.026, 0.01, 360, 360, 0
20.04, 0.01, 360, 360, 0
20.054, 0.01, 360, 360, 0
20.068, 0.01, 360, 360, 0
20.087, 0.01, 360, 360, 0
20.1, 0.01, 360, 360, 0
20.115, 0.01, 360, 360, 0
20.127, 0.01, 360, 360, 0
20.14, 0.01, 360, 360, 0
20.152, 0.01, 360, 360, 0
20.165, 0.01, 360, 360, 0
20.177, 0.01, 360, 360, 0
20.19, 0.01, 360, 360, 0
20.202, 0.01, 360, 360, 0
20.216, 0.01, 360, 360, 0
20.23, 0.01, 360, 360, 0
20.248, 0.01, 360, 360, 0
20.271, 0.01, 360, 360, 0
20.291, 0.01, 360, 360, 0
20.308, 0.01, 360, 360, 0
20.328, 0.01, 360, 360, 0
20.349, 0.01, 360, 360, 0
20.366, 0.01, 360, 360, 0
20.381, 0.01, 360, 360, 0
20.403, 0.01, 360, 360, 0
20.421, 0.01, 360, 360, 0
20.442, 0.01, 360, 360, 0
20.464, 0.01, 360, 360, 0
20.485, 0.01, 360, 360, 0
20.502, 0.01, 360, 360, 0
20.523, 0.01, 360, 360, 0
20.543, 0.01, 360, 360, 0
20.566, 0.01, 360, 360, 0
20.586, 0.01, 360, 360, 0
20.607, 0.01, 360, 360, 0
20.626, 0.01, 360, 360, 0
20.643, 0.01, 360, 360, 0
20.659, 0.01, 360, 360, 0
20.681, 0.01, 360, 360, 0
20.699, 0.01, 360, 360, 0
20.712, 0.01, 360, 360, 0
20.735, 0.01, 360, 360, 0
20.761, 0.01, 360, 360, 0
20.774, 0.01, 360, 360, 0
20.822, 0.01, 360, 360, 0
20.85, 0.01, 360, 360, 0
20.896, 0.01, 360, 360, 0
20.924, 0.01, 360, 360, 0
20.964, 0.01, 360, 360, 0
20.987, 0.01, 360, 360, 0
21.01, 0.01, 360, 360, 0
21.037, 0.01, 360, 360, 0
21.056, 0.01, 360, 360, 0
21.073, 0.01, 360, 360, 0
21.089, 0.01, 360, 360, 0
21.111, 0.01, 360, 360, 0
21.133, 0.01, 360, 0.273556, 317499
21.152, 0.01, 360, 360, 0
21.166, 0.01, 360, 360, 0
21.18, 0.01, 360, 360, 0
21.199, 0.01, 360, 360, 0
21.226, 0.01, 360, 360, 0
21.249, 0.01, 360, 360, 0
21.266, 0.01, 360, 360, 0
21.287, 0.01, 360, 360, 0
21.31, 0.01, 360, 360, 0
21.329, 0.01, 360, 360, 0
21.351, 0.01, 360, 360, 0
21.372, 0.01, 360, 360, 0
21.391, 0.01, 360, 360, 0
21.412, 0.01, 360, 360, 0
21.429, 0.01, 360, 360, 0
21.45, 0.01, 360, 360, 0
21.469, 0.01, 360, 360, 0
21.489, 0.01, 360, 360, 0
21.51, 0.01, 360, 360, 0
21.525, 0.01, 360, 360, 0
21.539, 0.01, 360, 360, 0
21.552, 0.01, 360, 360, 0
21.567, 0.01, 360, 360, 0
21.581, 0.01, 360, 360, 0
21.594, 0.01, 360, 360, 0
21.608, 0.01, 360, 360, 0
21.623, 0.01, 360, 360, 0
21.637, 0.01, 360, 360, 0
21.651, 0.01, 360, 360, 0
21.665, 0.01, 360, 360, 0
21.68, 0.01, 360, 360, 0
21.695, 0.01, 360, 360, 0
21.707, 0.01, 360, 360, 0
21.721, 0.01, 360, 360, 0
21.735, 0.01, 360, 360, 0
21.749, 0.01, 360, 360, 0
21.763, 0.01, 360, 360, 0
21.776, 0.01, 360, 360, 0
21.791, 0.01, 360, 360, 0
21.804, 0.01, 360, 360, 0
21.819, 0.01, 360, 360, 0
21.834, 0.01, 360, 360, 0
21.847, 0.01, 360, 360, 0
21.86, 0.01, 360, 360, 0
21.876, 0.01, 360, 360, 0
21.889, 0.01, 360, 360, 0
21.904, 0.01, 360, 360, 0
21.919, 0.01, 360, 360, 0
21.949, 0.01, 360, 360, 0
21.978, 0.01, 360, 360, 0
22.037, 0.01, 360, 360, 0
22.061, 0.01, 360, 360, 0
22.082, 0.01, 360, 360, 0
22.098, 0.01, 360, 360, 0
22.117, 0.01, 360, 360, 0
22.149, 0.01, 360, 360, 0
22.164, 0.01, 360, 360, 0
22.183, 0.01, 360, 360, 0
22.199, 0.01, 360, 360, 0
22.214, 0.01, 360, 360, 0
22.228, 0.01, 360, 360, 0
22.246, 0.01, 360, 360, 0
22.276, 0.01, 360, 360, 0
22.338, 0.01, 360, 360, 0
22.379, 0.01, 360, 360, 0
22.413, 0.01, 360, 360, 0
22.432, 0.01, 360, 360, 0
22.454, 0.01, 360, 360, 0
22.475, 0.01, 360, 360, 0
22.528, 0.01, 360, 360, 0
22.577, 0.01, 360, 360, -6.03433e+06
22.604, 0.01, 360, 360, 0
22.615, 0.01, 360, 360, 0
22.638, 0.01, 360, 360, 0
22.661, 0.01, 360, 360, 0
22.683, 0.01, 360, 360, 0
22.705, 0.01, 360, 360, 0
22.724, 0.01, 360, 360, 0
22.738, 0.01, 360, 360, 0
22.758, 0.01, 360, 360, 0
22.78, 0.01, 360, 360, 0
22.803, 0.01, 360, 360, 0
22.822, 0.01, 360, 360, 0
22.843, 0.01, 360, 360, 0
22.858, 0.01, 360, 360, 0
22.874, 0.01, 360, 360, 0
22.892, 0.01, 360, 360, 0
22.926, 0.01, 360, 360, 0
22.965, 0.01, 360, 360, 0
22.983, 0.01, 360, 360, 0
22.998, 0.01, 360, 360, 0
23.012, 0.01, 360, 360, 0
23.027, 0.01, 360, 360, 0
23.041, 0.01, 360, 360, 0
23.054, 0.01, 360, 360, 0
23.069, 0.01, 360, 360, 0
23.083, 0.01, 360, 360, 0
23.096, 0.01, 360, 360, 0
23.11, 0.01, 360, 360, 0
23.123, 0.01, 360, 360.068, 0
23.135, 0.102158, 360, 360.205, 0
23.148, 0.150714, 360, 360.274, 0
23.16, 0.167128, 360, 360.274, 0
23.173, 0.183541, 360, 360.274, 0
23.185, 0.199954, 360, 360.274, 0
23.198, 0.216368, 360, 360.274, 0
23.21, 0.232781, 360, 360.274, 0
23.223, 0.249195, 360, 360.274, 0
23.235, 0.265608, 360, 360.274, 0
23.248, 0.282021, 360, 360.274, 0
23.26, 0.30117, 360, 360.274, 0
23.273, 0.317584, 360, 360.274, 0
23.285, 0.333997, 360, 360.274, 0
23.297, 0.35041, 360, 360.274, 0
23.311, 0.364088, 360, 360.274, 0
23.325, 0.380502, 360, 360.274, 0
23.339, 0.396915, 360, 360.274, 0
23.354, 0.416064, 360, 360.274, 0
23.368, 0.432477, 360, 360.274, 0
23.382, 0.448891, 360, 360.274, 0
23.396, 0.451626, 360, 360.274, 0
23.409, 0.476246, 360, 360.274, 0
23.423, 0.481717, 360, 360.274, 0
23.441, 0.489924, 360, 360.205, 0
23.473, 0.489924, 360, 360.205, 0
23.495, 0.478298, 360, 360.137, 0
23.517, 0.453678, 360, 360.068, 0
23.534, 0.422903, 360, 360.068, 0
23.555, 0.429058, 360, 360.068, 0
23.574, 0.431793, 360, 360.068, 0
23.595, 0.437264, 360, 360.068, 0
23.618, 0.44, 360, 360.068, 0
23.636, 0.446839, 360, 360.068, 0
23.65, 0.450942, 360, 360.068, 0
23.663, 0.454362, 360, 360.068, 0
23.678, 0.458465, 360, 360.068, 0
23.691, 0.462568, 360, 360.068, 0
23.705, 0.467356, 360, 360, 0
23.719, 0.433161, 360, 360, 0
23.734, 0.433161, 360, 360, 0
23.749, 0.433161, 360, 360, 0
23.762, 0.433161, 360, 360, 0
23.775, 0.433161, 360, 360, 0
23.789, 0.433161, 360, 360, 0
23.803, 0.433161, 360, 360, 0
23.818, 0.433161, 360, 360, 0
23.831, 0.433161, 360, 360, 0
23.853, 0.433161, 360, 360, 0
23.869, 0.433161, 360, 360, 0
23.889, 0.433161, 360, 360, 0
23.909, 0.433161, 360, 360, 0
23.929, 0.433161, 360, 360, 0
23.952, 0.433161, 360, 360, 0
23.973, 0.433161, 360, 360, 0
23.993, 0.433161, 360, 360, 0
24.014, 0.433161, 360, 360, 0
24.099, 0.433161, 360, 360, 0
24.16, 0.433161, 360, 360, 0
24.197, 0.433161, 360, 360, 0
24.232, 0.433161, 360, 360, 0
24.274, 0.433161, 360, 360, 0
24.296, 0.433161, 360, 360, 0
24.329, 0.433161, 360, 360, 0
24.371, 0.433161, 360, 360, 0
24.433, 0.433161, 360, 360, 0
24.453, 0.433161, 360, 359.932, 0
24.475, 0.397599, 360, 359.863, 0
24.491, 0.355198, 360, 359.863, 0
24.511, 0.348359, 360, 359.863, 0
24.532, 0.342888, 360, 359.863, 0
24.558, 0.333313, 360, 359.863, 0
24.575, 0.32921, 360, 359.863, 0
24.597, 0.3169, 360, 359.863, 0
24.624, 0.305957, 360, 359.863, 0
24.645, 0.297751, 360, 359.863, 0
24.664, 0.295015, 360, 359.863, 0
24.681, 0.284073, 360, 359.863, 0
24.7, 0.277234, 360, 359.863, 0
24.726, 0.266292, 360, 359.863, 0
24.745, 0.259453, 360, 359.863, 0
24.767, 0.248511, 360, 428.252, -51614.4
24.778, 0.0624924, 360, 359.863, 0
24.793, 0.0706991, 360, 359.863, 0
24.806, 0.0802736, 360, 359.863, 0
24.82, 0.0871125, 360, 359.863, 0
24.834, 0.0953191, 360, 359.863, 0
24.848, 0.103526, 360, 359.863, 0
24.864, 0.1131, 360, 359.863, 0
24.878, 0.122675, 360, 359.863, 0
24.893, 0.130881, 360, 359.863, 0
24.907, 0.139088, 360, 359.863, 0
24.93, 0.147295, 360, 359.863, 0
24.95, 0.15003, 360, 359.863, 0
24.967, 0.160973, 360, 359.863, 0
24.991, 0.167812, 360, 359.863, 0
25.007, 0.171915, 360, 359.863, 0
25.034, 0.185593, 360, 359.863, 0
25.055, 0.191064, 360, 359.863, 0
25.072, 0.195167, 360, 359.863, 0
25.093, 0.207477, 360, 359.863, 0
25.112, 0.210213, 360, 359.863, 0
25.128, 0.221155, 360, 359.863, 0
25.147, 0.227994, 360, 359.863, 0
25.169, 0.233465, 360, 359.863, 0
25.192, 0.244407, 360, 359.863, 0
25.211, 0.249878, 360, 359.863, 0
25.226, 0.249878, 360, 359.863, 0
25.249, 0.263556, 360, 359.863, 0
25.27, 0.274498, 360, 359.863, 0
25.291, 0.281337, 360, 359.863, 0
25.315, 0.290912, 360, 359.863, 0
25.33, 0.297751, 360, 359.863, 0
25.346, 0.297751, 360, 359.863, 0
25.361, 0.307325, 360, 359.863, 0
25.384, 0.312796, 360, 359.863, 0
25.408, 0.322371, 360, 359.863, 0
25.424, 0.326474, 360, 359.863, 0
25.445, 0.338784, 360, 359.863, 0
25.466, -0, 360, 359.863, 0
