0, 0, 0, 0, 0
0.011, 0, 0, 0, 0
2.422, 0, 0, 0, 0
2.436, 0, 0, 0, 0
2.449, 0, 0, 0, 0
2.462, 0, 0, 0, 0
2.474, 0, 0, 0, 0
2.487, 0, 0, 0, 0
2.5, 0, 0, 0, 0
2.512, 0, 0, 0, 0
2.525, 0, 0, 0, 0
2.538, 0, 0, 0, 0
2.551, 0, 0, 0, 0
2.564, 0, 0, 0, 0
2.577, 0, 0, 0, 0
2.59, 0, 0, 0, 0
2.603, 0, 0, 0, 0
2.616, 0, 0, 0, 0
2.629, 0, 0, 0, 0
2.642, 0, 0, 0, 0
2.655, 0, 0, 0, 0
2.668, 0, 0, 0, 0
2.681, 0, 0, 0, 0
2.695, 0, 0, 0, 0
2.708, 0, 0, 0, 0
2.721, 0, 0, 0, 0
2.735, 0, 0, 0, 0
2.748, 0, 0, 0, 0
2.76, 0, 0, 0, 0
2.773, 0, 0, 0, 0
2.786, 0, 0, 0, 0
2.799, 0, 0, 0, 0
2.812, 0, 0, 0, 0
2.825, 0, 0, 0, 0
2.838, 0, 0, 0, 0
2.851, 0, 0, 0, 0
2.863, 0, 0, 0, 0
2.876, 0, 0, 0, 0
2.889, 0, 0, 0, 0
2.902, 0, 0, 0, 0
2.915, 0, 0, 0, 0
2.928, 0, 0, 0, 0
2.941, 0, 0, 0, 0
2.953, 0, 0, 0, 0
2.966, 0, 0, 0, 0
2.979, 0, 0, 0, 0
2.992, 0, 0, 0, 0
3.005, 0, 0, 0, 0
3.017, 0, 0, 0, 0
3.031, 0, 0, 0, 0
3.044, 0, 0, 0, 0
3.057, 0, 0, 0, 0
3.069, 0, 0, 0, 0
3.082, 0, 0, 0, 0
3.094, 0, 0, 0, 0
3.107, 0, 0, 0, 0
3.119, 0, 0, 0, 0
3.132, 0, 0, 0, 0
3.144, 0, 0, 0, 0
3.156, 0, 0, 0, 0
3.169, 0, 0, 0, 0
3.181, 0, 0, 0, 0
3.193, 0, 0, 0, 0
3.206, 0, 0, 0, 0
3.218, 0, 0, 0, 0
3.231, 0, 0, 0, 0
3.243, 0, 0, 0, 0
3.255, 0, 0, 0, 0
3.268, 0, 0, 0, 0
3.28, 0, 0, 0, 0
3.293, 0, 0, 0, 0
3.305, 0, 0, 0, 0
3.317, 0, 0, 0, 0
3.33, 0, 0, 0, 0
3.342, 0, 0, 0, 0
3.355, 0, 0, 0, 0
3.367, 0, 0, 0, 0
3.379, 0, 0, 0, 0
3.392, 0, 0, 0, 0
3.404, 0, 0, 0, 0
3.417, 0, 0, 0, 0
3.429, 0, 0, 0, 0
3.441, 0, 0, 0, 0
3.454, 0, 0, 0, 0
3.466, 0, 0, 0, 0
3.479, 0, 0, 0, 0
3.491, 0, 0, 0, 0
3.504, 0, 0, 0, 0
3.516, 0, 0, 0, 0
3.529, 0, 0, 0, 0
3.542, 0, 0, 0, 0
3.554, 0, 0, 0, 0
3.567, 0, 0, 0, 0
3.58, 0, 0, 0, 0
3.592, 0, 0, 0, 0
3.605, 0, 0, 0, 0
3.618, 0, 0, 0, 0
3.63, 0, 0, 0, 0
3.643, 0, 0, 0, 0
3.656, 0, 0, 0, 0
3.669, 0, 0, 0, 0
3.681, 0, 0, 0, 0
3.694, 0, 0, 0, 0
3.708, 0, 0, 0, 0
3.72, 0, 0, 0, 0
3.733, 0, 0, 0, 0
3.745, 0, 0, 0, 0
3.758, 0, 0, 0, 0
3.77, 0, 0, 0, 0
3.783, 0, 0, 0, 0
3.795, 0, 0, 0, 0
3.807, 0, 0, 0, 0
3.82, 0, 0, 0, 0
3.832, 0, 0, 0, 0
3.844, 0, 0, 0, 0
3.857, 0, 0, 0, 0
3.869, 0, 0, 0, 0
3.882, 0, 0, 0, 0
3.894, 0, 0, 0, 0
3.906, 0, 0, 0, 0
3.919, 0, 0, 0, 0
3.931, 0, 0, 0, 0
3.944, 0, 0, 0, 0
3.956, 0, 0, 0, 0
3.969, 0, 0, 0, 0
3.981, 0, 0, 0, 0
3.993, 0, 0, 0, 0
4.006, 0, 0, 0, 0
4.018, 0, 0, 0, 0
4.031, 0, 0, 0, 0
4.043, 0, 0, 0, 0
4.056, 0, 0, 0, 0
4.068, 0, 0, 0, 0
4.08, 0, 0, 0, 0
4.093, 0, 0, 0, 0
4.105, 0, 0, 0, 0
4.118, 0, 0, 0, 0
4.13, 0, 0, 0, 0
4.143, 0, 0, 0, 0
4.155, 0, 0, 0, 0
4.167, 0, 0, 0, 0
4.18, 0, 0, 0, 0
4.192, 0, 0, 0, 0
4.205, 0, 0, 0, 0
4.217, 0, 0, 0, 0
4.229, 0, 0, 0, 0
4.242, 0, 0, 0, 0
4.254, 0, 0, 0, 0
4.267, 0, 0, 0, 0
4.279, 0, 0, 0, 0
4.291, 0, 0, 0, 0
4.304, 0, 0, 0, 0
4.317, 0, 0, 0, 0
4.329, 0, 0, 0, 0
4.341, 0, 0, 0, 0
4.354, 0, 0, 0, 0
4.366, 0, 0, 0, 0
4.379, 0, 0, 0, 0
4.391, 0, 0, 0, 0
4.403, 0, 0, 0, 0
4.416, 0, 0, 0, 0
4.428, 0, 0, 0, 0
4.44, 0, 0, 0, 0
4.453, 0, 0, 0, 0
4.465, 0, 0, 0, 0
4.478, 0, 0, 0, 0
4.49, 0, 0, 0, 0
4.503, 0, 0, 0, 0
4.515, 0, 0, 0, 0
4.527, 0, 0, 0, 0
4.54, 0, 0, 0, 0
4.552, 0, 0, 0, 0
4.565, 0, 0, 0, 0
4.577, 0, 0, 0, 0
4.59, 0, 0, 0, 0
4.602, 0, 0, 0, 0
4.614, 0, 0, 0, 0
4.627, 0, 0, 0, 0
4.639, 0, 0, 0, 0
4.652, 0, 0, 0, 0
4.664, 0, 0, 0, 0
4.676, 0, 0, 0, 0
4.689, 0, 0, 0, 0
4.701, 0, 0, 0, 0
4.714, 0, 0, 0, 0
4.726, 0, 0, 0, 0
4.739, 0, 0, 0, 0
4.751, 0, 0, 0, 0
4.763, 0, 0, 0, 0
4.776, 0, 0, 0, 0
4.788, 0, 0, 0, 0
4.801, 0, 0, 0, 0
4.813, 0, 0, 0, 0
4.825, 0, 0, 0, 0
4.838, 0, 0, 0, 0
4.85, 0, 0, 0, 0
4.863, 0, 0, 0, 0
4.875, 0, 0, 0, 0
4.887, 0, 0, 0, 0
4.9, 0, 0, 0, 0
4.912, 0, 0, 0, 0
4.925, 0, 0, 0, 0
4.937, 0, 0, 0, 0
4.949, 0, 0, 0, 0
4.962, 0, 0, 0, 0
4.974, 0, 0, 0, 0
4.987, 0, 0, 0, 0
4.999, 0, 0, 0, 0
5.016, 0, 0, 0, 0
5.028, 0, 0, 0, 0
5.041, 0, 0, 0, 0
5.053, 0, 0, 0, 0
5.066, 0, 0, 0, 0
5.078, 0, 0, 0, 0
5.09, 0, 0, 0, 0
5.103, 0, 0, 0, 0
5.115, 0, 0, 0, 0
5.128, 0, 0, 0, 0
5.14, 0, 0, 0, 0
5.153, 0, 0, 0, 0
5.165, 0, 0, 0, 0
5.177, 0, 0, 0, 0
5.19, 0, 0, 0, 0
5.202, 0, 0, 0, 0
5.215, 0, 0, 0, 0
5.227, 0, 0, 0, 0
5.24, 0, 0, 0, 0
5.252, 0, 0, 0, 0
5.264, 0, 0, 0, 0
5.277, 0, 0, 0, 0
5.289, 0, 0, 0, 0
5.302, 0, 0, 0, 0
5.314, 0, 0, 0, 0
5.327, 0, 0, 0, 0
5.339, 0, 0, 0, 0
5.351, 0, 0, 0, 0
5.364, 0, 0, 0, 0
5.376, 0, 0, 0, 0
5.389, 0, 0, 0, 0
5.401, 0, 0, 0, 0
5.413, 0, 0, 0, 0
5.426, 0, 0, 0, 0
5.438, 0, 0, 0, 0
5.451, 0, 0, 0, 0
5.463, 0, 0, 0, 0
5.475, 0, 0, 0, 0
5.488, 0, 0, 0, 0
5.5, 0, 0, 0, 0
5.513, 0, 0, 0, 0
5.525, 0, 0, 0, 0
5.537, 0, 0, 0, 0
5.55, 0, 0, 0, 0
5.562, 0, 0, 0, 0
5.575, 0, 0, 0, 0
5.587, 0, 0, 0, 0
5.599, 0, 0, 0, 0
5.612, 0, 0, 0, 0
5.624, 0, 0, 0, 0
5.637, 0, 0, 0, 0
5.649, 0, 0, 0, 0
5.661, 0, 0, 0, 0
5.674, 0, 0, 0, 0
5.686, 0.025, -5, 0, 0
5.697, 0.025, -5, 0, 0
5.709, 0.025, -5, 0, 0
5.721, 0.025, -5, 0, 0
5.734, 0.025, -5, 0, 0
5.745, 0.025, -5, 0, 0
5.758, 0.025, -5, 0, 0
5.769, 0.025, -5, 0, 0
5.781, 0.025, -5, 0, 0
5.792, 0.025, -5, 0, 0
5.803, 0.025, -5, 0, 0
5.814, 0.025, -5, 0, 0
5.826, 0.025, -5, 0, 0
5.838, 0.025, -5, 0, 0
5.849, 0.025, -5, 0, 0
5.86, 0.025, -5, 0, 0
5.87, 0.025, -5, 0, 0
5.88, 0.025, -5, 0, 0
5.89, 0.025, -5, 0, 0
5.901, 0.025, -5, 0, 0
5.911, 0.025, -5, 0, 0
5.921, 0.025, -5, 0, 0
5.931, 0.025, -5, 0, 0
5.942, 0.025, -5, 0, 0
5.952, 0.025, -5, 0, 0
5.962, 0.025, -5, 0, 0
5.972, 0.025, -5, 0, 0
5.982, 0.025, -5, 0, 0
5.993, 0.025, -5, 0, 0
6.003, 0.025, -5, 0, 0
6.013, 0.025, -5, 0, 0
6.023, 0.025, -5, 0, 0
6.033, 0.025, -5, 0, 0
6.044, 0.025, -5, 0, 0
6.054, 0.025, -5, 0, 0
6.064, 0.025, -5, 0, 0
6.074, 0.025, -5, 0, 0
6.085, 0.025, -5, 0, 0
6.095, 0.025, -5, 0, 0
6.105, 0.025, -5, 0, 0
6.115, 0.025, -5, 0, 0
6.126, 0.025, -5, 0, 0
6.137, 0.025, -5, 0, 0
6.147, 0.025, -5, 0, 0
6.157, 0.025, -5, 0, 0
6.168, 0.025, -5, 0, 0
6.178, 0.025, -5, 0, 0
6.188, 0.025, -5, 0, 0
6.198, 0.025, -5, 0, 0
6.209, 0.025, -5, 0, 0
6.219, 0.025, -5, 0, 0
6.229, 0.025, -5, 0, 0
6.239, 0.025, -5, 0, 0
6.25, 0.025, -5, 0, 0
6.26, 0.025, -5, 0, 0
6.27, 0.025, -5, 0, 0
6.28, 0.025, -5, 0, 0
6.291, 0.025, -5, 0, 0
6.301, 0.025, -5, 0, 0
6.311, 0.025, -5, 0, 0
6.322, 0.025, -5, 0, 0
6.332, 0.025, -5, 0, 0
6.342, 0.025, -5, 0, 0
6.352, 0.025, -5, 0, 0
6.363, 0.025, -5, 0, 0
6.373, 0.025, -5, 0, 0
6.383, 0.025, -5, 0, 0
6.394, 0.025, -5, 0, 0
6.404, 0.025, -5, 0, 0
6.414, 0.025, -5, 0, 0
6.424, 0.025, -5, 0, 0
6.435, 0.025, -5, 0, 0
6.445, 0.025, -5, 0, 0
6.455, 0.025, -5, 0, 0
6.466, 0.025, -5, 0, 0
6.476, 0.025, -5, 0, 0
6.486, 0.025, -5, 0, 0
6.497, 0.025, -5, 0, 0
6.507, 0.025, -5, 0, 0
6.517, 0.025, -5, 0, 0
6.527, 0.025, -5, 0, 0
6.537, 0.025, -5, 0, 0
6.548, 0.025, -5, 0, 0
6.558, 0.025, -5, 0, 0
6.568, 0.025, -5, 0, 0
6.578, 0.025, -5, 0, 0
6.589, 0.025, -5, 0, 0
6.599, 0.025, -5, 0, 0
6.609, 0.025, -5, 0, 0
6.619, 0.025, -5, 0, 0
6.63, 0.025, -5, 0, 0
6.641, 0.025, -5, 0, 0
6.651, 0.025, -5, 0, 0
6.661, 0.025, -5, 0, 0
6.671, 0.025, -5, 0, 0
6.682, 0.025, -5, 0, 0
6.692, 0.025, -5, 0, 0
6.702, 0.025, -5, 0, 0
6.712, 0.025, -5, 0, 0
6.723, 0.025, -5, 0, 0
6.733, 0.025, -5, 0, 0
6.743, 0.025, -5, 0, 0
6.754, 0.025, -5, 0, 0
6.764, 0.025, -5, 0, 0
6.774, 0.025, -5, 0, 0
6.785, 0.025, -5, 0, 0
6.795, 0.025, -5, 0, 0
6.805, 0.025, -5, 0, 0
6.815, 0.025, -5, 0, 0
6.825, 0.025, -5, 0, 0
6.836, 0.025, -5, 0, 0
6.846, 0.025, -5, 0, 0
6.856, 0.025, -5, 0, 0
6.867, 0.025, -5, 0, 0
6.877, 0.025, -5, 0, 0
6.887, 0.025, -5, 0, 0
6.897, 0.025, -5, 0, 0
6.908, 0.025, -5, 0, 0
6.918, 0.025, -5, 0, 0
6.928, 0.025, -5, 0, 0
6.938, 0.025, -5, 0, 0
6.949, 0.025, -5, 0, 0
6.959, 0.025, -5, 0, 0
6.969, 0.025, -5, 0, 0
6.98, 0.025, -5, 0, 0
6.99, 0.025, -5, 0, 0
7.001, 0.025, -5, 0, 0
7.011, 0.025, -5, 0, 0
7.021, 0.025, -5, 0, 0
7.031, 0.025, -5, 0, 0
7.041, 0.025, -5, 0, 0
7.052, 0.025, -5, 0, 0
7.062, 0.025, -5, 0, 0
7.072, 0.025, -5, 0, 0
7.082, 0.025, -5, 0, 0
7.093, 0.025, -5, 0, 0
7.103, 0.025, -5, 0, 0
7.113, 0.025, -5, 0, 0
7.123, 0.025, -5, 0, 0
7.133, 0.025, -5, 0, 0
7.144, 0.025, -5, 0, 0
7.154, 0.025, -5, 0, 0
7.164, 0.025, -5, 0, 0
7.175, 0.025, -5, 0, 0
7.185, 0.025, -5, 0, 0
7.195, 0.025, -5, 0, 0
7.206, 0.025, -5, 0, 0
7.216, 0.025, -5, 0, 0
7.226, 0.025, -5, 0, 0
7.237, 0.025, -5, 0, 0
7.247, 0.025, -5, 0, 0
7.258, 0.025, -5, 0, 0
7.268, 0.025, -5, 0, 0
7.278, 0.025, -5, 0, 0
7.288, 0.025, -5, 0, 0
7.298, 0.025, -5, 0, 0
7.309, 0.025, -5, 0, 0
7.319, 0.025, -5, 0, 0
7.329, 0.025, -5, 0, 0
7.339, 0.025, -5, 0, 0
7.349, 0.025, -5, 0, 0
7.36, 0.025, -5, 0, 0
7.37, 0.025, -5, 0, 0
7.38, 0.025, -5, 0, 0
7.391, 0.025, -5, 0, 0
7.401, 0.025, -5, 0, 0
7.411, 0.025, -5, 0, 0
7.421, 0.025, -5, 0, 0
7.432, 0.025, -5, 0, 0
7.443, 0.025, -5, 0, 0
7.454, 0.025, -5, 0, 0
7.464, 0.025, -5, 0, 0
7.474, 0.025, -5, 0, 0
7.484, 0.025, -5, 0, 0
7.494, 0.025, -5, 0, 0
7.505, 0.025, -5, 0, 0
7.515, 0.025, -5, 0, 0
7.525, 0.025, -5, 0, 0
7.535, 0.025, -5, 0, 0
7.546, 0.025, -5, 0, 0
7.556, 0.025, -5, 0, 0
7.566, 0.025, -5, 0, 0
7.576, 0.025, -5, 0, 0
7.586, 0.025, -5, 0, 0
7.597, 0.025, -5, 0, 0
7.607, 0.025, -5, 0, 0
7.617, 0.025, -5, 0, 0
7.628, 0.025, -5, 0, 0
7.638, 0.025, -5, 0, 0
7.648, 0.025, -5, 0, 0
7.658, 0.025, -5, 0, 0
7.668, 0.025, -5, 0, 0
7.679, 0.025, -5, 0, 0
7.689, 0.025, -5, 0, 0
7.699, 0.025, -5, 0, 0
7.709, 0.025, -5, 0, 0
7.72, 0.025, -5, 0, 0
7.73, 0.025, -5, 0, 0
7.74, 0.025, -5, 0, 0
7.75, 0.025, -5, 0, 0
7.76, 0.025, -5, 0, 0
7.771, 0.025, -5, 0, 0
7.781, 0.025, -5, 0, 0
7.791, 0.025, -5, 0, 0
7.802, 0.025, -5, 0, 0
7.812, 0.025, -5, 0, 0
7.822, 0.025, -5, 0, 0
7.832, 0.025, -5, 0, 0
7.842, 0.025, -5, 0, 0
7.853, 0.025, -5, 0, 0
7.863, 0.025, -5, 0, 0
7.873, 0.025, -5, 0, 0
7.884, 0.025, -5, 0, 0
7.894, 0.025, -5, 0, 0
7.904, 0.025, -5, 0, 0
7.914, 0.025, -5, 0, 0
7.925, 0.025, -5, 0, 0
7.935, 0.025, -5, 0, 0
7.945, 0.025, -5, 0, 0
7.955, 0.025, -5, 0, 0
7.965, 0.025, -5, 0, 0
7.976, 0.025, -5, 0, 0
7.986, 0.025, -5, 0, 0
7.996, 0.025, -5, 0, 0
8.006, 0.025, -5, 0, 0
8.017, 0.025, -5, 0, 0
8.027, 0.025, -5, 0, 0
8.037, 0.025, -5, 0, 0
8.047, 0.025, -5, 0, 0
8.057, 0.025, -5, 0, 0
8.068, 0.025, -5, 0, 0
8.078, 0.025, -5, 0, 0
8.088, 0.025, -5, 0, 0
8.099, 0.025, -5, 0, 0
8.109, 0.025, -5, 0, 0
8.119, 0.025, -5, 0, 0
8.129, 0.025, -5, 0, 0
8.14, 0.025, -5, 0, 0
8.15, 0.025, -5, 0, 0
8.16, 0.025, -5, 0, 0
8.17, 0.025, -5, 0, 0
8.181, 0.025, -5, 0, 0
8.191, 0.025, -5, 0, 0
8.201, 0.025, -5, 0, 0
8.211, 0.025, -5, 0, 0
8.221, 0.025, -5, 0, 0
8.232, 0.025, -5, 0, 0
8.242, 0.025, -5, 0, 0
8.252, 0.025, -5, 0, 0
8.262, 0.025, -5, 0, 0
8.273, 0.025, -5, 0, 0
8.283, 0.025, -5, 0, 0
8.293, 0.025, -5, 0, 0
8.303, 0.025, -5, 0, 0
8.313, 0.025, -5, 0, 0
8.323, 0.025, -5, 0, 0
8.334, 0.025, -5, 0, 0
8.344, 0.025, -5, 0, 0
8.354, 0.025, -5, 0, 0
8.365, 0.025, -5, 0, 0
8.375, 0.025, -5, 0, 0
8.386, 0.025, -5, 0, 0
8.396, 0.025, -5, 0, 0
8.406, 0.025, -5, 0, 0
8.417, 0.025, -5, 0, 0
8.427, 0.025, -5, 0, 0
8.437, 0.025, -5, 0, 0
8.447, 0.025, -5, 0, 0
8.458, 0.025, -5, 0, 0
8.468, 0.025, -5, 0, 0
8.478, 0.025, -5, 0, 0
8.488, 0.025, -5, 0, 0
8.498, 0.025, -5, 0, 0
8.509, 0.025, -5, 0, 0
8.519, 0.025, -5, 0, 0
8.529, 0.025, -5, 0, 0
8.54, 0.025, -5, 0, 0
8.55, 0.025, -5, 0, 0
8.56, 0.025, -5, 0, 0
8.57, 0.025, -5, 0, 0
8.581, 0.025, -5, 0, 0
8.591, 0.025, -5, 0, 0
8.601, 0.025, -5, 0, 0
8.611, 0.025, -5, 0, 0
8.622, 0.025, -5, 0, 0
8.632, 0.025, -5, 0, 0
8.642, 0.025, -5, 0, 0
8.652, 0.025, -5, 0, 0
8.663, 0.025, -5, 0, 0
8.673, 0.025, -5, 0, 0
8.683, 0.025, -5, 0, 0
8.693, 0.025, -5, 0, 0
8.703, 0.025, -5, 0, 0
8.714, 0.025, -5, 0, 0
8.725, 0.025, -5, 0, 0
8.735, 0.025, -5, 0, 0
8.745, 0.025, -5, 0, 0
8.756, 0.025, -5, 0, 0
8.766, 0.025, -5, 0, 0
8.776, 0.025, -5, 0, 0
8.787, 0.025, -5, 0, 0
8.797, 0.025, -5, 0, 0
8.807, 0.025, -5, 0, 0
8.817, 0.025, -5, 0, 0
8.828, 0.025, -5, 0, 0
8.838, 0.025, -5, 0, 0
8.849, 0.025, -5, 0, 0
8.859, 0.025, -5, 0, 0
8.869, 0.025, -5, 0, 0
8.879, 0.025, -5, 0, 0
8.89, 0.025, -5, 0, 0
8.9, 0.025, -5, 0, 0
8.91, 0.025, -5, 0, 0
8.92, 0.025, -5, 0, 0
8.931, 0.025, -5, 0, 0
8.941, 0.025, -5, 0, 0
8.952, 0.025, -5, 0, 0
8.962, 0.025, -5, 0, 0
8.972, 0.025, -5, 0, 0
8.982, 0.025, -5, 0, 0
8.992, 0.025, -5, 0, 0
9.003, 0.025, -5, 0, 0
9.013, 0.025, -5, 0, 0
9.023, 0.025, -5, 0, 0
9.033, 0.025, -5, 0, 0
9.045, 0.025, -5, 0, 0
9.055, 0.025, -5, 0, 0
9.065, 0.025, -5, 0, 0
9.075, 0.025, -5, 0, 0
9.086, 0.025, -5, 0, 0
9.096, 0.025, -5, 0, 0
9.106, 0.025, -5, 0, 0
9.116, 0.025, -5, 0, 0
9.127, 0.025, -5, 0, 0
9.137, 0.025, -5, 0, 0
9.147, 0.025, -5, 0, 0
9.157, 0.025, -5, 0, 0
9.168, 0.025, -5, 0, 0
9.178, 0.025, -5, 0, 0
9.188, 0.025, -5, 0, 0
9.198, 0.025, -5, 0, 0
9.208, 0.025, -5, 0, 0
9.219, 0.025, -5, 0, 0
9.229, 0.025, -5, 0, 0
9.241, 0.025, -5, 0, 0
9.251, 0.025, -5, 0, 0
9.261, 0.025, -5, 0, 0
9.272, 0.025, -5, 0, 0
9.282, 0.025, -5, 0, 0
9.293, 0.025, -5, 0, 0
9.303, 0.025, -5, 0, 0
9.313, 0.025, -5, 0, 0
9.324, 0.025, -5, 0, 0
9.334, 0.025, -5, 0, 0
9.344, 0.025, -5, 0, 0
9.354, 0.025, -5, 0, 0
9.365, 0.025, -5, 0, 0
9.376, 0.025, -5, 0, 0
9.386, 0.025, -5, 0, 0
9.396, 0.025, -5, 0, 0
9.407, 0.025, -5, 0, 0
9.417, 0.025, -5, 0, 0
9.427, 0.025, -5, 0, 0
9.438, 0.025, -5, 0, 0
9.448, 0.025, -5, 0, 0
9.458, 0.025, -5, 0, 0
9.469, 0.025, -5, 0, 0
9.48, 0.025, -5, 0, 0
9.49, 0.025, -5, 0, 0
9.5, 0.025, -5, 0, 0
9.51, 0.025, -5, 0, 0
9.521, 0.025, -5, 0, 0
9.531, 0.025, -5, 0, 0
9.541, 0.025, -5, 0, 0
9.551, 0.025, -5, 0, 0
9.561, 0.025, -5, 0, 0
9.572, 0.025, -5, 0, 0
9.582, 0.025, -5, 0, 0
9.592, 0.025, -5, 0, 0
9.603, 0.025, -5, 0, 0
9.613, 0.025, -5, 0, 0
9.623, 0.025, -5, 0, 0
9.633, 0.025, -5, 0, 0
9.644, 0.025, -5, 0, 0
9.654, 0.025, -5, 0, 0
9.665, 0.025, -5, 0, 0
9.675, 0.025, -5, 0, 0
9.685, 0.025, -5, 0, 0
9.696, 0.025, -5, 0, 0
9.706, 0.025, -5, 0, 0
9.716, 0.025, -5, 0, 0
9.727, 0.025, -5, 0, 0
9.737, 0.025, -5, 0, 0
9.747, 0.025, -5, 0, 0
9.757, 0.025, -5, 0, 0
9.768, 0.025, -5, 0, 0
9.778, 0.025, -5, 0, 0
9.788, 0.025, -5, 0, 0
9.798, 0.025, -5, 0, 0
9.809, 0.025, -5, 0, 0
9.819, 0.025, -5, 0, 0
9.829, 0.025, -5, 0, 0
9.84, 0.025, -5, 0, 0
9.85, 0.025, -5, 0, 0
9.86, 0.025, -5, 0, 0
9.87, 0.025, -5, 0, 0
9.881, 0.025, -5, 0, 0
9.892, 0.025, -5, 0, 0
9.902, 0.025, -5, 0, 0
9.912, 0.025, -5, 0, 0
9.922, 0.025, -5, 0, 0
9.932, 0.025, -5, 0, 0
9.943, 0.025, -5, 0, 0
9.953, 0.025, -5, 0, 0
9.963, 0.025, -5, 0, 0
9.973, 0.025, -5, 0, 0
9.983, 0.025, -5, 0, 0
9.993, 0.025, -5, 0, 0
10.004, 0.025, -5, 0, 0
10.022, 0.025, -5, 0, 0
10.032, 0.025, -5, 0, 0
10.042, 0.025, -5, 0, 0
10.052, 0.025, -5, 0, 0
10.063, 0.025, -5, 0, 0
10.073, 0.025, -5, 0, 0
10.083, 0.025, -5, 0, 0
10.093, 0.025, -5, 0, 0
10.103, 0.025, -5, 0, 0
10.114, 0.025, -5, 0, 0
10.124, 0.025, -5, 0, 0
10.134, 0.025, -5, 0, 0
10.144, 0.025, -5, 0, 0
10.155, 0.025, -5, 0, 0
10.165, 0.025, -5, 0, 0
10.175, 0.025, -5, 0, 0
10.185, 0.025, -5, 0, 0
10.195, 0.025, -5, 0, 0
10.206, 0.025, -5, 0, 0
10.216, 0.025, -5, 0, 0
10.226, 0.025, -5, 0, 0
10.236, 0.025, -5, 0, 0
10.246, 0.025, -5, 0, 0
10.257, 0.025, -5, 0, 0
10.267, 0.025, -5, 0, 0
10.277, 0.025, -5, 0, 0
10.287, 0.025, -5, 0, 0
10.298, 0.025, -5, 0, 0
10.308, 0.025, -5, 0, 0
10.318, 0.025, -5, 0, 0
10.328, 0.025, -5, 0, 0
10.338, 0.025, -5, 0, 0
10.348, 0.025, -5, 0, 0
10.359, 0.025, -5, 0, 0
10.369, 0.025, -5, 0, 0
10.379, 0.025, -5, 0, 0
10.389, 0.025, -5, 0, 0
10.4, 0.025, -5, 0, 0
10.41, 0.025, -5, 0, 0
10.42, 0.025, -5, 0, 0
10.43, 0.025, -5, 0, 0
10.441, 0.025, -5, 0, 0
10.451, 0.025, -5, 0, 0
10.461, 0.025, -5, 0, 0
10.471, 0.025, -5, 0, 0
10.482, 0.025, -5, 0, 0
10.492, 0.025, -5, 0, 0
10.502, 0.025, -5, 0, 0
10.513, 0.025, -5, 0, 0
10.523, 0.025, -5, 0, 0
10.534, 0.025, -5, 0, 0
10.544, 0.025, -5, 0, 0
10.554, 0.025, -5, 0, 0
10.565, 0.025, -5, 0, 0
10.575, 0.025, -5, 0, 0
10.585, 0.025, -5, 0, 0
10.595, 0.025, -5, 0, 0
10.606, 0.025, -5, 0, 0
10.616, 0.025, -5, 0, 0
10.626, 0.025, -5, 0, 0
10.636, 0.025, -5, 0, 0
10.646, 0.025, -5, 0, 0
10.656, 0.025, -5, 0, 0
10.667, 0.025, -5, 0, 0
10.677, 0.025, -5, 0, 0
10.687, 0.025, -5, 0, 0
10.697, 0.025, -5, 0, 0
10.708, 0.025, -5, 0, 0
10.718, 0.025, -5, 0, 0
10.728, 0.025, -5, 0, 0
10.738, 0.025, -5, 0, 0
10.749, 0.025, -5, 0, 0
10.759, 0.025, -5, 0, 0
10.769, 0.025, -5, 0, 0
10.779, 0.025, -5, 0, 0
10.789, 0.025, -5, 0, 0
10.8, 0.025, -5, 0, 0
10.81, 0.025, -5, 0, 0
10.82, 0.025, -5, 0, 0
10.83, 0.025, -5, 0, 0
10.841, 0.025, -5, 0, 0
10.851, 0.025, -5, 0, 0
10.861, 0.025, -5, 0, 0
10.871, 0.025, -5, 0, 0
10.882, 0.025, -5, 0, 0
10.892, 0.025, -5, 0, 0
10.902, 0.025, -5, 0, 0
10.912, 0.025, -5, 0, 0
10.923, 0.025, -5, 0, 0
10.933, 0.025, -5, 0, 0
10.943, 0.025, -5, 0, 0
10.953, 0.025, -5, 0, 0
10.964, 0.025, -5, 0, 0
10.974, 0.025, -5, 0, 0
10.984, 0.025, -5, 0, 0
10.994, 0.025, -5, 0, 0
11.005, 0.025, -5, 0, 0
11.015, 0.025, -5, 0, 0
11.025, 0.025, -5, 0, 0
11.035, 0.025, -5, 0, 0
11.046, 0.025, -5, 0, 0
11.056, 0.025, -5, 0, 0
11.066, 0.025, -5, 0, 0
11.076, 0.025, -5, 0, 0
11.086, 0.025, -5, 0, 0
11.097, 0.025, -5, 0, 0
11.107, 0.025, -5, 0, 0
11.117, 0.025, -5, 0, 0
11.127, 0.025, -5, 0, 0
11.138, 0.025, -5, 0, 0
11.148, 0.025, -5, 0, 0
11.158, 0.025, -5, 0, 0
11.169, 0.025, -5, 0, 0
11.179, 0.025, -5, 0, 0
11.189, 0.025, -5, 0, 0
11.199, 0.025, -5, 0, 0
11.21, 0.025, -5, 0, 0
11.22, 0.025, -5, 0, 0
11.23, 0.025, -5, 0, 0
11.24, 0.025, -5, 0, 0
11.251, 0.025, -5, 0, 0
11.261, 0.025, -5, 0, 0
11.271, 0.025, -5, 0, 0
11.281, 0.025, -5, 0, 0
11.292, 0.025, -5, 0, 0
11.302, 0.025, -5, 0, 0
11.312, 0.025, -5, 0, 0
11.322, 0.025, -5, 0, 0
11.332, 0.025, -5, 0, 0
11.343, 0.025, -5, 0, 0
11.353, 0.025, -5, 0, 0
11.363, 0.025, -5, 0, 0
11.373, 0.025, -5, 0, 0
11.383, 0.025, -5, 0, 0
11.394, 0.025, -5, 0, 0
11.404, 0.025, -5, 0, 0
11.414, 0.025, -5, 0, 0
11.424, 0.025, -5, 0, 0
11.435, 0.025, -5, 0, 0
11.445, 0.025, -5, 0, 0
11.455, 0.025, -5, 0, 0
11.465, 0.025, -5, 0, 0
11.475, 0.025, -5, 0, 0
11.486, 0.025, -5, 0, 0
11.496, 0.025, -5, 0, 0
11.506, 0.025, -5, 0, 0
11.516, 0.025, -5, 0, 0
11.527, 0.025, -5, 0, 0
11.537, 0.025, -5, 0, 0
11.547, 0.025, -5, 0, 0
11.557, 0.025, -5, 0, 0
11.568, 0.025, -5, 0, 0
11.578, 0.025, -5, 0, 0
11.588, 0.025, -5, 0, 0
11.598, 0.025, -5, 0, 0
11.609, 0.025, -5, 0, 0
11.619, 0.025, -5, 0, 0
11.63, 0.025, -5, 0, 0
11.64, 0.025, -5, 0, 0
11.65, 0.025, -5, 0, 0
11.661, 0.025, -5, 0, 0
11.671, 0.025, -5, 0, 0
11.681, 0.025, -5, 0, 0
11.691, 0.025, -5, 0, 0
11.702, 0.025, -5, 0, 0
11.712, 0.025, -5, 0, 0
11.722, 0.025, -5, 0, 0
11.733, 0.025, -5, 0, 0
11.743, 0.025, -5, 0, 0
11.753, 0.025, -5, 0, 0
11.763, 0.025, -5, 0, 0
11.774, 0.025, -5, 0, 0
11.785, 0.025, -5, 0, 0
11.795, 0.025, -5, 0, 0
11.805, 0.025, -5, 0, 0
11.815, 0.025, -5, 0, 0
11.826, 0.025, -5, 0, 0
11.836, 0.025, -5, 0, 0
11.846, 0.025, -5, 0, 0
11.857, 0.025, -5, 0, 0
11.867, 0.025, -5, 0, 0
11.877, 0.025, -5, 0, 0
11.887, 0.025, -5, 0, 0
11.899, 0.025, -5, 0, 0
11.909, 0.025, -5, 0, 0
11.919, 0.025, -5, 0, 0
11.93, 0.025, -5, 0, 0
11.94, 0.025, -5, 0, 0
11.95, 0.025, -5, 0, 0
11.96, 0.025, -5, 0, 0
11.971, 0.025, -5, 0, 0
11.981, 0.025, -5, 0, 0
11.991, 0.025, -5, 0, 0
12.001, 0.025, -5, 0, 0
12.011, 0.025, -5, 0, 0
12.022, 0.025, -5, 0, 0
12.032, 0.025, -5, 0, 0
12.042, 0.025, -5, 0, 0
12.052, 0.025, -5, 0, 0
12.063, 0.025, -5, 0, 0
12.073, 0.025, -5, 0, 0
12.083, 0.025, -5, 0, 0
12.093, 0.025, -5, 0, 0
12.104, 0.025, -5, 0, 0
12.114, 0.025, -5, 0, 0
12.124, 0.025, -5, 0, 0
12.134, 0.025, -5, 0, 0
12.145, 0.025, -5, 0, 0
12.155, 0.025, -5, 0, 0
12.166, 0.025, -5, 0, 0
12.176, 0.025, -5, 0, 0
12.186, 0.025, -5, 0, 0
12.196, 0.025, -5, 0, 0
12.207, 0.025, -5, 0, 0
12.217, 0.025, -5, 0, 0
12.227, 0.025, -5, 0, 0
12.237, 0.025, -5, 0, 0
12.248, 0.025, -5, 0, 0
12.258, 0.025, -5, 0, 0
12.268, 0.025, -5, 0, 0
12.278, 0.025, -5, 0, 0
12.288, 0.025, -5, 0, 0
12.299, 0.025, -5, 0, 0
12.309, 0.025, -5, 0, 0
12.32, 0.025, -5, 0, 0
12.33, 0.025, -5, 0, 0
12.34, 0.025, -5, 0, 0
12.35, 0.025, -5, 0, 0
12.36, 0.025, -5, 0, 0
12.371, 0.025, -5, 0, 0
12.381, 0.025, -5, 0, 0
12.391, 0.025, -5, 0, 0
12.401, 0.025, -5, 0, 0
12.411, 0.025, -5, 0, 0
12.422, 0.025, -5, 0, 0
12.432, 0.025, -5, 0, 0
12.443, 0.025, -5, 0, 0
12.453, 0.025, -5, 0, 0
12.463, 0.025, -5, 0, 0
12.474, 0.025, -5, 0, 0
12.484, 0.025, -5, 0, 0
12.494, 0.025, -5, 0, 0
12.504, 0.025, -5, 0, 0
12.514, 0.025, -5, 0, 0
12.525, 0.025, -5, 0, 0
12.535, 0.025, -5, 0, 0
12.545, 0.025, -5, 0, 0
12.555, 0.025, -5, 0, 0
12.565, 0.025, -5, 0, 0
12.576, 0.025, -5, 0, 0
12.586, 0.025, -5, 0, 0
12.597, 0.025, -5, 0, 0
12.607, 0.025, -5, 0, 0
12.617, 0.025, -5, 0, 0
12.627, 0.025, -5, 0, 0
12.637, 0.025, -5, 0, 0
12.648, 0.025, -5, 0, 0
12.658, 0.025, -5, 0, 0
12.668, 0.025, -5, 0, 0
12.678, 0.025, -5, 0, 0
12.689, 0.025, -5, 0, 0
12.699, 0.025, -5, 0, 0
12.709, 0.025, -5, 0, 0
12.719, 0.025, -5, 0, 0
12.73, 0.025, -5, 0, 0
12.74, 0.025, -5, 0, 0
12.75, 0.025, -5, 0, 0
12.76, 0.025, -5, 0, 0
12.77, 0.025, -5, 0, 0
12.781, 0.025, -5, 0, 0
12.791, 0.025, -5, 0, 0
12.801, 0.025, -5, 0, 0
12.811, 0.025, -5, 0, 0
12.822, 0.025, -5, 0, 0
12.832, 0.025, -5, 0, 0
12.842, 0.025, -5, 0, 0
12.852, 0.025, -5, 0, 0
12.863, 0.025, -5, 0, 0
12.873, 0.025, -5, 0, 0
12.883, 0.025, -5, 0, 0
12.893, 0.025, -5, 0, 0
12.903, 0.025, -5, 0, 0
12.914, 0.025, -5, 0, 0
12.925, 0.025, -5, 0, 0
12.935, 0.025, -5, 0, 0
12.946, 0.025, -5, 0, 0
12.956, 0.025, -5, 0, 0
12.966, 0.025, -5, 0, 0
12.976, 0.025, -5, 0, 0
12.987, 0.025, -5, 0, 0
12.997, 0.025, -5, 0, 0
13.007, 0.025, -5, 0, 0
13.017, 0.025, -5, 0, 0
13.028, 0.025, -5, 0, 0
13.038, 0.025, -5, 0, 0
13.049, 0.025, -5, 0, 0
13.059, 0.025, -5, 0, 0
13.069, 0.025, -5, 0, 0
13.079, 0.025, -5, 0, 0
13.09, 0.025, -5, 0, 0
13.1, 0.025, -5, 0, 0
13.11, 0.025, -5, 0, 0
13.12, 0.025, -5, 0, 0
13.13, 0.025, -5, 0, 0
13.141, 0.025, -5, 0, 0
13.151, 0.025, -5, 0, 0
13.161, 0.025, -5, 0, 0
13.171, 0.025, -5, 0, 0
13.182, 0.025, -5, 0, 0
13.192, 0.025, -5, 0, 0
13.202, 0.025, -5, 0, 0
13.212, 0.025, -5, 0, 0
13.222, 0.025, -5, 0, 0
13.233, 0.025, -5, 0, 0
13.243, 0.025, -5, 0, 0
13.253, 0.025, -5, 0, 0
13.263, 0.025, -5, 0, 0
13.274, 0.025, -5, 0, 0
13.284, 0.025, -5, 0, 0
13.294, 0.025, -5, 0, 0
13.304, 0.025, -5, 0, 0
13.315, 0.025, -5, 0, 0
13.325, 0.025, -5, 0, 0
13.335, 0.025, -5, 0, 0
13.345, 0.025, -5, 0, 0
13.356, 0.025, -5, 0, 0
13.366, 0.025, -5, 0, 0
13.376, 0.025, -5, 0, 0
13.387, 0.025, -5, 0, 0
13.397, 0.025, -5, 0, 0
13.407, 0.025, -5, 0, 0
13.418, 0.025, -5, 0, 0
13.428, 0.025, -5, 0, 0
13.438, 0.025, -5, 0, 0
13.448, 0.025, -5, 0, 0
13.459, 0.025, -5, 0, 0
13.469, 0.025, -5, 0, 0
13.479, 0.025, -5, 0, 0
13.489, 0.025, -5, 0, 0
13.5, 0.025, -5, 0, 0
13.511, 0.025, -5, 0, 0
13.521, 0.025, -5, 0, 0
13.531, 0.025, -5, 0, 0
13.541, 0.025, -5, 0, 0
13.552, 0.025, -5, 0, 0
13.562, 0.025, -5, 0, 0
13.572, 0.025, -5, 0, 0
13.582, 0.025, -5, 0, 0
13.592, 0.025, -5, 0, 0
13.603, 0.025, -5, 0, 0
13.613, 0.025, -5, 0, 0
13.623, 0.025, -5, 0, 0
13.633, 0.025, -5, 0, 0
13.643, 0.025, -5, 0, 0
13.654, 0.025, -5, 0, 0
13.664, 0.025, -5, 0, 0
13.674, 0.025, -5, 0, 0
13.684, 0.025, -5, 0, 0
13.695, 0.025, -5, 0, 0
13.705, 0.025, -5, 0, 0
13.715, 0.025, -5, 0, 0
13.725, 0.025, -5, 0, 0
13.735, 0.025, -5, 0, 0
13.746, 0.025, -5, 0, 0
13.756, 0.025, -5, 0, 0
13.766, 0.025, -5, 0, 0
13.776, 0.025, -5, 0, 0
13.787, 0.025, -5, 0, 0
13.797, 0.025, -5, 0, 0
13.807, 0.025, -5, 0, 0
13.817, 0.025, -5, 0, 0
13.828, 0.025, -5, 0, 0
13.838, 0.025, -5, 0, 0
13.848, 0.025, -5, 0, 0
13.858, 0.025, -5, 0, 0
13.869, 0.025, -5, 0, 0
13.879, 0.025, -5, 0, 0
13.89, 0.025, -5, 0, 0
13.9, 0.025, -5, 0, 0
13.911, 0.025, -5, 0, 0
13.921, 0.025, -5, 0, 0
13.931, 0.025, -5, 0, 0
13.942, 0.025, -5, 0, 0
13.952, 0.025, -5, 0, 0
13.962, 0.025, -5, 0, 0
13.973, 0.025, -5, 0, 0
13.983, 0.025, -5, 0, 0
13.993, 0.025, -5, 0, 0
14.003, 0.025, -5, 0, 0
14.013, 0.025, -5, 0, 0
14.024, 0.025, -5, 0, 0
14.034, 0.025, -5, 0, 0
14.044, 0.025, -5, 0, 0
14.054, 0.025, -5, 0, 0
14.064, 0.025, -5, 0, 0
14.075, 0.025, -5, 0, 0
14.085, 0.025, -5, 0, 0
14.096, 0.025, -5, 0, 0
14.106, 0.025, -5, 0, 0
14.116, 0.025, -5, 0, 0
14.127, 0.025, -5, 0, 0
14.137, 0.025, -5, 0, 0
14.147, 0.025, -5, 0, 0
14.157, 0.025, -5, 0, 0
14.167, 0.025, -5, 0, 0
14.178, 0.025, -5, 0, 0
14.188, 0.025, -5, 0, 0
14.198, 0.025, -5, 0, 0
14.208, 0.025, -5, 0, 0
14.219, 0.025, -5, 0, 0
14.229, 0.025, -5, 0, 0
14.239, 0.025, -5, 0, 0
14.249, 0.025, -5, 0, 0
14.259, 0.025, -5, 0, 0
14.27, 0.025, -5, 0, 0
14.28, 0.025, -5, 0, 0
14.29, 0.025, -5, 0, 0
14.3, 0.025, -5, 0, 0
14.311, 0.025, -5, 0, 0
14.321, 0.025, -5, 0, 0
14.331, 0.025, -5, 0, 0
14.341, 0.025, -5, 0, 0
14.351, 0.025, -5, 0, 0
14.362, 0.025, -5, 0, 0
14.372, 0.025, -5, 0, 0
14.382, 0.025, -5, 0, 0
14.392, 0.025, -5, 0, 0
14.403, 0.025, -5, 0, 0
14.413, 0.025, -5, 0, 0
14.424, 0.025, -5, 0, 0
14.434, 0.025, -5, 0, 0
14.444, 0.025, -5, 0, 0
14.455, 0.025, -5, 0, 0
14.465, 0.025, -5, 0, 0
14.475, 0.025, -5, 0, 0
14.485, 0.025, -5, 0, 0
14.495, 0.025, -5, 0, 0
14.506, 0.025, -5, 0, 0
14.516, 0.025, -5, 0, 0
14.526, 0.025, -5, 0, 0
14.537, 0.025, -5, 0, 0
14.547, 0.025, -5, 0, 0
14.557, 0.025, -5, 0, 0
14.567, 0.025, -5, 0, 0
14.577, 0.025, -5, 0, 0
14.588, 0.025, -5, 0, 0
14.598, 0.025, -5, 0, 0
14.608, 0.025, -5, 0, 0
14.618, 0.025, -5, 0, 0
14.682, 0.025, -5, 0, 0
14.692, 0.025, -5, 0, 0
14.703, 0.025, -5, 0, 0
14.713, 0.025, -5, 0, 0
14.724, 0.025, -5, 0, 0
14.734, 0.025, -5, 0, 0
14.744, 0.025, -5, 0, 0
14.754, 0.025, -5, 0, 0
14.765, 0.025, -5, 0, 0
14.775, 0.025, -5, 0, 0
14.786, 0.025, -5, 0, 0
14.796, 0.025, -5, 0, 0
14.807, 0.025, -5, 0, 0
14.817, 0.025, -5, 0, 0
14.827, 0.025, -5, 0, 0
14.838, 0.025, -5, 0, 0
14.848, 0.025, -5, 0, 0
14.858, 0.025, -5, 0, 0
14.868, 0.025, -5, 0, 0
14.878, 0.025, -5, 0, 0
14.889, 0.025, -5, 0, 0
14.899, 0.025, -5, 0, 0
14.909, 0.025, -5, 0, 0
14.919, 0.025, -5, 0, 0
14.929, 0.025, -5, 0, 0
14.94, 0.025, -5, 0, 0
14.95, 0.025, -5, 0, 0
14.961, 0.025, -5, 0, 0
14.971, 0.025, -5, 0, 0
14.981, 0.025, -5, 0, 0
14.992, 0.025, -5, 0, 0
15.002, 0.025, -5, 0, 0
15.012, 0.025, -5, 0, 0
15.381, 0.025, -5, 0, 0
15.391, 0.025, -5, 0, 0
15.401, 0.025, -5, 0, 0
15.412, 0.025, -5, 0, 0
15.422, 0.025, -5, 0, 0
15.432, 0.025, -5, 0, 0
15.443, 0.025, -5, 0, 0
15.453, 0.025, -5, 0, 0
15.463, 0.025, -5, 0, 0
15.473, 0.025, -5, 0, 0
15.483, 0.025, -5, 0, 0
15.494, 0.025, -5, 0, 0
15.504, 0.025, -5, 0, 0
15.514, 0.025, -5, 0, 0
15.525, 0.025, -5, 0, 0
15.535, 0.025, -5, 0, 0
15.545, 0.025, -5, 0, 0
15.556, 0.025, -5, 0, 0
15.566, 0.025, -5, 0, 0
15.576, 0.025, -5, 0, 0
15.586, 0.025, -5, 0, 0
15.597, 0.025, -5, 0, 0
15.607, 0.025, -5, 0, 0
15.617, 0.025, -5, 0, 0
15.627, 0.025, -5, 0, 0
15.638, 0.025, -5, 0, 0
15.648, 0.025, -5, 0, 0
15.658, 0.025, -5, 0, 0
15.668, 0.025, -5, 0, 0
15.678, 0.025, -5, 0, 0
15.689, 0.025, -5, 0, 0
15.699, 0.025, -5, 0, 0
15.709, 0.025, -5, 0, 0
15.719, 0.025, -5, 0, 0
15.729, 0.025, -5, 0, 0
15.74, 0.025, -5, 0, 0
15.75, 0.025, -5, 0, 0
15.76, 0.025, -5, 0, 0
15.771, 0.025, -5, 0, 0
15.781, 0.025, -5, 0, 0
15.792, 0.025, -5, 0, 0
15.802, 0.025, -5, 0, 0
15.812, 0.025, -5, 0, 0
15.823, 0.025, -5, 0, 0
15.833, 0.025, -5, 0, 0
15.843, 0.025, -5, 0, 0
15.853, 0.025, -5, 0, 0
15.864, 0.025, -5, 0, 0
15.874, 0.025, -5, 0, 0
15.884, 0.025, -5, 0, 0
15.895, 0.025, -5, 0, 0
15.906, 0.025, -5, 0, 0
15.916, 0.025, -5, 0, 0
15.926, 0.025, -5, 0, 0
15.937, 0.025, -5, 0, 0
15.947, 0.025, -5, 0, 0
15.958, 0.025, -5, 0, 0
15.968, 0.025, -5, 0, 0
15.978, 0.025, -5, 0, 0
15.988, -0, -5, 0, 0
