0.005, 1, 180, 0, 0
0.019, 1, 180, 0.136778, 0
0.032, 1, 180, 0.547112, 0
0.046, 1, 180, 1.09422, 50.6961
0.06, 1, 180, 1.8465, 58.0552
0.075, 1, 180, 2.73556, 60.0431
0.089, 1, 180, 3.82979, 60.0958
0.103, 1, 180, 4.9924, 111.111
0.117, 1, 180, 6.42857, 116.605
0.131, 1, 180, 7.93313, 122.123
0.145, 1, 180, 9.57447, 192.104
0.158, 1, 180, 11.421, 119.353
0.17, 1, 180, 13.2675, 176.109
0.184, 1, 180, 15.3875, 167.21
0.198, 1, 180, 17.5076, 329.586
0.211, 1, 180, 19.6277, 106.834
0.223, 1, 180, 21.6109, 181.886
0.237, 1, 180, 23.731, 0
0.249, 1, 180, 25.9195, 122.014
0.263, 1, 180, 27.5608, 556.511
0.274, 1, 180, 29.5441, 3128.91
0.285, 1, 180, 31.6641, 0
0.296, 1, 180, 32.7584, 7228.11
0.307, 1, 180, 34.8784, 429.734
0.319, 1, 180, 37.0669, 182.858
0.33, 1, 180, 38.1611, 145.819
0.341, 1, 180, 40.2128, 7815.89
0.352, 1, 180, 42.1277, 3287.94
0.363, 1, 180, 44.1793, 2218.02
0.373, 1, 180, 46.0258, 245.783
0.385, 1, 180, 48.0091, 0
0.397, 1, 180, 49.3769, 3980.32
0.407, 1, 180, 51.3602, 500.103
0.419, 1, 180, 53.2067, 489.367
0.43, 1, 180, 55.3951, 247.115
0.442, 1, 180, 57.4468, 0
0.452, 1, 180, 58.541, 390.795
0.464, 1, 180, 60.7295, 499.646
0.475, 1, 180, 62.8495, 251.662
0.487, 1, 180, 64.9696, 719.885
0.498, 1, 180, 66.8161, 0
0.508, 1, 180, 67.9103, 3799.39
0.519, 1, 180, 70.0304, 2088.22
0.53, 1, 180, 72.0137, 984.015
0.541, 1, 180, 73.8602, 5.72617e+09
0.552, 1, 180, 74.9544, 712.386
0.565, 1, 180, 77.2112, 3124.37
0.576, 1, 180, 79.2629, 427.814
0.588, 1, 180, 81.383, 6411.47
0.599, 1, 180, 82.5456, 96.4585
0.611, 1, 180, 84.5289, 802.399
0.622, 1, 180, 86.7173, 546.627
0.634, 1, 180, 89.1109, 0
0.644, 1, 180, 90.2736, 560.566
0.655, 1, 180, 92.3936, 368.674
0.667, 1, 180, 94.5821, 0
0.677, 1, 180, 95.6763, 687.013
0.688, 1, 180, 97.8647, 373.711
0.7, 1, 180, 0, 0
0.711, 1, 180, 101.968, 0
0.721, 1, 180, 102.926, 0
0.732, 1, 180, 104.772, 162.084
0.743, 1, 180, 106.55, 0
0.754, 1, 180, 108.397, 0
0.764, 1, 180, 110.175, 2849.54
0.775, 1, 180, 112.021, 0
0.787, 1, 180, 113.799, 3108.59
0.798, 1, 180, 115.646, 0
0.809, 1, 180, 117.424, 0
0.819, 1, 180, 119.271, 0
0.829, 1, 180, 121.049, 2072.4
0.84, 1, 180, 122.827, 2973.44
0.851, 1, 180, 124.673, 0
0.861, 1, 180, 126.52, 0
0.872, 1, 180, 128.298, 2532.93
0.882, 1, 180, 130.144, 0
0.893, 1, 180, 131.307, 0
0.904, 1, 180, 133.085, 2630.35
0.915, 1, 180, 134.863, 0
0.926, 1, 180, 136.71, 0
0.936, 1, 180, 138.488, 0
0.947, 1, 180, 140.266, 1953.97
0.958, 1, 180, 142.249, 0
0.968, 1, 180, 143.959, 1668.03
0.979, 1, 180, 145.805, 0
0.989, 1, 180, 147.515, 0
0.999, 1, 180, 149.293, 2973.44
1.01, 1, 180, 150.182, 0
1.02, 1, 180, 152.029, 0
1.033, 1, 180, 154.354, 0
1.043, 1, 180, 156.132, 0
1.054, 1, 180, 157.979, 556.009
1.064, 1, 180, 159.825, 0
1.075, 1, 180, 161.672, 0
1.085, 1, 180, 163.45, 0
1.096, 1, 180, 164.407, 0
1.106, 1, 180, 166.254, 0
1.118, 1, 180, 168.1, 0
1.128, 1, 180, 169.947, 0
1.139, 1, 180, 171.862, 0
1.149, 1, 180, 173.64, 0
1.16, 1, 180, 175.555, 0
1.172, 1, 180, 177.333, 0
1.182, 0.854863, 180, 179.179, 0
1.193, 0.0341945, 180, 180.821, 0
1.205, 0.683891, 180, 181.71, 0
1.216, 0.957447, 180, 182.12, 0
1.227, 1, 180, 182.188, 0
1.237, 1, 180, 182.188, 0
1.248, 1, 180, 182.052, 0
1.258, 0.957447, 180, 181.778, 0
1.269, 0.820669, 180, 181.368, 0
1.279, 0.615502, 180, 181.026, 0
1.289, 0.478723, 180, 180.821, 0
1.3, 0.273556, 180, 180.41, 0
1.311, 0.136778, 180, 180.205, 0
1.321, 0.0683891, 180, 180.137, 0
1.332, 0.0683891, 180, 180.137, 0
1.343, 0.0683891, 180, 180.137, 0
1.354, 0.0683891, 180, 180.137, 0
1.365, 0.0683891, 180, 180.137, 0
1.376, 0.0683891, 180, 180.137, 0
1.386, 0.0683891, 180, 180.137, 0
1.397, 0.0683891, 180, 180.137, 0
1.407, 0.0683891, 180, 180.137, 0
1.417, 0.0683891, 180, 180.137, 0
1.429, 0.0683891, 180, 180.137, 0
1.44, 0.0683891, 180, 180.137, 0
1.451, 0.0683891, 180, 180.137, 0
1.461, 0.0683891, 180, 180.137, 0
1.472, 0.0683891, 180, 180.137, 0
1.482, 0.0683891, 180, 180.137, 0
1.493, 0.0683891, 180, 180.137, 0
1.503, 0.0683891, 180, 180.137, 0
1.513, 0.0683891, 180, 180.137, 0
1.524, 0.0683891, 180, 180.137, 0
1.534, 0.0683891, 180, 180.137, 0
1.545, 0.0683891, 180, 180.137, 0
1.555, 0.0683891, 180, 180.137, 0
1.566, 0.0683891, 180, 180.137, 0
1.576, 0.0683891, 180, 180.137, 0
1.587, 0.0683891, 180, 180.137, 0
1.597, 0.0683891, 180, 180.137, 0
1.607, 0.0683891, 180, 180.137, 0
1.618, 0.0683891, 180, 180.137, 0
1.63, 0.0683891, 180, 180.137, 0
1.64, 0.0683891, 180, 180.137, 0
1.65, 0.0683891, 180, 180.137, 0
1.661, 0.0683891, 180, 180.137, 0
1.671, 0.0683891, 180, 180.137, 0
1.682, 0.0683891, 180, 180.137, 0
1.692, 0.0683891, 180, 180.137, 0
1.703, 0.0683891, 180, 180.137, 0
1.713, 0.0683891, 180, 180.137, 0
1.724, 0.0683891, 180, 180.137, 0
1.734, 0.0683891, 180, 180.137, 0
1.745, 0.0683891, 180, 180.137, 0
1.755, 0.0683891, 180, 180.137, 0
1.766, 0.0683891, 180, 180.137, 0
1.776, 0.0683891, 180, 180.137, 0
1.786, 0.0683891, 180, 180.137, 0
1.797, 0.0683891, 180, 180.137, 0
1.807, 0.0683891, 180, 180.137, 0
1.817, 0.0683891, 180, 180.137, 0
1.828, 0.0683891, 180, 180.137, 0
1.838, 0.0683891, 180, 180.137, 0
1.849, 0.0683891, 180, 180.137, 0
1.859, 0.0683891, 180, 180.137, 0
1.87, 0.0683891, 180, 180.137, 0
1.88, 0.0683891, 180, 180.137, 0
1.89, 0.0683891, 180, 180.137, 0
1.9, 0.0683891, 180, 180.137, 0
1.911, 0.0683891, 180, 180.137, 0
1.921, 0.0683891, 180, 180.137, 0
1.931, 0.0683891, 180, 180.137, 0
1.942, 0.0683891, 180, 180.137, 0
1.952, 0.0683891, 180, 180.137, 0
1.962, 0.0683891, 180, 180.137, 0
1.973, 0.0683891, 180, 180.137, 0
1.983, 0.0683891, 180, 180.137, 0
1.993, 0.0683891, 180, 180.137, 0
2.004, 0.0683891, 180, 180.137, 0
2.014, 0.0683891, 180, 180.137, 0
2.024, 0.0683891, 180, 180.137, 0
2.035, 0.0683891, 180, 180.137, 0
2.046, 0.0683891, 180, 180.137, 0
2.056, 0.0683891, 180, 180.137, 0
2.066, 0.0683891, 180, 180.137, 0
2.077, 0.0683891, 180, 180.137, 0
2.087, 0.0683891, 180, 180.137, 0
2.098, 0.0683891, 180, 180.137, 0
2.108, 0.0683891, 180, 180.137, 0
2.118, 0.0683891, 180, 180.137, 0
2.129, 0.0683891, 180, 180.137, 0
2.139, 0.0683891, 180, 180.137, 0
2.15, 0.0683891, 180, 180.137, 0
2.16, 0.0683891, 180, 180.137, 0
2.17, 0.0683891, 180, 180.137, 0
2.181, 0.0683891, 180, 180.137, 0
2.191, 0.0683891, 180, 180.137, 0
2.202, 0.0683891, 180, 180.137, 0
2.212, 0.0683891, 180, 180.137, 0
2.223, 0.0683891, 180, 180.137, 0
2.233, 0.0683891, 180, 180.137, 0
2.244, 0.0683891, 180, 180.137, 0
2.254, 0.0683891, 180, 180.137, 0
2.265, 0.0683891, 180, 180.137, 0
2.275, 0.0683891, 180, 180.137, 0
2.285, 0.0683891, 180, 180.137, 0
2.296, 0.0683891, 180, 180.137, 0
2.306, 0.0683891, 180, 180.137, 0
2.316, 0.0683891, 180, 180.137, 0
2.327, 0.0683891, 180, 180.137, 0
2.337, 0.0683891, 180, 180.137, 0
2.348, 0.0683891, 180, 180.137, 0
2.358, 0.0683891, 180, 180.137, 0
2.368, 0.0683891, 180, 180.137, 0
2.378, 0.0683891, 180, 180.137, 0
2.389, 0.0683891, 180, 180.137, 0
2.399, 0.0683891, 180, 180.137, 0
2.41, 0.0683891, 180, 180.137, 0
2.42, 0.0683891, 180, 180.137, 0
2.432, 0.0683891, 180, 180.137, 0
2.442, 0.0683891, 180, 180.137, 0
2.452, 0.0683891, 180, 180.137, 0
2.463, 0.0683891, 180, 180.137, 0
2.474, 0.0683891, 180, 180.137, 0
2.484, 0.0683891, 180, 180.137, 0
2.494, 0.0683891, 180, 180.137, 0
2.505, 0.0683891, 180, 180.137, 0
2.515, 0.0683891, 180, 180.137, 0
2.525, 0.0683891, 180, 180.137, 0
2.536, 0.0683891, 180, 180.137, 0
2.546, 0.0683891, 180, 180.137, 0
2.556, 0.0683891, 180, 180.137, 0
2.567, 0.0683891, 180, 180.137, 0
2.577, 0.0683891, 180, 180.137, 0
2.588, 0.0683891, 180, 180.137, 0
2.598, 0.0683891, 180, 180.137, 0
2.609, 0.0683891, 180, 180.137, 0
2.619, 0.0683891, 180, 180.137, 0
2.63, 0.0683891, 180, 180.137, 0
2.64, 0.0683891, 180, 180.137, 0
2.651, 0.0683891, 180, 180.137, 0
2.663, 0.0683891, 180, 180.137, 0
2.673, 0.0683891, 180, 180.137, 0
2.683, 0.0683891, 180, 180.137, 0
2.694, 0.0683891, 180, 180.137, 0
2.704, 0.0683891, 180, 180.137, 0
2.714, 0.0683891, 180, 180.137, 0
2.725, 0.0683891, 180, 180.137, 0
2.735, 0.0683891, 180, 180.137, 0
2.745, 0.0683891, 180, 180.137, 0
2.755, 0.0683891, 180, 180.137, 0
2.766, 0.0683891, 180, 180.137, 0
2.776, 0.0683891, 180, 180.137, 0
2.786, 0.0683891, 180, 180.137, 0
2.797, 0.0683891, 180, 180.137, 0
2.807, 0.0683891, 180, 180.137, 0
2.817, 0.0683891, 180, 180.137, 0
2.828, 0.0683891, 180, 180.137, 0
2.838, 0.0683891, 180, 180.137, 0
2.848, 0.0683891, 180, 180.137, 0
2.859, 0.0683891, 180, 180.137, 0
2.869, 0.0683891, 180, 180.137, 0
2.879, 0.0683891, 180, 180.137, 0
2.89, 0.0683891, 180, 180.137, 0
2.9, 0.0683891, 180, 180.137, 0
2.91, 0.0683891, 180, 180.137, 0
2.921, 0.0683891, 180, 180.137, 0
2.932, 0.0683891, 180, 180.137, 0
2.942, 0.0683891, 180, 180.137, 0
2.953, 0.0683891, 180, 180.137, 0
2.963, 0.0683891, 180, 180.137, 0
2.973, 0.0683891, 180, 180.137, 0
2.984, 0.0683891, 180, 180.137, 0
2.994, 0.0683891, 180, 180.137, 0
3.004, 0.0683891, 180, 180.137, 0
3.015, 0.0683891, 180, 180.137, 0
3.028, 0.0683891, 180, 180.137, 0
3.038, 0.0683891, 180, 180.137, 0
3.049, 0.0683891, 180, 180.137, 0
3.059, 0.0683891, 180, 180.137, 0
3.07, 0.0683891, 180, 180.137, 0
3.08, 0.0683891, 180, 180.137, 0
3.096, 0.0683891, 180, 180.137, 0
3.106, 0.0683891, 180, 180.137, 0
3.117, 0.0683891, 180, 180.137, 0
3.127, 0.0683891, 180, 180.137, 0
3.137, 0.0683891, 180, 180.137, 0
3.148, 0.0683891, 180, 180.137, 0
3.158, 0.0683891, 180, 180.137, 0
3.168, 0.0683891, 180, 180.137, 0
3.179, 0.0683891, 180, 180.137, 0
3.19, 0.0683891, 180, 180.137, 0
3.2, 0.0683891, 180, 180.137, 0
3.21, 0.0683891, 180, 180.137, 0
3.221, 0.0683891, 180, 180.137, 0
3.231, 0.0683891, 180, 180.137, 0
3.241, 0.0683891, 180, 180.137, 0
3.252, 0.0683891, 180, 180.137, 0
3.262, 0.0683891, 180, 180.137, 0
3.272, 0.0683891, 180, 180.137, 0
3.283, 0.0683891, 180, 180.137, 0
3.293, 0.0683891, 180, 180.137, 0
3.303, 0.0683891, 180, 180.137, 0
3.313, 0.0683891, 180, 180.137, 0
3.324, 0.0683891, 180, 180.137, 0
3.334, 0.0683891, 180, 180.137, 0
3.344, 0.0683891, 180, 180.137, 0
3.354, 0.0683891, 180, 180.137, 0
3.365, 0.0683891, 180, 180.137, 0
3.375, 0.0683891, 180, 180.137, 0
3.386, 0.0683891, 180, 180.137, 0
3.396, 0.0683891, 180, 180.137, 0
3.406, 0.0683891, 180, 180.137, 0
3.417, 0.0683891, 180, 180.137, 0
3.427, 0.0683891, 180, 180.137, 0
3.437, 0.0683891, 180, 180.137, 0
3.448, 0.0683891, 180, 180.137, 0
3.458, 0.0683891, 180, 180.137, 0
3.469, 0.0683891, 180, 180.137, 0
3.48, 0.0683891, 180, 180.137, 0
3.49, 0.0683891, 180, 180.137, 0
3.5, 0.0683891, 180, 180.137, 0
3.511, 0.0683891, 180, 180.137, 0
3.521, 0.0683891, 180, 180.137, 0
3.531, 0.0683891, 180, 180.137, 0
3.542, 0.0683891, 180, 180.137, 0
3.552, 0.0683891, 180, 180.137, 0
3.562, 0.0683891, 180, 180.137, 0
3.572, 0.0683891, 180, 180.137, 0
3.583, 0.0683891, 180, 180.137, 0
3.593, 0.0683891, 180, 180.137, 0
3.604, 0.0683891, 180, 180.137, 0
3.614, 0.0683891, 180, 180.137, 0
3.624, 0.0683891, 180, 180.137, 0
3.635, 0.0683891, 180, 180.137, 0
3.645, 0.0683891, 180, 180.137, 0
3.655, 0.0683891, 180, 180.137, 0
3.666, 0.0683891, 180, 180.137, 0
3.676, 0.0683891, 180, 180.137, 0
3.686, 0.0683891, 180, 180.137, 0
3.697, 0.0683891, 180, 180.137, 0
3.707, 0.0683891, 180, 180.137, 0
3.717, 0.0683891, 180, 180.137, 0
3.728, 0.0683891, 180, 180.137, 0
3.738, 0.0683891, 180, 180.137, 0
3.748, 0.0683891, 180, 180.137, 0
3.759, 0.0683891, 180, 180.137, 0
3.769, 0.0683891, 180, 180.137, 0
3.779, 0.0683891, 180, 180.137, 0
3.789, 0.0683891, 180, 180.137, 0
3.8, 0.0683891, 180, 180.137, 0
3.81, 0.0683891, 180, 180.137, 0
3.82, 0.0683891, 180, 180.137, 0
3.831, 0.0683891, 180, 180.137, 0
3.841, 0.0683891, 180, 180.137, 0
3.852, 0.0683891, 180, 180.137, 0
3.862, 0.0683891, 180, 180.137, 0
3.872, 0.0683891, 180, 180.137, 0
3.883, 0.0683891, 180, 180.137, 0
3.893, 0.0683891, 180, 180.137, 0
3.903, 0.0683891, 180, 180.137, 0
3.914, 0.0683891, 180, 180.137, 0
3.925, 0.0683891, 180, 180.137, 0
3.935, 0.0683891, 180, 180.137, 0
3.946, 0.0683891, 180, 180.137, 0
3.956, 0.0683891, 180, 180.137, 0
3.967, 0.0683891, 180, 180.137, 0
3.977, 0.0683891, 180, 180.137, 0
3.987, 0.0683891, 180, 180.137, 0
3.998, 0.0683891, 180, 180.137, 0
4.008, 0.0683891, 180, 180.137, 0
4.019, 0.0683891, 180, 180.137, 0
4.029, 0.0683891, 180, 180.137, 0
4.04, 0.0683891, 180, 180.137, 0
4.05, 0.0683891, 180, 180.137, 0
4.06, 0.0683891, 180, 180.137, 0
4.071, 0.0683891, 180, 180.137, 0
4.081, 0.0683891, 180, 180.137, 0
4.092, 0.0683891, 180, 180.137, 0
4.102, 0.0683891, 180, 180.137, 0
4.112, 0.0683891, 180, 180.137, 0
4.123, 0.0683891, 180, 180.137, 0
4.133, 0.0683891, 180, 180.137, 0
4.144, 0.0683891, 180, 180.137, 0
4.155, 0.0683891, 180, 180.137, 0
4.166, 0.0683891, 180, 180.137, 0
4.176, 0.0683891, 180, 180.137, 0
4.187, 0.0683891, 180, 180.137, 0
4.198, 0.0683891, 180, 180.137, 0
4.208, 0.0683891, 180, 180.137, 0
4.218, 0.0683891, 180, 180.137, 0
4.229, 0.0683891, 180, 180.137, 0
4.239, 0.0683891, 180, 180.137, 0
4.249, 0.0683891, 180, 180.137, 0
4.26, 0.0683891, 180, 180.137, 0
4.27, 0.0683891, 180, 180.137, 0
4.281, 0.0683891, 180, 180.137, 0
4.292, 0.0683891, 180, 180.137, 0
4.302, 0.0683891, 180, 180.137, 0
4.313, 0.0683891, 180, 180.137, 0
4.323, 0.0683891, 180, 180.137, 0
4.334, 0.0683891, 180, 180.137, 0
4.344, 0.0683891, 180, 180.137, 0
4.355, 0.0683891, 180, 180.137, 0
4.365, 0.0683891, 180, 180.137, 0
4.375, 0.0683891, 180, 180.137, 0
4.385, 0.0683891, 180, 180.137, 0
4.396, 0.0683891, 180, 180.137, 0
4.406, 0.0683891, 180, 180.137, 0
4.417, 0.0683891, 180, 180.137, 0
4.427, 0.0683891, 180, 180.137, 0
4.438, 0.0683891, 180, 180.137, 0
4.449, 0.0683891, 180, 180.137, 0
4.46, 0.0683891, 180, 180.137, 0
4.471, 0.0683891, 180, 180.137, 0
4.482, 0.0683891, 180, 180.137, 0
4.492, 0.0683891, 180, 180.137, 0
4.503, 0.0683891, 180, 180.137, 0
4.513, 0.0683891, 180, 180.137, 0
4.524, 0.0683891, 180, 180.137, 0
4.534, 0.0683891, 180, 180.137, 0
4.545, 0.0683891, 180, 180.137, 0
4.555, 0.0683891, 180, 180.137, 0
4.566, 0.0683891, 180, 180.137, 0
4.576, 0.0683891, 180, 180.137, 0
4.586, 0.0683891, 180, 180.137, 0
4.597, 0.0683891, 180, 180.137, 0
4.607, 0.0683891, 180, 180.137, 0
4.617, 0.0683891, 180, 180.137, 0
4.628, 0.0683891, 180, 180.137, 0
4.638, 0.0683891, 180, 180.137, 0
4.648, 0.0683891, 180, 180.137, 0
4.659, 0.0683891, 180, 180.137, 0
4.669, 0.0683891, 180, 180.137, 0
4.68, 0.0683891, 180, 180.137, 0
4.69, 0.0683891, 180, 180.137, 0
4.701, 0.0683891, 180, 180.137, 0
4.712, 0.0683891, 180, 180.137, 0
4.723, 0.0683891, 180, 180.137, 0
4.734, 0.0683891, 180, 180.137, 0
4.744, 0.0683891, 180, 180.137, 0
4.755, 0.0683891, 180, 180.137, 0
4.765, 0.0683891, 180, 180.137, 0
4.775, 0.0683891, 180, 180.137, 0
4.786, 0.0683891, 180, 180.137, 0
4.796, 0.0683891, 180, 180.137, 0
4.807, 0.0683891, 180, 180.137, 0
4.817, 0.0683891, 180, 180.137, 0
4.827, 0.0683891, 180, 180.137, 0
4.837, 0.0683891, 180, 180.137, 0
4.848, 0.0683891, 180, 180.137, 0
4.858, 0.0683891, 180, 180.137, 0
4.868, 0.0683891, 180, 180.137, 0
4.88, 0.0683891, 180, 180.137, 0
4.89, 0.0683891, 180, 180.137, 0
4.9, 0.0683891, 180, 180.137, 0
4.91, 0.0683891, 180, 180.137, 0
4.921, 0.0683891, 180, 180.137, 0
4.931, 0.0683891, 180, 180.137, 0
4.941, 0.0683891, 180, 180.137, 0
4.952, 0.0683891, 180, 180.137, 0
4.963, 0.0683891, 180, 180.137, 0
4.973, 0.0683891, 180, 180.137, 0
4.983, 0.0683891, 180, 180.137, 0
4.993, 0.0683891, 180, 180.137, 0
5.004, 0.0683891, 180, 180.137, 0
5.014, 0.0683891, 180, 180.137, 0
5.024, 0.0683891, 180, 180.137, 0
5.035, 0.0683891, 180, 180.137, 0
5.045, 0.0683891, 180, 180.137, -2011.44
5.055, 0.0341945, 180, 180.068, 0
5.066, 0.0341945, 180, 180.068, 0
5.079, 0.0341945, 180, 180.068, 0
5.09, 0.0341945, 180, 180043, -4.18287e+08
5.101, 0.0341945, 180, 180.068, 0
5.111, 0.0341945, 180, 180.068, 0
5.122, 0.0341945, 180, 180.068, 0
5.133, 0.0341945, 180, 180.068, 0
5.144, 0.0341945, 180, 180.068, 0
5.154, 0.0341945, 180, 180.068, 0
5.165, 0.0341945, 180, 180.068, 0
5.175, 0.0341945, 180, 180.068, 0
5.186, 0.0341945, 180, 180.068, 0
5.196, 0.0341945, 180, 180.068, 0
5.206, 0.0341945, 180, 180.068, 0
5.217, 0.0341945, 180, 180.068, 0
5.227, 0.0341945, 180, 180.068, 0
5.238, 0.0341945, 180, 180.068, 0
5.248, 0.0341945, 180, 180.068, 0
5.258, 0.0341945, 180, 180.068, 0
5.269, 0.0341945, 180, 180.068, 0
5.28, 0.0341945, 180, 180.068, 0
5.29, 0.0341945, 180, 180.068, 0
5.3, 0.0341945, 180, 180.068, 0
5.311, 0.0341945, 180, 180.068, 0
5.322, 0.0341945, 180, 180.068, 0
5.332, 0.0341945, 180, 180.068, 0
5.342, 0.0341945, 180, 180.068, 0
5.353, 0.0341945, 180, 180.068, 0
5.363, 0.0341945, 180, 180.068, 0
5.373, 0.0341945, 180, 180.068, 0
5.384, 0.0341945, 180, 180.068, 0
5.395, 0.0341945, 180, 180.068, 0
5.405, 0.0341945, 180, 180.068, 0
5.416, 0.0341945, 180, 180.068, 0
5.426, 0.0341945, 180, 180.068, 0
5.436, 0.0341945, 180, 180.068, 0
5.446, 0.0341945, 180, 180.068, 0
5.457, 0.0341945, 180, 180.068, 0
5.467, 0.0341945, 180, 180.068, 0
5.478, 0.0341945, 180, 180.068, 0
5.488, 0.0341945, 180, 180.068, 0
5.498, 0.0341945, 180, 180.068, 0
5.508, 0.0341945, 180, 180.068, 0
5.519, 0.0341945, 180, 180.068, 0
5.529, 0.0341945, 180, 180.068, 0
5.539, 0.0341945, 180, 180.068, 0
5.55, 0.0341945, 180, 180.068, 0
5.56, 0.0341945, 180, 180.068, 0
5.571, 0.0341945, 180, 180.068, 0
5.583, 0.0341945, 180, 180.068, 0
5.594, 0.0341945, 180, 180.068, 0
5.604, 0.0341945, 180, 180.068, 0
5.615, 0.0341945, 180, 180.068, 0
5.626, 0.0341945, 180, 180.068, 0
5.636, 0.0341945, 180, 180.068, 0
5.647, 0.0341945, 180, 180.068, 0
5.657, 0.0341945, 180, 180.068, 0
5.667, 0.0341945, 180, 180.068, 0
5.678, 0.0341945, 180, 180.068, 0
5.688, 0.0341945, 180, 180.068, 0
5.699, 0.0341945, 180, 180.068, 0
5.709, 0.0341945, 180, 180.068, 0
5.72, 0.0341945, 180, 180.068, 0
5.73, 0.0341945, 180, 180.068, 0
5.74, 0.0341945, 180, 180.068, 0
5.751, 0.0341945, 180, 180.068, 0
5.761, 0.0341945, 180, 180.068, 0
5.772, 0.0341945, 180, 180.068, 0
5.782, 0.0341945, 180, 180.068, 0
5.793, 0.0341945, 180, 180.068, 0
5.804, 0.0341945, 180, 180.068, 0
5.815, 0.0341945, 180, 180.068, 0
5.825, 0.0341945, 180, 180.068, 0
5.836, 0.0341945, 180, 180.068, 0
5.846, 0.0341945, 180, 180.068, 0
5.857, 0.0341945, 180, 180.068, 0
5.868, 0.0341945, 180, 180.068, 0
5.878, 0.0341945, 180, 180.068, 0
5.889, 0.0341945, 180, 180.068, 0
5.899, 0.0341945, 180, 180.068, 0
5.91, 0.0341945, 180, 180.068, 0
5.921, 0.0341945, 180, 180.068, 0
5.931, 0.0341945, 180, 180.068, 0
5.942, 0.0341945, 180, 180.068, 0
5.953, 0.0341945, 180, 180.068, 0
5.963, 0.0341945, 180, 180.068, 0
5.974, 0.0341945, 180, 180.068, 0
5.984, 0.0341945, 180, 180.068, 0
5.994, 0.0341945, 180, 180.068, 0
6.005, 0.0341945, 180, 180.068, 0
6.015, 0.0341945, 180, 180.068, 0
6.026, 0.0341945, 180, 180.068, 0
6.036, 0.0341945, 180, 180.068, 0
6.046, 0.0341945, 180, 180.068, 0
6.057, 0.0341945, 180, 180.068, 0
6.067, 0.0341945, 180, 180.068, 0
6.077, 0.0341945, 180, 180.068, 0
6.088, 0.0341945, 180, 180.068, 0
6.098, 0.0341945, 180, 180.068, 0
6.108, 0.0341945, 180, 180.068, 0
6.119, 0.0341945, 180, 180.068, 0
6.129, 0.0341945, 180, 180.068, 0
6.14, 0.0341945, 180, 180.068, 0
6.15, 0.0341945, 180, 180.068, 0
6.16, 0.0341945, 180, 180.068, 0
6.171, 0.0341945, 180, 180.068, 0
6.182, 0.0341945, 180, 180.068, 0
6.192, 0.0341945, 180, 180.068, 0
6.202, 0.0341945, 180, 180.068, 0
6.212, 0.0341945, 180, 180.068, 0
6.223, 0.0341945, 180, 180.068, 0
6.233, 0.0341945, 180, 180.068, 0
6.243, 0.0341945, 180, 180.068, 0
6.254, 0.0341945, 180, 180.068, 0
6.265, 0.0341945, 180, 180.068, 0
6.276, 0.0341945, 180, 180.068, 0
6.286, 0.0341945, 180, 180.068, 0
6.297, 0.0341945, 180, 180.068, 0
6.307, 0.0341945, 180, 180.068, 0
6.318, 0.0341945, 180, 180.068, 0
6.328, 0.0341945, 180, 180.068, 0
6.339, 0.0341945, 180, 180.068, 0
6.35, 0.0341945, 180, 180.068, 0
6.36, 0.0341945, 180, 180.068, 0
6.371, 0.0341945, 180, 180.068, 0
6.381, 0.0341945, 180, 180.068, 0
6.392, 0.0341945, 180, 180.068, 0
6.402, 0.0341945, 180, 180.068, 0
6.413, 0.0341945, 180, 180.068, 0
6.423, 0.0341945, 180, 180.068, 0
6.433, 0.0341945, 180, 180.068, 0
6.444, 0.0341945, 180, 180.068, 0
6.454, 0.0341945, 180, 180.068, 0
6.465, 0.0341945, 180, 180.068, 0
6.475, 0.0341945, 180, 180.068, 0
6.486, 0.0341945, 180, 180.068, 0
6.496, 0.0341945, 180, 180.068, 0
6.507, 0.0341945, 180, 180.068, 0
6.517, 0.0341945, 180, 180.068, 0
6.527, 0.0341945, 180, 180.068, 0
6.538, 0.0341945, 180, 180.068, 0
6.548, 0.0341945, 180, 180.068, 0
6.559, 0.0341945, 180, 180.068, 0
6.57, 0.0341945, 180, 180.068, 0
6.58, 0.0341945, 180, 180.068, 0
6.591, 0.0341945, 180, 180.068, 0
6.601, 0.0341945, 180, 180.068, 0
6.612, 0.0341945, 180, 180.068, 0
6.622, 0.0341945, 180, 180.068, 0
6.634, 0.0341945, 180, 180.068, 0
6.644, 0.0341945, 180, 180.068, 0
6.654, 0.0341945, 180, 180.068, 0
6.665, 0.0341945, 180, 180.068, 0
6.675, 0.0341945, 180, 180.068, 0
6.685, 0.0341945, 180, 180.068, 0
6.696, 0.0341945, 180, 180.068, 0
6.706, 0.0341945, 180, 180.068, 0
6.716, 0.0341945, 180, 180.068, 0
6.726, 0.0341945, 180, 180.068, 0
6.737, 0.0341945, 180, 180.068, 0
6.747, 0.0341945, 180, 180.068, 0
6.758, 0.0341945, 180, 180.068, 0
6.768, 0.0341945, 180, 180.068, 0
6.779, 0.0341945, 180, 180.068, 0
6.789, 0.0341945, 180, 180.068, 0
6.8, 0.0341945, 180, 180.068, 0
6.811, 0.0341945, 180, 180.068, 0
6.821, 0.0341945, 180, 180.068, 0
6.831, 0.0341945, 180, 180.068, 0
6.842, 0.0341945, 180, 180.068, 0
6.852, 0.0341945, 180, 180.068, 0
6.864, 0.0341945, 180, 180.068, 0
6.874, 0.0341945, 180, 180.068, 0
6.884, 0.0341945, 180, 180.068, 0
6.895, 0.0341945, 180, 180.068, 0
6.905, 0.0341945, 180, 180.068, 0
6.916, 0.0341945, 180, 180.068, 0
6.926, 0.0341945, 180, 180.068, 0
6.937, 0.0341945, 180, 180.068, 0
6.947, 0.0341945, 180, 180.068, 0
6.958, 0.0341945, 180, 180.068, 0
6.968, 0.0341945, 180, 180.068, 0
6.978, 0.0341945, 180, 180.068, 0
6.989, 0.0341945, 180, 180.068, 0
7, 0.0341945, 180, 180.068, 0
7.01, 0.0341945, 180, 180.068, 0
7.02, 0.0341945, 180, 180.068, 0
7.031, 0.0341945, 180, 180.068, 0
7.042, 0.0341945, 180, 180.068, 0
7.053, 0.0341945, 180, 180.068, 0
7.063, 0.0341945, 180, 180.068, 0
7.074, 0.0341945, 180, 180.068, 0
7.084, 0.0341945, 180, 180.068, 0
7.094, 0.0341945, 180, 180.068, 0
7.105, 0.0341945, 180, 180.068, 0
7.115, 0.0341945, 180, 180.068, 0
7.125, 0.0341945, 180, 180.068, 0
7.136, 0.0341945, 180, 180.068, 0
7.146, 0.0341945, 180, 180.068, 0
7.157, 0.0341945, 180, 180.068, 0
7.167, 0.0341945, 180, 180.068, 0
7.177, 0.0341945, 180, 180.068, 0
7.188, 0.0341945, 180, 180.068, 0
7.199, 0.0341945, 180, 180.068, 0
7.209, 0.0341945, 180, 180.068, 0
7.22, 0.0341945, 180, 180.068, 0
7.23, 0.0341945, 180, 180.068, 0
7.24, 0.0341945, 180, 180.068, 0
7.251, 0.0341945, 180, 180.068, 0
7.261, 0.0341945, 180, 180.068, 0
7.271, 0.0341945, 180, 180.068, 0
7.281, 0.0341945, 180, 180.068, 0
7.292, 0.0341945, 180, 180.068, 0
7.302, 0.0341945, 180, 180.068, 0
7.312, 0.0341945, 180, 180.068, 0
7.323, 0.0341945, 180, 180.068, 0
7.333, 0.0341945, 180, 180.068, 0
7.343, 0.0341945, 180, 180.068, 0
7.353, 0.0341945, 180, 180.068, 0
7.364, 0.0341945, 180, 180.068, 0
7.374, 0.0341945, 180, 180.068, 0
7.384, 0.0341945, 180, 180.068, 0
7.395, 0.0341945, 180, 180.068, 0
7.405, 0.0341945, 180, 180.068, 0
7.415, 0.0341945, 180, 180.068, 0
7.426, 0.0341945, 180, 180.068, 0
7.436, 0.0341945, 180, 180.068, 0
7.447, 0.0341945, 180, 180.068, 0
7.457, 0.0341945, 180, 180.068, 0
7.467, 0.0341945, 180, 180.068, 0
7.478, 0.0341945, 180, 180.068, 0
7.488, 0.0341945, 180, 180.068, 0
7.499, 0.0341945, 180, 180.068, 0
7.509, 0.0341945, 180, 180.068, 0
7.519, 0.0341945, 180, 180.068, 0
7.529, 0.0341945, 180, 180.068, 0
7.54, 0.0341945, 180, 180.068, 0
7.55, 0.0341945, 180, 180.068, 0
7.56, 0.0341945, 180, 180.068, 0
7.571, 0.0341945, 180, 180.068, 0
7.581, 0.0341945, 180, 180.068, 0
7.592, 0.0341945, 180, 180.068, 0
7.602, 0.0341945, 180, 180.068, 0
7.612, 0.0341945, 180, 180.068, 0
7.623, 0.0341945, 180, 180.068, 0
7.633, 0.0341945, 180, 180.068, 0
7.643, 0.0341945, 180, 180.068, 0
7.654, 0.0341945, 180, 180.068, 0
7.665, 0.0341945, 180, 180.068, 0
7.675, 0.0341945, 180, 180.068, 0
7.686, 0.0341945, 180, 180.068, 0
7.696, 0.0341945, 180, 180.068, 0
7.707, 0.0341945, 180, 180.068, 0
7.718, 0.0341945, 180, 180.068, 0
7.729, 0.0341945, 180, 180.068, 0
7.739, 0.0341945, 180, 180.068, 0
7.749, 0.0341945, 180, 180.068, 0
7.76, 0.0341945, 180, 180.068, 0
7.77, 0.0341945, 180, 180.068, 0
7.781, 0.0341945, 180, 180.068, 0
7.792, 0.0341945, 180, 180.068, 0
7.803, 0.0341945, 180, 180.068, 0
7.813, 0.0341945, 180, 180.068, 0
7.823, 0.0341945, 180, 180.068, 0
7.833, 0.0341945, 180, 180.068, 0
7.844, 0.0341945, 180, 180.068, 0
7.854, 0.0341945, 180, 180.068, 0
7.865, 0.0341945, 180, 180.068, 0
7.875, 0.0341945, 180, 180.068, 0
7.885, 0.0341945, 180, 180.068, 0
7.896, 0.0341945, 180, 180.068, 0
7.907, 0.0341945, 180, 180.068, 0
7.918, 0.0341945, 180, 180.068, 0
7.928, 0.0341945, 180, 180.068, 0
7.938, 0.0341945, 180, 180.068, 0
7.949, 0.0341945, 180, 180.068, 0
7.959, 0.0341945, 180, 180.068, 0
7.969, 0.0341945, 180, 180.068, 0
7.98, 0.0341945, 180, 180.068, 0
7.99, 0.0341945, 180, 180.068, 0
8, 0.0341945, 180, 180.068, 0
8.01, 0.0341945, 180, 180.068, 0
8.021, 0.0341945, 180, 180.068, 0
8.031, 0.0341945, 180, 180.068, 0
8.041, 0.0341945, 180, 180.068, 0
8.052, 0.0341945, 180, 180.068, 0
8.062, 0.0341945, 180, 180.068, 0
8.073, 0.0341945, 180, 180.068, 0
8.083, 0.0341945, 180, 180.068, 0
8.093, 1, 180, 0, 0
8.104, 1, 180, 0, 0
8.114, 1, 180, 0, 0
8.124, 1, 180, 0, 0
8.135, 1, 180, 0, 0
8.145, 1, 180, 0, 0
8.156, 1, 180, 0, 0
8.166, 1, 180, 0, 0
8.176, 1, 180, 0, 0
8.187, 1, 180, 0, 0
8.197, 1, 180, 0, 0
8.207, 1, 180, 0, 0
8.218, 1, 180, 0, 0
8.228, 1, 180, 0, 0
8.238, 1, 180, 0, 0
8.249, 1, 180, 0, 0
8.259, 1, 180, 0, 0
8.269, 1, 180, 0, 0
8.28, 1, 180, 0, 0
8.29, 1, 180, 0, 0
8.3, 1, 180, 0, 0
8.31, 1, 180, 0, 0
8.321, 1, 180, 0, 0
8.331, 1, 180, 0, 0
8.342, 1, 180, 0, 0
8.353, 1, 180, 0, 0
8.363, 1, 180, 0, 0
8.374, 1, 180, 0, 0
8.384, 1, 180, 0, 0
8.394, 1, 180, 0, 0
8.404, 1, 180, 0, 0
8.415, 1, 180, 0, 0
8.425, 1, 180, 0, 0
8.435, 1, 180, 0, 0
8.446, 1, 180, 0, 0
8.456, 1, 180, 0, 0
8.467, 1, 180, 0, 0
8.477, 1, 180, 0, 0
8.488, 1, 180, 0, 0
8.498, 1, 180, 0, 0
8.508, 1, 180, 0, 0
8.519, 1, 180, 0, 0
8.529, 1, 180, 0, 0
8.54, 1, 180, 0, 0
8.55, 1, 180, 0, 0
8.56, 1, 180, 0, 0
8.57, 1, 180, 0, 0
8.581, 1, 180, 0, 0
8.591, 1, 180, 0, 0
8.601, 1, 180, 0, 0
8.611, 1, 180, 0, 0
8.622, 1, 180, 0, 0
