0, 0, 0, 0, 0
0.017, 1, 180, 0, 0
0.031, 1, 180, -0.547112, 0
0.041, 1, 180, -1.36778, 0
0.051, 1, 180, -1.91489, 0
0.062, 1, 180, -2.5304, 0
0.072, 1, 180, -3.35106, 0
0.082, 1, 180, -4.03495, 0
0.092, 1, 180, -4.85562, 0
0.103, 1, 180, -5.74468, 0
0.114, 1, 180, -6.49696, 0
0.124, 1, 180, -7.24924, 0
0.134, 1, 180, -7.86474, -768.416
0.145, 1, 180, -8.61702, 0
0.155, 1, 180, -9.3693, -2011.44
0.165, 1, 180, -10.2584, 0
0.176, 1, 180, -11.0106, 0
0.186, 1, 180, -11.7629, -6217.19
0.196, 1, 180, -12.5152, 0
0.207, 1, 180, -13.1307, 0
0.217, 1, 180, -14.0198, 0
0.228, 1, 180, -14.772, 0
0.238, 1, 180, -15.5927, 0
0.248, 1, 180, -16.2082, 0
0.258, 1, 180, -16.8921, 0
0.269, 1, 180, -17.7812, 0
0.279, 1, 180, -18.3967, -690.799
0.289, 1, 180, -19.3541, 0
0.3, 1, 180, -20.1064, 0
0.311, 1, 180, -20.7903, 0
0.321, 1, 180, -20.7903, -2.47436e+07
0.332, 1, 180, -22.0897, 0
0.342, 1, 180, -22.7052, 0
0.353, 1, 180, -23.5942, 0
0.363, 1, 180, -24.2097, 0
0.374, 1, 180, -24.8252, 0
0.384, 1, 180, -25.7143, 0
0.394, 1, 180, -26.4666, 0
0.404, 1, 180, -27.3556, 0
0.415, 1, 180, -28.0395, 0
0.426, 1, 180, 4.9924, 0
0.436, 1, 180, 4.3769, 0
0.446, 1, 180, 3.82979, 0
0.457, 1, 180, 3.1459, 0
0.467, 1, 180, 2.5304, -1848.35
0.477, 1, 180, 1.70973, 0
0.488, 1, 180, 1.36778, -1899.7
0.498, 1, 180, 0.341945, 0
0.508, 1, 180, 6.56535, 0
0.518, 1, 180, 6.01824, -1753.57
0.529, 1, 180, 5.26596, 0
0.539, 1, 180, 4.65046, 0
0.549, 1, 180, 3.89818, -12068.7
0.56, 1, 180, 3.21429, 0
0.57, 1, 180, 2.5304, 0
0.58, 1, 180, 1.8465, 0
0.59, 1, 180, 0.957447, 0
0.601, 1, 180, 0.273556, 0
0.611, 1, 180, 6.2234, 0
0.621, 1, 180, 5.47112, 0
0.631, 1, 180, 4.78723, 0
0.642, 1, 180, 4.03495, 0
0.652, 1, 180, 44.5213, -2.53626e+06
0.662, 1, 180, -45.1368, 0
0.672, 1, 180, -45.7523, -1519.76
0.682, 1, 180, -46.0258, -1972.76
0.693, 1, 180, -46.231, 827996
0.703, 1, 180, 6.49696, -6217.19
0.713, 1, 180, 5.74468, -3799.39
0.724, 1, 180, 4.9924, -4022.89
0.734, 1, 180, 4.24012, -1899.7
0.744, 1, 180, 3.48784, -8045.77
0.754, 1, 180, 2.73556, -4662.89
0.764, 1, 180, 1.98328, -3696.71
0.775, 1, 180, 1.16261, -5545.06
0.785, 1, 180, 0.547112, 0
0.795, 1, 180, 6.56535, -3180.89
0.806, 1, 180, 5.74468, -2580.72
0.816, 1, 180, 4.92401, -5699.09
0.826, 1, 180, 4.24012, -5129.18
0.836, 1, 180, 3.48784, -3907.95
0.847, 1, 180, 0, 0
0.857, 1, 180, 1.98328, 18.9166
0.867, 1, 180, 1.29939, 0
0.877, 1, 180, 0.547112, 4.8693e+07
0.888, 1, 180, -61.5502, 0
0.898, 1, 180, -62.234, -1753.57
0.908, 1, 180, -62.9179, -1753.57
0.918, 1, 180, -63.807, 0
0.929, 1, 180, -64.4909, -1848.35
0.939, 1, 180, -65.3116, 1.36778e+13
0.949, 1, 180, 2.12006, 0
0.959, 1, 180, 1.43617, 0
0.97, 1, 180, 0.547112, 0
0.98, 1, 180, 6.77052, -1848.35
0.99, 1, 180, 6.01824, 0
1, 1, 180, 5.12918, 0
1.011, 1, 180, 4.44529, 0
1.021, 1, 180, 3.62462, -1395.7
1.031, 1, 180, 2.94073, 0
1.041, 1, 180, 2.25684, 0
1.051, 1, 180, 1.36778, 0
1.062, 1, 180, 0.75228, 0
1.072, 1, 180, 6.70213, 0
1.082, 1, 180, 6.01824, 0
1.092, 1, 180, 5.19757, 0
1.102, 1, 180, 4.44529, 0
1.113, 1, 180, 3.69301, 0
1.123, 1, 180, 2.94073, 0
1.133, 1, 180, 2.25684, 0
1.143, 1, 180, 1.50456, 0
1.154, 1, 180, 0.75228, 0
1.164, 1, 180, 0, 0
1.174, 1, 180, 6.01824, 0
1.184, 1, 180, 5.26596, 0
1.194, 1, 180, 4.65046, 0
1.205, 1, 180, 3.96657, -1848.35
1.215, 1, 180, 3.00912, 0
1.225, 1, 180, 2.25684, 0
1.236, 1, 180, 1.64134, 0
1.246, 1, 180, 0.683891, 0
1.256, 1, 180, 0.205167, 0
1.266, 1, 180, 6.01824, 0
1.276, 1, 180, 5.33435, 0
1.287, 1, 180, 4.58207, 0
1.297, 1, 180, 3.89818, 0
1.307, 1, 180, 3.35106, 0
1.318, 1, 180, 2.46201, 0
1.328, 1, 180, 1.43617, 0
1.338, 1, 180, 0.75228, -844.309
1.348, 1, 180, 0, 0
1.359, 1, 180, 6.08663, 0
1.369, 1, 180, 5.19757, 0
1.379, 1, 180, 4.51368, 0
1.39, 1, 180, 3.82979, 0
1.4, 1, 180, 3.07751, 0
1.41, 1, 180, 2.32523, 0
1.421, 1, 180, 1.57295, 0
1.431, 1, 180, 0.820669, 0
1.441, 1, 180, 0.136778, 0
1.451, 1, 180, 6.2234, 0
1.462, 1, 180, 5.26596, 0
1.472, 1, 180, 4.58207, 0
1.483, 1, 180, 3.7614, 0
1.493, 1, 180, 3.00912, 0
1.503, 1, 180, 2.39362, 0
1.513, 1, 180, 1.91489, 0
1.524, 1, 180, 1.43617, 0
1.534, 1, 180, 0, 0
1.544, 1, 180, 6.08663, 0
1.554, 1, 180, 5.33435, -1799.71
1.564, 1, 180, 4.65046, -663.971
1.575, 1, 180, 3.89818, 0
1.585, 1, 180, 3.07751, 0
1.595, 1, 180, 3.07751, -1.38581e+14
1.605, 1, 180, -114.278, 0
1.616, 1, 180, -114.962, 0
1.626, 1, 180, -115.646, 0
1.636, 1, 180, -116.467, 0
1.647, 1, 180, -117.356, -1709.73
1.658, 1, 180, -118.108, 0
1.668, 1, 180, 3.82979, 0
1.678, 1, 180, 3.21429, 0
1.689, 1, 180, 2.94073, 0
1.699, 1, 180, 2.18845, -8340.13
1.709, 1, 180, 0.820669, 0
1.719, 1, 180, 0.341945, 0
1.73, 1, 180, 6.2234, 0
1.74, 1, 180, 5.47112, 0
1.75, 1, 180, 4.71884, 0
1.76, 1, 180, 4.10334, 0
1.771, 1, 180, 3.28267, 0
1.781, 1, 180, 2.59878, 0
1.791, 1, 180, 1.64134, 0
1.802, 1, 180, 0.889058, 0
1.812, 1, 180, 0.205167, 0
1.822, 1, 180, 6.29179, 0
1.833, 1, 180, 5.53951, 0
1.843, 1, 180, 4.92401, 0
1.853, 1, 180, 3.82979, 0
1.864, 1, 180, 3.1459, 0
1.874, 1, 180, 2.46201, 0
1.885, 1, 180, 1.57295, -2137.16
1.895, 1, 180, 0.820669, 0
1.905, 1, 180, 0.205167, 0
1.915, 1, 180, 6.29179, -1899.7
1.926, 1, 180, 5.47112, 0
1.936, 1, 180, 4.78723, 0
1.946, 1, 180, 3.82979, 0
1.956, 1, 180, 3.1459, 0
1.967, 1, 180, 2.46201, 0
1.977, 1, 180, 1.70973, 0
1.988, 1, 180, 0.957447, 0
1.998, 1, 180, 0.273556, 0
2.009, 1, 180, 6.01824, 0
2.02, 1, 180, 5.33435, 0
2.03, 1, 180, 4.65046, 0
2.041, 1, 180, 4.30851, 0
2.057, 1, 180, 2.73556, 0
2.067, 1, 180, 1.91489, -1953.97
2.077, 1, 180, 0.889058, 0
2.089, 1, 180, 0.478723, 0
2.099, 1, 180, 6.2234, 0
2.109, 1, 180, 5.47112, 0
2.12, 1, 180, 4.78723, 0
2.13, 1, 180, 4.10334, 0
2.14, 1, 180, 3.35106, 0
2.151, 1, 180, 2.46201, 0
2.161, 1, 180, 1.77812, -908.825
2.172, 1, 180, 65996.3, 0
2.182, 1, 180, 0.0683891, 0
2.192, 1, 180, 6.29179, 0
2.202, 1, 180, 5.67629, 0
2.213, 1, 180, 4.92401, 0
2.223, 1, 180, 4.30851, 0
2.233, 1, 180, 3.62462, 0
2.243, 1, 180, 2.80395, 0
2.254, 1, 180, 2.59878, -5399.14
2.264, 1, 180, 1.91489, -6513.24
2.275, 1, 180, 0.273556, 0
2.285, 1, 180, 6.63374, 2.59772e+09
2.295, 1, 180, 5.67629, 0
2.305, 1, 180, 4.92401, 7.47539
2.316, 1, 180, 4.17173, 0
2.326, 1, 180, 3.48784, 0
2.336, 1, 180, 3.48784, 0
2.346, 1, 180, 0, -1.19681e+06
2.356, 1, 180, 1.8465, -5699.09
2.367, 1, 180, 1.09422, -6034.33
2.377, 1, 180, 6.77052, 0
2.387, 1, 180, 6.01824, 0
2.398, 1, 180, 5.33435, -663.971
2.408, 1, 180, 4.65046, -1799.71
2.419, 1, 180, 0, 1.12068e+12
2.429, 1, 180, -174.529, -5004.08
2.439, 1, 180, -175.281, -3907.95
2.449, 1, 180, -175.965, -7198.85
2.46, 1, 180, -176.786, -4144.79
2.47, 1, 180, -177.538, -1848.35
2.48, 1, 180, -178.29, -3419.45
2.49, 1, 180, -179.043, -3799.39
2.501, 1, 180, -179.932, -5699.09
2.511, 1, 180, -180.547, -5861.92
2.522, 1, 180, -181.505, -5699.09
2.532, 1, 180, -182.188, -5861.92
2.542, 1, 180, -182.872, -5545.06
2.552, 1, 180, -183.625, -3907.95
2.563, 1, 180, -184.377, -4662.89
2.573, 1, 180, -185.129, -3507.13
2.583, 1, 180, -185.881, -4022.89
2.593, 1, 180, -186.634, -1753.57
2.604, 1, 180, -187.386, -1628.31
2.614, 1, 180, -188.138, -281.436
2.624, 1, 180, -188.959, -7393.41
2.635, 1, 180, -189.78, -2413.73
2.645, 1, 180, -190.395, -1991.91
2.656, 1, 180, -191.216, -1784.06
2.666, 1, 180, -191.831, 0
2.677, 1, 180, -192.515, -499.19
2.687, 1, 180, -193.541, -3696.71
2.697, 1, 180, -194.43, -7014.26
2.708, 1, 180, -195.114, -5129.18
2.718, 1, 180, -195.866, -5861.92
2.728, 1, 180, -196.619, -1899.7
2.738, 1, 180, -197.371, -3799.39
2.749, 1, 180, -198.26, -2681.92
2.76, 1, 180, -198.875, -7393.41
2.77, 1, 180, -199.628, 3.68324e+06
2.781, 1, 180, -200.448, -1554.3
2.791, 1, 180, -201.269, 0
2.801, 1, 180, -202.021, 0
2.811, 1, 180, -202.91, 0
2.822, 1, 180, -203.526, 0
2.832, 1, 180, -204.278, 0
2.842, 1, 180, -205.167, 0
2.852, 1, 180, -205.851, 0
2.862, 1, 180, -206.535, 0
2.873, 1, 180, -207.356, 0
2.883, 1, 180, -208.176, 0
2.894, 1, 180, -208.929, 0
2.904, 1, 180, -209.612, 0
2.914, 1, 180, -210.365, 0
2.924, 1, 180, -211.254, 0
2.935, 1, 180, -212.006, 0
2.945, 1, 180, -212.622, 0
2.955, 1, 180, -213.511, 0
2.965, 1, 180, -214.195, 0
2.976, 1, 180, -214.947, 0
2.986, 1, 180, -215.631, 0
2.996, 1, 180, -216.383, 0
3.007, 1, 180, -217.204, -2072.4
3.017, 1, 180, -217.956, 0
3.028, 1, 180, -218.777, -1848.35
3.039, 1, 180, -219.529, -2011.44
3.049, 1, 180, -220.281, 0
3.059, 1, 180, -221.033, 0
3.07, 1, 180, -221.786, -949.848
3.08, 1, 180, -222.606, 0
3.09, 1, 180, -223.427, 0
3.1, 1, 180, -224.179, 0
3.111, 1, 180, -224.179, 0
3.121, 1, 180, 6.56535, -1899.7
3.132, 1, 180, 6.49696, 0
3.142, 1, 180, 5.33435, -6411.47
3.152, 1, 180, 4.65046, -8045.77
3.163, 1, 180, 3.82979, -2305.25
3.173, 1, 180, 3.1459, -6411.47
3.184, 1, 180, 2.66717, -3205.74
3.195, 1, 180, 1.64134, -5004.08
3.205, 1, 180, 1.02584, -18103
3.216, 1, 180, 6.77052, -4208.56
3.226, 1, 180, 5.74468, -1799.71
3.236, 1, 180, 5.12918, -5861.92
3.246, 1, 180, 4.44529, -4884.93
3.257, 1, 180, 3.48784, -4144.79
3.267, 1, 180, 2.80395, -3419.45
3.277, 1, 180, 2.18845, -7393.41
3.287, 1, 180, 1.43617, -6034.33
3.298, 1, 180, 0.683891, -5399.14
3.308, 1, 180, 0, 182371
3.318, 1, 180, 5.88146, -4771.33
3.328, 1, 180, 5.12918, -5545.06
3.339, 1, 180, 4.3769, -7598.78
3.349, 1, 180, 3.48784, 0
3.359, 1, 180, 2.80395, -6217.19
3.369, 1, 180, 2.12006, -5861.92
3.38, 1, 180, 1.36778, -5260.7
3.39, 1, 180, 0.683891, -5699.09
3.4, 1, 180, 0, 179290
3.41, 1, 180, 6.2234, -15631.8
3.42, 1, 180, 5.19757, -3663.7
3.431, 1, 180, 4.51368, -2230.08
3.441, 1, 180, 3.69301, -3477.41
3.451, 1, 180, 3.48784, 0
3.462, 1, 180, 2.25684, 0
3.472, 1, 180, 1.57295, 0
3.482, 1, 180, 0.820669, 0
3.493, 1, 180, 0, 0
3.503, 1, 180, 339455, -505.338
3.514, 1, 180, -254.271, -9498.48
3.524, 1, 180, -255.023, -7815.89
3.534, 1, 180, -255.775, -4884.93
3.545, 1, 180, -256.527, -5129.18
3.555, 1, 180, -257.485, -6672.1
3.565, 1, 180, -258.237, -5699.09
3.575, 1, 180, -258.853, -1720.48
3.586, 1, 180, -259.605, -5699.09
3.596, 1, 180, -260.289, -4884.93
3.606, 1, 180, -260.904, -976.987
3.617, 1, 180, -261.588, -238.289
3.627, 1, 180, -262.409, -4884.93
3.638, 1, 180, -263.435, -7393.41
3.648, 1, 180, -264.392, -5861.92
3.658, 1, 180, -265.076, -7598.78
3.668, 1, 180, -265.76, -71.5576
3.679, 1, 180, -266.444, -7393.41
3.689, 1, 180, -267.128, -6034.33
3.701, 1, 180, -268.085, -5399.14
3.712, 1, 180, -268.906, -3419.45
3.722, 1, 180, -269.863, -4662.89
3.733, 1, 180, -270.547, -1848.35
3.743, 1, 180, -271.299, -5699.09
3.753, 1, 180, -271.983, -5399.14
3.763, 1, 180, -272.804, -5260.7
3.774, 1, 180, -273.761, -5260.7
3.784, 1, 180, -274.377, -2413.73
3.794, 1, 180, -275.061, -2093.54
3.805, 1, 180, -275.745, -5545.06
3.815, 1, 180, -276.497, -3507.13
3.826, 1, 180, -277.386, 0
3.836, 1, 180, -278.07, -5545.06
3.846, 1, 180, -278.754, -7598.78
3.857, 1, 180, -279.506, -6411.47
3.867, 1, 180, -280.6, -5861.92
3.877, 1, 180, -281.353, -5699.09
3.887, 1, 180, -282.036, -5129.18
3.897, 1, 180, -282.652, -7771.48
3.908, 1, 180, -283.473, -5861.92
3.918, 1, 180, -284.157, -5861.92
3.928, 1, 180, -285.182, -5129.18
3.939, 1, 180, -285.866, -8045.77
3.949, 1, 180, -286.619, -3696.71
3.959, 1, 180, -287.508, -5399.14
3.969, 1, 180, -288.191, -6411.47
3.98, 1, 180, -288.875, -5861.92
3.99, 1, 180, -289.628, -5861.92
4, 1, 180, -290.312, -5699.09
4.01, 1, 180, -290.859, -3599.42
4.021, 1, 180, -291.474, 0
4.031, 1, 180, -292.295, -66.8327
4.042, 1, 180, -293.389, -9769.87
4.052, 1, 180, -294.21, -5399.14
4.062, 1, 180, -295.167, -5861.92
4.074, 1, 180, -295.851, -5260.7
4.084, 1, 180, -296.535, -5260.7
4.094, 1, 180, -297.424, -5545.06
4.105, 1, 180, -298.108, -8045.77
4.115, 1, 180, -298.86, -1405.25
4.125, 1, 180, -299.544, -6672.1
4.135, 1, 180, -300.433, -7598.78
4.146, 1, 180, -301.185, 0
4.156, 1, 180, -301.869, -1848.35
4.167, 1, 180, -302.553, -8045.77
4.177, 1, 180, -303.442, -5399.14
4.187, 1, 180, -304.126, -5399.14
4.197, 1, 180, 0.205167, -8.25105e+06
4.208, 1, 180, -305.836, 0
4.218, 1, 180, -306.52, 0
4.228, 1, 180, -307.409, 0
4.239, 1, 180, -308.093, 0
4.249, 1, 180, -308.777, 0
4.259, 1, 180, -309.46, 0
4.269, 1, 180, -310.144, 0
4.28, 1, 180, -310.897, -1486.72
4.29, 1, 180, -311.922, 0
4.3, 1, 180, -312.606, 0
4.311, 1, 180, -313.29, 0
4.321, 1, 180, -314.248, 0
4.332, 1, 180, -314.932, 0
4.342, 1, 180, -315.684, 0
4.352, 1, 180, -316.299, -7598.78
4.362, 1, 180, -317.257, 0
4.373, 1, 180, -317.941, 0
4.383, 1, 180, -318.625, 0
4.393, 1, 180, -319.309, 0
4.404, 1, 180, -320.198, 0
4.414, 1, 180, -320.95, 0
4.424, 1, 180, -321.702, 0
4.435, 1, 180, -322.181, 0
4.445, 1, 180, -323.07, 0
4.455, 1, 180, -323.891, 0
4.466, 1, 180, -324.916, 0
4.476, 1, 180, -325.6, 0
4.486, 1, 180, -326.284, 0
4.497, 1, 180, -327.173, 0
4.507, 1, 180, -327.857, 0
4.517, 1, 180, -328.541, 0
4.528, 1, 180, -329.293, 0
4.538, 1, 180, -329.772, -1953.97
4.548, 1, 180, -330.456, 0
4.558, 1, 180, -331.208, 0
4.569, 1, 180, -332.371, 0
4.579, 1, 180, -333.123, 0
4.589, 1, 180, -333.123, 9.04769e+06
4.599, 1, 180, 164.407, 1.08556e+08
4.61, 1, 180, 6.42857, 0
4.62, 1, 180, 5.74468, 0
4.63, 1, 180, 4.9924, 0
4.64, 1, 180, 4.30851, 0
4.651, 1, 180, 3.55623, -1753.57
4.662, 1, 180, 2.73556, 0
4.672, 1, 180, 1.98328, 0
4.682, 1, 180, 1.98328, 0
4.692, 1, 180, 0.410334, -2910.17
4.703, 1, 180, 6.49696, 0
4.713, 1, 180, 5.74468, 0
4.723, 1, 180, 5.06079, 0
4.733, 1, 180, 4.24012, -3799.39
4.744, 1, 180, 3.62462, 0
4.754, 1, 180, 2.94073, 0
4.764, 1, 180, 1.98328, 0
4.775, 1, 180, 1.16261, -1848.35
4.785, 1, 180, 0.410334, 0
4.795, 1, 180, 6.49696, -1709.73
4.806, 1, 180, 5.74468, -1899.7
4.816, 1, 180, 4.9924, -1848.35
4.826, 1, 180, 4.30851, 0
4.837, 1, 180, 4.30851, -236.64
4.847, 1, 180, 3.1459, -5545.06
4.858, 1, 180, 2.46201, -8045.77
4.868, 1, 180, 1.70973, -5699.09
4.878, 1, 180, 0.820669, -9498.48
4.888, 1, 180, 0, 195110
4.899, 1, 180, 5.88146, 0
4.909, 1, 180, 5.12918, -1899.7
4.919, 1, 180, 4.3769, 0
4.929, 1, 180, 3.62462, 0
4.94, 1, 180, 3.00912, 0
4.95, 1, 180, 2.25684, 0
4.96, 1, 180, 1.50456, 0
4.971, 1, 180, 0.547112, 0
4.981, 1, 180, 6.56535, 0
4.991, 1, 180, 5.81307, 0
5.002, 1, 180, 4.92401, 0
5.012, 1, 180, 4.24012, 0
5.022, 1, 180, 3.55623, 0
5.032, 1, 180, 339343, 1.32812e+07
5.043, 1, 180, -366.565, -5260.7
5.053, 1, 180, -367.454, -7014.26
5.063, 1, 180, -367.933, -8045.77
5.074, 1, 180, -368.891, -5545.06
5.084, 1, 180, -369.711, -5545.06
5.094, 1, 180, -370.737, -5861.92
5.104, 1, 180, -371.421, -4559.27
5.115, 1, 180, -372.105, -5129.18
5.125, 1, 180, -372.789, -5861.92
5.135, 1, 180, -373.473, -2254.58
5.145, 1, 180, -374.157, -5399.14
5.156, 1, 180, -374.772, -1899.7
5.166, 1, 180, -375.524, 0
5.176, 1, 180, -376.208, -444.085
5.187, 1, 180, -376.824, -1953.97
5.197, 1, 180, -377.986, -6672.1
5.207, 1, 180, -378.807, -5004.08
5.218, 1, 180, -379.628, -7393.41
5.228, 1, 180, -380.517, -6361.77
5.239, 1, 180, -381.269, -5399.14
5.25, 1, 180, -381.953, -5545.06
5.26, 1, 180, -382.91, -3156.42
5.27, 1, 180, -383.663, -5861.92
5.281, 1, 180, -384.347, -7198.85
5.291, 1, 180, -384.62, -3696.71
5.301, 1, 180, -385.714, 0
5.311, 1, 180, -386.398, -1753.57
5.322, 1, 180, -387.356, 0
5.332, 1, 180, -388.176, 0
5.342, 1, 180, -388.86, 0
5.352, 1, 180, -389.544, -1753.57
5.363, 1, 180, -390.296, 0
5.374, 1, 180, -391.254, 0
5.384, 1, 180, -392.006, 0
5.394, 1, 180, -392.895, 0
5.404, 1, 180, -393.579, 0
5.415, 1, 180, -394.263, 0
5.425, 1, 180, -394.947, 0
5.435, 1, 180, -395.631, 0
5.446, 1, 180, -396.383, 0
5.456, 1, 180, -397.067, -5129.18
5.466, 1, 180, -397.751, 0
5.476, 1, 180, -398.571, 0
5.486, 1, 180, -399.324, 0
5.497, 1, 180, -400.008, 0
5.507, 1, 180, -401.239, 0
5.517, 1, 180, -401.922, 0
5.527, 1, 180, -402.606, 0
5.538, 1, 180, -403.29, -777.148
5.548, 1, 180, -404.248, -1753.57
5.559, 1, 180, -404.932, -1668.03
5.569, 1, 180, -405.684, 0
5.579, 1, 180, -406.368, 0
5.59, 1, 180, -407.052, 0
5.6, 1, 180, -407.667, 0
5.61, 1, 180, -408.488, 0
5.621, 1, 180, -409.172, -2011.44
5.631, 1, 180, -409.856, 0
5.641, 1, 180, -410.881, 0
5.652, 1, 180, -411.839, 0
5.662, 1, 180, -412.523, 0
5.672, 1, 180, -413.207, 0
5.682, 1, 180, -413.891, 0
5.693, 1, 180, -414.711, 0
5.703, 1, 180, -415.464, 0
5.713, 1, 180, -416.421, 0
5.723, 1, 180, -417.173, 0
5.734, 1, 180, -417.857, 0
5.744, 1, 180, -418.746, 0
5.754, 1, 180, -419.225, -5545.06
5.764, 1, 180, -419.909, 0
5.775, 1, 180, -420.798, -1753.57
5.785, 1, 180, -421.277, 0
5.795, 1, 180, -422.097, 0
5.805, 1, 180, -422.918, 0
5.816, 1, 180, -423.602, 0
5.826, 1, 180, -424.491, 0
5.836, 1, 180, -425.106, 0
5.846, 1, 180, -425.722, 0
5.856, 1, 180, -426.679, 0
5.867, 1, 180, -427.432, 0
5.877, 1, 180, -428.321, 0
5.889, 1, 180, -428.799, 0
5.899, 1, 180, -429.415, -1519.76
5.91, 1, 180, -430.304, 0
5.92, 1, 180, -431.056, 0
5.93, 1, 180, -432.014, 0
5.94, 1, 180, -432.903, 0
5.951, 1, 180, -433.655, 0
5.961, 1, 180, -434.339, 0
5.971, 1, 180, -435.023, 0
5.982, 1, 180, -435.912, -2206.1
5.992, 1, 180, -436.596, 0
6.003, 1, 180, -437.348, 0
6.013, 1, 180, -438.032, 0
6.023, 1, 180, -438.716, 0
6.033, 1, 180, -439.673, 0
6.043, 1, 180, -440.426, 0
6.054, 1, 180, -441.109, -1899.7
6.064, 1, 180, -442.067, 0
6.074, 1, 180, -442.751, 0
6.084, 1, 180, -443.435, 0
6.095, 1, 180, -444.119, 0
6.106, 1, 180, -444.802, 0
6.116, 1, 180, -445.76, 0
6.127, 1, 180, -446.444, 0
6.137, 1, 180, -447.264, 0
6.147, 1, 180, -448.222, -1709.73
6.157, 1, 180, -448.906, 0
6.168, 1, 180, 339259, -8.49272e+09
6.178, 1, 180, -450.479, -1753.57
6.188, 1, 180, -451.163, 0
6.198, 1, 180, -451.641, 0
6.209, 1, 180, -452.325, 0
6.219, 1, 180, -453.214, -1628.31
6.229, 1, 180, -453.967, 0
6.24, 1, 180, -454.856, 0
6.25, 1, 180, -455.471, 0
6.26, 1, 180, -456.429, 0
6.271, 1, 180, -457.112, 0
6.281, 1, 180, -457.796, 0
6.291, 1, 180, -458.685, 0
6.301, 1, 180, -459.369, 0
6.311, 1, 180, -460.053, 0
6.322, 1, 180, -460.942, 0
6.332, 1, 180, -461.695, 0
6.342, 1, 180, -462.378, 0
6.352, 1, 180, -463.062, 0
6.363, 1, 180, -463.815, -70.3953
6.373, 1, 180, -464.772, 0
6.384, 1, 180, -465.456, 0
6.394, 1, 180, -466.14, 0
6.404, 1, 180, -466.619, 0
6.414, 1, 180, -467.508, 0
6.425, 1, 180, -468.26, 0
6.436, 1, 180, -469.149, 0
6.446, 1, 180, 1.43617, 0
6.456, 1, 180, 0.820669, 0
6.467, 1, 180, 6.70213, -768.416
6.477, 1, 180, 6.01824, 0
6.487, 1, 180, 5.33435, 0
6.498, 1, 180, 4.65046, 0
6.508, 1, 180, 4.17173, 0
6.522, 1, 180, 3.41945, 0
6.532, 1, 180, 2.66717, 0
6.543, 1, 180, 1.8465, -1799.71
6.553, 1, 180, 0.410334, 0
6.564, 1, 180, 6.56535, 0
6.574, 1, 180, 5.81307, 0
6.584, 1, 180, 4.78723, 0
6.595, 1, 180, 4.78723, 0
6.605, 1, 180, -481.664, -5861.92
6.617, 1, 180, -482.348, -5861.92
6.627, 1, 180, -483.1, -2279.64
6.637, 1, 180, -484.058, -6567.58
