0, 0, 0, 0, 0
0.014, 1, 360, 0, 61.3355
0.026, 1, 360, 0.410334, 62.1154
0.039, 1, 360, 1.09422, 120.829
0.051, 1, 360, 1.91489, 191.031
0.064, 1, 360, 3.07751, 62.7423
0.077, 1, 360, 4.10334, 62.3135
0.092, 1, 360, 5.26596, 52.0861
0.108, 1, 360, 6.83891, 69.7136
0.127, 1, 360, 8.34347, 69.2758
0.149, 1, 360, 10.1216, 76.3612
0.177, 1, 360, 11.9681, 92.6681
0.192, 1, 360, 13.4043, 76.1995
0.214, 1, 360, 15.3191, 2973.44
0.231, 1, 360, 16.8237, 83.4624
0.254, 1, 360, 18.6018, 81.3913
0.276, 1, 360, 20.1064, 80.0246
0.295, 1, 360, 21.6109, 62.3703
0.31, 1, 360, 23.1839, -25.2079
0.33, 1, 360, 24.5517, 0
0.347, 1, 360, 26.0562, 56.7544
0.364, 1, 360, 27.1505, 94.7217
0.386, 1, 360, 29.2705, 59.9378
0.403, 1, 360, 30.3647, 315.739
0.42, 1, 360, 31.6641, 119.041
0.434, 1, 360, 32.7584, 455.927
0.448, 1, 360, 33.921, 118.628
0.462, 1, 360, 35.0152, 62.1295
0.481, 1, 360, 36.9301, 61.1162
0.505, 1, 360, 38.503, 65.4128
0.524, 1, 360, 40.8283, 70.3302
0.553, 1, 360, 42.4012, 59.5983
0.568, 1, 360, 43.4954, 96.7313
0.581, 1, 360, 44.6581, 275.762
0.596, 1, 360, 46.1626, 88.9556
0.618, 1, 360, 48.4195, 122.781
0.642, 1, 360, 49.7872, 62.0028
0.658, 1, 360, 50.8815, -14601.3
0.675, 1, 360, 53.0699, 674.69
0.719, 1, 360, 56.1474, 92.3178
0.74, 1, 360, 57.5836, 73.1747
0.759, 1, 360, 59.8404, 89.0869
0.787, 1, 360, 61.6869, 108.382
0.814, 1, 360, 63.807, 82.7354
0.835, 1, 360, 64.2857, 27222.8
0.85, 1, 360, 66.4058, -4.12472e+06
0.865, 1, 360, 0.341945, 61226.3
0.877, 1, 360, 68.4574, 61.3905
0.889, 1, 360, 69.3465, 182.209
0.902, 1, 360, 70.304, 379.939
0.914, 1, 360, 71.193, 98.2601
0.927, 1, 360, 72.4924, 31.1567
0.94, 1, 360, 73.5866, 62.9444
0.955, 1, 360, 74.6809, 184.835
0.969, 1, 360, 75.7751, 63.0895
0.983, 1, 360, 76.8693, 97.6289
0.996, 1, 360, 77.9635, 63.2354
1.011, 1, 360, 79.1261, 62.7999
1.026, 1, 360, 80.2888, 361.847
1.039, 1, 360, 81.3146, 79.7308
1.056, 1, 360, 82.6824, 109.95
1.069, 1, 360, 83.7766, 79.4298
1.086, 1, 360, 85.6231, 89.4754
1.11, 1, 360, 87.8799, 86.8102
1.139, 1, 360, 89.4529, 92.376
1.154, 1, 360, 90.6839, 120.297
1.168, 1, 360, 91.8465, 90.4218
1.185, 1, 360, 93.3511, 91.8796
1.202, 1, 360, 94.924, 105.936
1.224, 1, 360, 96.7705, 74.0542
1.247, 1, 360, 98.5486, 481.613
1.27, 1, 360, 101.284, 87.0459
1.316, 1, 360, 104.772, 219.055
1.37, 1, 360, 108.26, 61.4733
1.385, 1, 360, 109.764, 140.142
1.404, 1, 360, 110.927, 97.3163
1.42, 1, 360, 112.363, 90.9026
1.436, 1, 360, 113.594, 0
1.451, 1, 360, 114.825, 62.2851
1.466, 1, 360, 116.056, 48.7217
1.483, 1, 360, 117.356, 60.9528
1.497, 1, 360, 118.518, 58.3524
1.512, 1, 360, 119.681, 62.1154
1.527, 1, 360, 120.843, 38.1848
1.541, 1, 360, 122.143, 62.2284
1.557, 1, 360, 123.169, 43.9236
1.57, 1, 360, 124.4, 30.0611
1.585, 1, 360, 125.357, 31.6909
1.599, 1, 360, 126.588, -107.193
1.613, 1, 360, 127.682, 0
1.627, 1, 360, 128.777, 35.9942
1.64, 1, 360, 129.939, 30.8059
1.655, 1, 360, 131.033, 61.6951
1.669, 1, 360, 132.128, 105.947
1.683, 1, 360, 133.632, 70.8842
1.707, 1, 360, 135.137, 81.6423
1.724, 1, 360, 137.325, 59.6243
1.747, 1, 360, 138.419, 73.8543
1.762, 1, 360, 139.924, 87.6034
1.784, 1, 360, 141.702, 0
1.803, 1, 360, 143.138, 45592.7
1.82, 1, 360, 144.301, 99.6925
1.834, 1, 360, 145.532, 29.1513
1.849, 1, 360, 146.626, 61.6118
1.864, 1, 360, 147.789, 109.422
1.877, 1, 360, 148.883, 147.709
1.892, 1, 360, 149.977, 42.8235
1.905, 1, 360, 151.14, 57.7123
1.92, 1, 360, 152.234, 92.5427
1.935, 1, 360, 153.397, 49.3784
1.948, 1, 360, 154.833, 182.533
1.967, 1, 360, 157.226, 95.3822
1.996, 1, 360, 159.278, 81.6099
2.033, 1, 360, 162.698, 72.3541
2.079, 1, 360, 165.16, 61.0072
2.094, 1, 360, 167.69, 80.5525
2.128, 1, 360, 169.468, 77.4913
2.157, 1, 360, 176.922, 94.3081
2.254, 1, 360, 179.726, 75.8867
2.304, 1, 360, 183.83, 83.6417
2.333, 1, 360, 188.412, 59.007
2.398, 1, 360, 192.105, 75.007
2.436, 1, 360, 195.456, 81.2084
2.477, 1, 360, 197.918, 92.8148
2.531, 1, 360, 202.363, 75.8614
2.551, 1, 360, 203.799, 0
2.568, 1, 360, 205.646, 120.192
2.592, 1, 360, 206.945, 73.9341
2.607, 1, 360, 208.176, 121.365
2.623, 1, 360, 209.407, 91.5925
2.638, 1, 360, 211.049, 70.8695
2.657, 1, 360, 212.827, 71.7769
2.683, 1, 360, 214.673, -44.3365
2.704, 1, 360, 215.904, 119.353
2.717, 1, 360, 216.862, -1243.44
2.729, 1, 360, 218.229, 114.912
2.75, 1, 360, 219.666, 0
2.77, 1, 360, 221.17, 86.6233
2.788, 1, 360, 223.085, 88.4036
2.81, 1, 360, 225.41, 66.696
2.849, 1, 360, 228.625, 88.3732
2.89, 1, 360, 231.976, 87.9979
2.936, 1, 360, 234.985, 83.0468
2.957, 1, 360, 236.831, 62.5987
2.976, 1, 360, 238.473, 67.645
2.997, 1, 360, 239.977, 74.0783
3.018, 1, 360, 241.482, 57.1815
3.042, 1, 360, 243.328, 123.781
3.056, 1, 360, 244.354, 121.365
3.069, 1, 360, 245.448, 61.8346
3.083, 1, 360, 246.748, 87.7721
3.104, 1, 360, 248.594, 119.771
3.121, 1, 360, 250.578, 204.569
3.156, 1, 360, 252.766, 82.1984
3.177, 1, 360, 254.544, 121.906
3.197, 1, 360, 255.843, 180.446
3.211, 1, 360, 257.416, 84.6755
3.236, 1, 360, 259.331, 93.3002
3.26, 1, 360, 260.015, 61.501
3.274, 1, 360, 262.067, 180.605
3.287, 1, 360, 263.161, 151.303
3.302, 1, 360, 264.324, 61.1435
3.318, 1, 360, 265.828, 116.506
3.334, 1, 360, 267.264, 58.6024
3.353, 1, 360, 268.769, 62.3845
3.379, 1, 360, 271.847, 82.3539
3.425, 1, 360, 274.24, 62.5128
3.44, 1, 360, 274.377, -334.648
3.476, 1, 360, 279.164, 53.7439
3.502, 1, 360, 280.464, 0
3.517, 1, 360, 281.695, 0
3.532, 1, 360, 282.857, 61.6118
3.545, 1, 360, 283.951, 46.46
3.559, 1, 360, 285.046, 1243.44
3.571, 1, 360, 285.114, 0
3.585, 1, 360, 287.029, 0
3.597, 1, 360, 288.123, 407.078
3.612, 1, 360, 289.286, 0
3.626, 1, 360, 290.448, 62.1719
3.641, 1, 360, 291.543, 36.6305
3.654, 1, 360, 292.774, 0
3.668, 1, 360, 293.799, 0
3.682, 1, 360, 294.825, 0
3.696, 1, 360, 295.988, -118.116
3.711, 1, 360, 297.15, 123.557
3.724, 1, 360, 298.176, 92.501
3.739, 1, 360, 299.339, 80.316
3.752, 1, 360, 300.433, 417.006
3.767, 1, 360, 301.596, 0
3.781, 1, 360, 303.032, 61.3355
3.8, 1, 360, 304.536, 46.6183
3.821, 1, 360, 306.109, 118.218
3.838, 1, 360, 307.34, 79.5705
3.853, 1, 360, 308.64, 45.4714
3.87, 1, 360, 310.213, 89.0096
3.891, 1, 360, 311.649, 72.4307
3.91, 1, 360, 313.495, 65.8431
3.931, 1, 360, 315.205, 92.7519
3.95, 1, 360, 316.778, 61.9186
3.969, 1, 360, 318.419, 82.5556
3.992, 1, 360, 320.129, 0
4.011, 1, 360, 321.634, 72.3056
4.034, 1, 360, 322.181, 95.2494
4.053, 1, 360, 324.711, 61.1983
4.068, 1, 360, 325.874, 84.1194
4.082, 1, 360, 326.968, 85.5933
4.095, 1, 360, 328.062, 0
4.11, 1, 360, 329.225, 0
4.123, 1, 360, 330.319, 59.3655
4.137, 1, 360, 331.482, 79.026
4.156, 1, 360, 332.918, 68.2662
4.175, 1, 360, 334.764, 61.7508
4.194, 1, 360, 336.269, 318.089
4.214, 1, 360, 337.568, 142.775
4.229, 1, 360, 338.731, 0
4.243, 1, 360, 339.962, 0
4.258, 1, 360, 341.125, 80.4104
4.272, 1, 360, 342.219, 123.557
4.285, 1, 360, 343.245, 47.7244
4.299, 1, 360, 344.407, 33.7224
4.314, 1, 360, 345.502, 144.382
4.327, 1, 360, 346.664, 62.57
4.342, 1, 360, 347.758, 93.1731
4.357, 1, 360, 348.921, 63.6029
4.373, 1, 360, 351.041, 86.4371
4.402, 1, 360, 352.682, 70.0134
4.422, 1, 360, 354.939, 83.1478
4.455, 1, 360, 359.521, 0
4.527, 0.0138906, 360, 360.068, 0
4.578, 0.0230395, 360, 360.068, 0
4.599, 0.0250912, 360, 360.068, 0
4.619, 0.026117, 360, 360.068, 0
4.646, 0.0291945, 360, 360.068, 0
4.67, 0.0309043, 360, 360.068, 0
4.692, 0.0336398, 360, 360.068, 0
4.716, 0.0353495, 360, 360.068, 0
4.737, 0.0367173, 360, 360.068, 0
4.754, 0.0377432, 360, 360.068, 0
4.772, 0.0404787, 360, 360.068, 0
4.785, 0.0425304, 360, 360.068, 0
4.799, 0.0445821, 360, 360.068, 0
4.813, 0.0459498, 360, 360.068, 0
4.833, 0.0476596, 360, 360.068, 0
4.851, 0.0503951, 360, 360.068, -312224
4.863, 0.0302204, 360, 360.068, 0
4.877, 0.0305623, 360, 360.068, 0
4.901, 0.0336398, 360, 360.068, 0
4.92, 0.0343237, 360, 360.068, 0
4.942, 0.0374012, 360, 360.068, 0
4.97, 0.0401368, 360, 360.068, 0
4.987, 0.0411626, 360, 360.068, 0
5.003, 0.0432143, 360, 360.068, 0
5.03, 0.0459498, 360, 360.068, -3.47238e+08
5.048, 0.0466337, 360, 360.068, 0
5.07, 0.0312462, 360, 360.068, 0
5.088, 0.0329559, 360, 360.068, 0
5.116, 0.0350076, 360, 360.068, 0
5.135, 0.0374012, 360, 360.068, 0
5.156, 0.038769, 360, 360.068, 0
5.18, 0.0415046, 360, 360.068, 0
5.201, 0.0442401, 360, 360.068, 0
5.218, 0.0466337, 360, 360.068, 0
5.231, 0.0483435, 360, 360.068, 0
5.245, 0.0507371, 360, 360.068, 0
5.26, 0.0527888, 360, 360.068, 0
5.278, 0.0544985, 360, 360.068, 0
5.297, 0.0562082, 360, 360.068, 0
5.321, 0.0579179, 360, 360.068, 0
5.341, 0.0596277, 360, 360.068, 0
5.368, 0.0627052, 360, 360.068, 0
5.387, 0.0647568, 360, 360.068, 0
5.407, 0.0664666, 360, 360.068, 0
5.422, 0.0678343, 360, 360.068, 0
5.44, 0.0695441, 360, 360.068, 0
5.459, 0.0712538, 360, 360.068, 0
5.479, 0.0726216, 360, 360.068, 0
5.5, 0.0753571, 360, 360.068, 0
5.522, 0.0774088, 360, 360.068, 0
5.556, 0.0787766, 360, 360.068, 0
5.616, 0.0811702, 360, 360.068, 0
5.679, 0.0842477, 360, 360.068, 0
5.711, 0.0852736, 360, 360.068, 0
5.749, 0.0852736, 360, 428.457, 0
5.785, 0.0398784, 360, 360.068, 0
5.814, 0.0412462, 360, 360.068, 0
5.835, 0.0436398, 360, 360.068, 0
5.854, 0.0453495, 360, 360.068, 0
5.874, 0.0470593, 360, 360.068, -311748
5.891, 0.0477432, 360, 360.068, 0
5.939, 0.0415881, 360, 360.068, 0
5.962, 0.0432979, 360, 360.068, 0
5.979, 0.0446657, 360, 360.068, 0
5.995, 0.0456915, 360, 360.068, 0
6.013, 0.048769, 360, 360.068, 0
6.027, 0.0504787, 360, 360.068, 0
6.041, 0.0525304, 360, 360.068, 0
6.055, 0.0542401, 360, 360.068, 0
6.069, 0.0562918, 360, 360.068, 0
6.083, 0.0583435, 360, 360.068, 0
6.098, 0.0600532, 360, 360.068, 0
6.113, 0.0624468, 360, 360.068, 0
6.128, 0.0644985, 360, 360.068, 0
6.148, 0.0662082, 360, 360.068, 0
6.168, 0.0679179, 360, 360.068, 0
6.183, 0.0692857, 360, 360.068, 0
6.206, 0.0706535, 360, 360.068, 0
6.23, 0.0733891, 360, 360.068, 0
6.249, 0.0747568, 360, 360.068, 0
6.27, 0.0761246, 360, 360.068, 0
6.29, 0.0788602, 360, 360.068, 96610.8
6.312, 0.0989514, 360, 360.342, 26.3999
6.331, 0.207006, 360, 360.684, 0
6.35, 0.31848, 360, 360.684, 0
6.366, 0.366353, 360, 360.684, 0
6.381, 0.366353, 360, 360.684, 2.04144
6.396, 0.400547, 360, 360.684, 0
6.411, 0.421064, 360, 360.684, 0
6.428, 0.441581, 360, 360.684, 0
6.447, 0.455258, 360, 360.616, 0
6.475, 0.443974, 360, 360.616, 0
6.495, 0.468594, 360, 360.616, 0
6.514, 0.483982, 360, 360.616, 0
6.536, 0.496292, 360, 360.616, -13.9257
6.562, 0.486033, 360, 360.547, 0
6.582, 0.46791, 360, 360.479, 0
6.604, 0.445342, 360, 360.41, 0
6.624, 0.4556, 360, 360.41, -50.0286
6.642, 0.459704, 360, 360.342, 0
6.663, 0.404992, 360, 360.274, 0
6.678, 0.404992, 360, 360.274, 0
6.697, 0.414567, 360, 360.274, 0
6.719, 0.41867, 360, 360.274, 0
6.734, 0.428245, 360, 360.274, 0
6.754, 0.435084, 360, 360.274, 0
6.781, 0.444658, 360, 360.274, 0
6.802, 0.452865, 360, 360.274, 0
6.821, 0.458336, 360, 360.205, 0
6.839, 0.43098, 360, 360.137, 0
6.857, 0.433032, 360, 360.068, 0
6.872, 0.368404, 360, 360.068, -14.0142
6.891, 0.335236, 360, 360, 0
6.911, 0.335236, 360, 360, 0
6.929, 0.335236, 360, 360, 0
6.948, 0.335236, 360, 360, 0
6.971, 0.335236, 360, 360, 0
6.987, 0.335236, 360, 360, 0
7.015, 0.335236, 360, 360, 0
7.034, 0.335236, 360, 360, 0
7.057, 0.335236, 360, 360, 0
7.075, 0.335236, 360, 360, 0
7.097, 0.335236, 360, 360, 0
7.112, 0.335236, 360, 360, 0
7.131, 0.335236, 360, 360, 0
7.154, 0.335236, 360, 360, 0
7.173, 0.335236, 360, 360, 0
7.19, 0.335236, 360, 360, 0
7.214, 0.335236, 360, 360, 0
7.229, 0.335236, 360, 360, 0
7.251, 0.335236, 360, 360, 0
7.265, 0.335236, 360, 360, 0
7.279, 0.335236, 360, 360, 0
7.3, 0.335236, 360, 360, 0
7.319, 0.335236, 360, 360, 0
7.341, 0.335236, 360, 360, 0
7.362, 0.335236, 360, 360, 0
7.386, 0.335236, 360, 360, 0
7.401, 0.335236, 360, 360, 0
7.42, 0.335236, 360, 360, 0
7.441, 0.335236, 360, 360, 0
7.458, 0.335236, 360, 360, 0
7.484, 0.335236, 360, 360, 0
7.502, 0.335236, 360, 360, 7.77034e+08
7.529, 0.108609, 360, 360.547, 0
7.549, 0.325745, 360, 360.752, 0
7.568, 0.412257, 360, 360.752, -59.314
7.586, 0.396185, 360, 360.684, -5.53533
7.616, 0.403024, 360, 360.616, 0
7.631, 0.403024, 360, 360.616, 0
7.734, 0.424909, 360, 360.616, 0
7.753, 0.431064, 360, 360.616, 0
7.774, 0.452606, 360, 360.616, 0
7.791, 0.474149, 360, 360.616, 0
7.812, 0.489536, 360, 360.616, 0
7.833, 0.501847, 360, 360.616, 0
7.861, 0.511079, 360, 360.547, -14.7422
7.934, 0.40234, 360, 360.274, 0
7.976, 0.372249, 360, 360.274, 0
8.021, 0.383191, 360, 360.274, 0
8.049, 0.383191, 360, 360.274, 0
8.088, 0.395502, 360, 360.274, 0
8.129, 0.406444, 360, 360.274, 0
8.147, 0.417386, 360, 360.274, 0
8.161, 0.424225, 360, 360.274, 0
8.176, 0.432432, 360, 360.274, 0
8.189, 0.440638, 360, 360.274, 0
8.205, 0.447477, 360, 360.274, 0
8.225, 0.454316, 360, 360.205, 0
8.246, 0.424567, 360, 360.205, 0
8.262, 0.427644, 360, 360.137, -16.0764
8.279, 0.365068, 360, 360.068, 0
8.301, 0.36712, 360, 360.068, nan
8.314, 0.369172, 360, 360.068, 0
8.329, 0.371223, 360, 360.068, 0
8.344, 0.373617, 360, 360.068, 0
8.359, 0.376011, 360, 360.068, 0
8.374, 0.378062, 360, 360.068, -0.851655
8.388, 0.380114, 360, 360.068, 0
8.404, 0.382166, 360, 360.068, 0
8.417, 0.383875, 360, 360.068, 0
8.43, 0.385927, 360, 360.068, 0
8.442, 0.386953, 360, 360.068, 0
8.457, 0.388321, 360, 360.068, 0
8.475, 0.0295365, 360, 360.068, 54.6238
8.489, 0.101345, 360, 360.274, 0
8.502, 0.143746, 360, 360.274, 0
8.516, 0.150585, 360, 360.274, 0
8.529, 0.161527, 360, 360.274, 0
8.544, 0.169734, 360, 360.274, 0
8.558, 0.177941, 360, 360.274, 0
8.573, 0.186147, 360, 360.274, 0
8.593, 0.192986, 360, 360.274, 0
8.615, 0.198457, 360, 360.274, 0
8.635, 0.2094, 360, 360.274, 0
8.655, 0.216239, 360, 360.274, 0
8.676, 0.22171, 360, 360.274, 547989
8.693, 0.135881, 360, 360.274, 0
8.706, 0.14272, 360, 360.274, 0
8.721, 0.152295, 360, 360.274, 0
8.734, 0.157766, 360, 360.274, 0
8.749, 0.168708, 360, 360.274, 0
8.763, 0.176915, 360, 360.274, 0
8.777, 0.183754, 360, 360.274, -3.41945e+07
8.792, 0.134514, 360, 360.274, 0
8.804, 0.14272, 360, 360.274, 0
8.817, 0.152295, 360, 360.274, 0
8.829, 0.160502, 360, 360.274, 0
8.842, 0.168708, 360, 360.274, 0
8.854, 0.176915, 360, 360.274, 0
8.867, 0.185122, 360, 360.274, 0
8.88, 0.193328, 360, 360.274, 0
8.892, 0.201535, 360, 360.274, 0
8.905, 0.209742, 360, 360.274, 0
8.917, 0.217948, 360, 360.274, 0
8.93, 0.226155, 360, 360.274, 0
8.942, 0.234362, 360, 360.274, 0
8.955, 0.243936, 360, 360.274, 0
8.968, 0.252143, 360, 360.274, 0
8.98, 0.26035, 360, 360.274, 0
8.995, 0.269924, 360, 360.274, 0
9.009, 0.276763, 360, 360.274, 0
9.024, 0.28497, 360, 360.274, 0
9.037, 0.294544, 360, 360.274, 0
9.051, 0.301383, 360, 360.274, 0
9.066, 0.30959, 360, 360.274, 0
9.081, 0.317796, 360, 360.274, 0
9.095, 0.326003, 360, 360.274, 0
9.11, 0.335578, 360, 360.274, 0
9.124, 0.343784, 360, 360.274, 0
9.151, 1, 360, 360.41, 30.0479
9.17, 0.243936, 360, 360.616, 0
9.189, 0.327029, 360, 360.616, 0
9.205, 0.336261, 360, 360.616, 0
9.22, 0.336261, 360, 360.616, 0
9.239, 0.367036, 360, 360.616, 0
9.258, 0.379347, 360, 360.616, 0
9.278, 0.403967, 360, 360.616, 0
9.302, 0.416277, 360, 360.547, 0
9.316, 0.416277, 360, 360.547, 0
9.339, 0.415593, 360, 360.547, 0
9.359, 0.391998, 360, 360.479, 0
9.376, 0.399179, 360, 360.479, 0
9.397, 0.420722, 360, 360.479, 0
9.421, 0.437477, 360, 360.479, 0
9.436, 0.447052, 360, 360.479, 0
9.458, 0.461413, 360, 360.479, 0
9.481, 0.473381, 360, 360.479, 0
9.504, 0.49253, 360, 360.41, 0
9.523, 0.468594, 360, 360.41, 0
9.544, 0.476801, 360, 360.342, 0
9.558, 0.451839, 360, 360.274, 0
9.576, 0.427903, 360, 360.274, 0
9.591, 0.438845, 360, 360.274, 0
9.606, 0.445684, 360, 360.274, 0
9.621, 0.455258, 360, 360.274, -59.9378
9.634, 0.455258, 360, 360.205, 0
9.653, 0.429612, 360, 360.137, 0
9.677, 0.398153, 360, 360.068, 0
9.7, 0.368404, 360, 360.068, 0
9.713, 0.370456, 360, 360.068, -3.07782e+10
9.726, 0.0298784, 360, 360.068, 0
9.743, 0.0312462, 360, 360.068, 0
9.766, 0.0329559, 360, 360.068, 0
9.787, 0.0356915, 360, 360.068, 0
9.812, 0.0370593, 360, 360.068, 0
9.836, 0.0397948, 360, 360.068, 0
9.857, 0.0421884, 360, 360.068, 0
9.878, 0.0432143, 360, 360.068, 0
9.895, 0.0442401, 360, 360.068, 0
9.913, 0.0469757, 360, 360.068, 0
9.936, 0.0486854, 360, 360.068, 0
9.959, 1, 360, 360.068, 29.9952
9.974, 0.101687, 360, 360.274, 0
9.987, 0.144088, 360, 360.274, 0
10.001, 0.150927, 360, 360.274, 0
10.014, 0.159134, 360, 360.274, 0
10.028, 0.165973, 360, 360.274, 0
10.043, 0.174179, 360, 360.274, 0
10.058, 0.183754, 360, 360.274, 0
10.072, 0.19196, 360, 360.274, 0.824982
10.085, 0.200167, 360, 360.274, 0
10.098, 0.204271, 360, 360.274, 0
10.12, 0.213845, 360, 360.274, 0
10.138, 1, 360, 360.41, 29.4273
10.157, 0.25291, 360, 360.547, 0
10.178, 0.298047, 360, 360.547, 0
10.199, 0.319932, 360, 360.547, 0
10.221, 0.336345, 360, 360.547, 0
10.239, 0.341816, 360, 360.547, 0
10.259, 0.366436, 360, 0, -4.07859e+09
10.274, 0.366436, 360, 360.547, 0
10.296, 0.297705, 360, 360.547, 0
10.314, 0.311383, 360, 360.547, 0
10.336, 0.31959, 360, 360.547, 0
10.351, 0.336003, 360, 360.547, 0
10.365, 0.357888, 360, 360.547, 0
10.379, 0.374301, 360, 360.547, 0
10.393, 0.390714, 360, 360.547, 0
10.406, 0.407128, 360, 360.547, 0
10.421, 0.420805, 360, 360.547, 0
10.436, 0.40747, 360, 360.479, 0
10.45, 0.421831, 360, 360.479, 0
10.463, 0.421831, 360, 360.479, 0
10.48, 0.431406, 360, 360.479, 0
10.5, 0.452948, 360, 360.479, 0
10.519, 0.464916, 360, 360.479, 0
10.54, 0.474491, 360, 360.479, -57.9078
10.556, 0.481672, 360, 360.41, 0
10.589, 0.462181, 360, 360.41, 0
10.611, 0.472439, 360, 360.342, 0
10.643, 0.41465, 360, 360.274, 0
10.66, 0.424567, 360, 360.274, 0
10.68, 0.431406, 360, 360.274, 0
10.699, 0.438245, 360, 360.205, 453758
10.716, 0.0996353, 360, 360.205, 0
10.73, 0.10579, 360, 360.205, 0
10.748, 0.110919, 360, 360.205, 0
10.769, 0.115023, 360, 360.205, 0
10.819, 0.126307, 360, 360.205, 0
10.835, 0.131436, 360, 360.205, 0
10.852, 0.131436, 360, 360.205, 0
10.872, 0.138617, 360, 360.205, 0
10.888, 0.141695, 360, 360.205, 0
10.909, 0.148875, 360, 360.205, 0
10.927, 0.151953, 360, 360.205, 0
10.951, 0.159134, 360, 360.205, 0
10.969, 0.166315, 360, 360.205, 0
10.991, 0.170418, 360, 360.205, 0
11.007, 0.177599, 360, 360.205, 0
11.027, 0.182728, 360, 360.205, 0
11.047, 0.186831, 360, 360.205, 0
11.068, 0.196064, 360, 360.205, 0
11.082, 0.202219, 360, 360.205, 0
11.1, 0.204271, 360, 360.205, 0
11.116, 0.207348, 360, 360.205, 0
11.134, 0.215555, 360, 360.205, 0
11.153, 0.220684, 360, 360.205, 0
11.171, 0.225813, 360, 360.205, 0
11.189, 0.230942, 360, 360.205, 0
11.21, 0.23402, 360, 360.205, 0
11.231, 0.241201, 360, 360.205, 0
11.25, 0.248381, 360, 360.205, 0
11.265, 0.101687, 360, 360.205, 0
11.279, 0.107842, 360, 360.205, 0
11.294, 0.115023, 360, 360.205, 0
11.308, 0.121178, 360, 360.205, 0
11.323, 0.127333, 360, 360.205, 0
11.337, 0.133488, 360, 360.205, 0
11.355, 0.138617, 360, 360.205, 0
11.378, 0.144772, 360, 360.205, 0
11.396, 0.152979, 360, 360.205, 0
11.417, 0.158108, 360, 360.205, 0
11.436, 0.162211, 360, 360.205, 0
11.45, 0.162211, 360, 360.205, 0
11.472, 0.173495, 360, 360.205, 0
11.491, 0.177599, 360, 360.205, 0
11.508, 0.183754, 360, 360.205, 0
11.529, 0.190935, 360, 360.205, 0
11.546, 0.195038, 360, 360.205, 0
11.561, 0.195038, 360, 360.205, 0
11.584, 0.205296, 360, 360.205, 0
11.605, 0.210426, 360, 360.205, 0
11.625, 0.214529, 360, 360.205, 0
11.654, 0.217606, 360, 360.205, 0
11.675, 0.223761, 360, 360.205, 0
11.704, 0.225813, 360, 360.205, 0
11.779, 0.236071, 360, 360.205, 0
11.844, 0.244278, 360, 360.205, 0
11.906, 0.251459, 360, 360.205, 0
11.957, 0.260691, 360, 360.205, 0
11.986, 0.264795, 360, 360.205, 0
12.012, 0.269924, 360, 360.205, 0
12.034, 0.278131, 360, 360.205, 0
12.055, 0.282234, 360, 360.205, 31327.6
12.082, 0.285312, 360, 360.205, -43.8766
12.128, 0.0630471, 360, 359.179, 0
12.203, 0.440213, 360, 359.179, 15.6533
12.251, 0.442264, 360, 359.248, 18.8764
12.272, 0.433716, 360, 359.384, 0
12.291, 0.414909, 360, 359.384, 0
12.31, 0.430296, 360, 359.384, 0
12.335, 0.451839, 360, 359.384, 5.88394
12.359, 0.451839, 360, 359.521, 5.75859
12.416, 0.40465, 360, 359.59, 0
12.437, 0.352675, 360, 359.658, 0
12.46, 0.362933, 360, 359.726, 0
12.478, 0.331816, 360, 359.726, -1.0706
12.502, 0.341391, 360, 359.726, 0
12.516, 0.349597, 360, 359.726, 0
12.537, 0.356436, 360, 359.726, 0
12.556, 0.361907, 360, 359.726, 0
12.577, 0.37285, 360, 359.726, 0
12.596, 0.379688, 360, 359.726, 0
12.617, 0.38516, 360, 359.726, 0
12.631, 0.396102, 360, 359.726, 0
12.65, 0.402941, 360, 359.726, 0
12.672, 0.408412, 360, 359.726, 0
12.688, 0.412515, 360, 359.726, 0
12.71, 0.424825, 360, 359.726, 0
12.732, 0.430296, 360, 359.726, 0
12.754, 0.441239, 360, 359.726, 0
12.777, 0.452181, 360, 359.726, 0
12.791, 0.425167, 360, 359.795, 0
12.807, 0.427219, 360, 359.932, 0
12.859, 0.361565, 360, 359.932, 0
12.909, 0.364301, 360, 359.932, 0
12.946, 0.364301, 360, 359.932, 0
12.976, 0.366353, 360, 359.932, 0
13.013, 0.368746, 360, 359.932, 0
13.032, 0.369772, 360, 359.932, 0
13.045, 0.37285, 360, 359.932, 0
13.06, 0.374901, 360, 359.932, 0
13.074, 0.376953, 360, 359.932, 0
13.089, 0.379347, 360, 359.932, 0
13.103, 0.381398, 360, 359.932, 0
13.117, 0.38345, 360, 359.932, 0
13.13, 0.385843, 360, 359.932, 0
13.144, 0.386869, 360, 359.932, 0
13.159, 0.388237, 360, 359.932, 0
13.177, 0.389947, 360, 359.932, 0
13.21, 0.393366, 360, 359.932, 0
13.232, 0.396102, 360, 359.932, 0
13.244, 0.398153, 360, 359.932, 0
13.262, 0.399863, 360, 359.932, 0
13.285, 0.401573, 360, 359.932, 0
13.303, 0.403967, 360, 359.932, 0
13.323, 0.405676, 360, 359.932, 0
13.346, 0.407044, 360, 359.932, 0
13.368, 0.374559, 360, 360, 0
13.395, 0.374559, 360, 360, 0
13.411, 0.374559, 360, 360, 0
13.434, 0.374559, 360, 360, 0
13.452, 0.374559, 360, 360, 0
13.476, 0.374559, 360, 360, 0
13.493, 0.374559, 360, 360, 0
13.512, 0.374559, 360, 360, 0
13.532, 0.374559, 360, 360, 0
13.549, 0.374559, 360, 360, 0
13.571, 0.374559, 360, 360, 0
13.59, 0.374559, 360, 360, 0
13.607, 0.374559, 360, 360, 0
13.63, 0.374559, 360, 360, 0
13.644, 0.374559, 360, 360, 0
13.665, 0.374559, 360, 360, 0
13.684, 0.374559, 360, 360, 0
13.706, 0.374559, 360, 360, 0
13.729, 0.374559, 360, 360.068, 0
13.747, 0.338655, 360, 360.068, 0
13.77, 0.336945, 360, 360.068, 0
13.784, 0.334552, 360, 360.068, 0
13.801, 0.332842, 360, 360.068, 0
13.828, 0.330106, 360, 360.068, 0
13.844, 0.329764, 360, 360.068, 0
13.86, 0.328397, 360, 360.068, 0
13.876, 0.325661, 360, 360.068, 0
13.898, 0.323609, 360, 360.068, 0
13.918, 0.322926, 360, 360.068, 0
13.934, 0.321558, 360, 360.068, 0
13.955, 0.31848, 360, 360.068, 0
13.978, 0.317112, 360, 360.068, 0
14.053, 0.313693, 360, 360.068, 0
14.074, 0.310957, 360, 360.068, 0
14.094, 0.309248, 360, 360.068, 0
14.114, 0.30788, 360, 360.068, 0
14.136, 0.305144, 360, 360.068, 0
14.152, 0.303435, 360, 360.068, 0
14.166, 0.302067, 360, 360.068, 0
14.188, 0.300357, 360, 360.068, 0
14.205, 0.298305, 360, 360.068, 0
14.229, 0.295912, 360, 360.068, 0
14.25, 0.294544, 360, 360.068, 0
14.273, 0.291809, 360, 360.068, 0
14.294, 0.290441, 360, 360.068, 0
14.318, 0.287705, 360, 360.068, 0
14.336, 0.287021, 360, 360.068, 0
14.357, 0.283944, 360, 360.068, 0
14.381, 0.28155, 360, 360.068, 0
14.399, 0.27984, 360, 360.068, 0
14.42, 0.278473, 360, 360.068, 0
14.441, 0.275737, 360, 360.068, 0
14.462, 0.274369, 360, 360.068, 0
14.51, 0.27266, 360, 360.068, 0
14.555, 0.13383, 360, 360.479, 27.7384
14.574, 0.352333, 360, 360.821, 0
14.595, 0.448761, 360, 360.821, 0
14.617, 0.485691, 360, 360.821, 0
14.632, 0.510312, 360, 360.821, 0
14.65, 0.483982, 360, 360.684, 0
14.669, 0.471672, 360, 360.616, 0
14.692, 0.462781, 360, 360.616, 0
14.711, 0.468936, 360, 360.616, 0
14.73, 0.45902, 360, 360.547, 0
14.747, 0.469962, 360, 360.547, -14.0372
14.765, 0.448761, 360, 360.479, -29.3264
14.784, 0.425851, 360, 360.41, 0
14.802, 0.436109, 360, 360.41, 0
14.817, 0.444316, 360, 360.342, 0
14.839, 0.415935, 360, 360.342, 0
14.861, 0.427903, 360, 360.274, 0
14.889, 0.404992, 360, 360.274, 0
14.909, 0.411831, 360, 360.274, 0
14.929, 0.425509, 360, 360.274, 0
14.943, 0.433716, 360, 360.274, 0
14.956, 0.440555, 360, 360.274, 0
14.971, 0.450129, 360, 360.274, 0
14.985, 0.454233, 360, 360.274, 0
15.004, 0.461071, 360, 360.205, 0
15.022, 0.432348, 360, 360.205, 0
15.045, 0.437477, 360, 360.068, 0
15.063, 0.372508, 360, 360.068, 0
15.082, 0.374559, 360, 360.068, 0
15.102, 0.376269, 360, 360.068, 0
15.122, 0.377637, 360, 360.068, 0
15.144, 0.380372, 360, 360.068, 0
15.165, 0.382424, 360, 360.068, 0
15.185, 0.383792, 360, 360.068, 0
15.201, 0.384818, 360, 360.068, 0
15.223, 0.387895, 360, 360.068, 0
15.241, 0.389605, 360, 360.068, 0
15.263, 0.391315, 360, 360.068, 0
15.281, 0.393366, 360, 360.068, 0
15.304, 0.39576, 360, 360.068, 0
15.327, 0.397128, 360, 360.068, 0
15.347, 0.399521, 360, 360.068, 0
15.371, 0.401915, 360, 360.068, 0
15.388, 0.403625, 360, 360, 0
15.408, 0.369772, 360, 360, 0
15.428, 0.369772, 360, 360, 0
15.444, 0.369772, 360, 360, 0
15.461, 0.369772, 360, 360, 0
15.479, 0.369772, 360, 360, 0
15.494, 0.369772, 360, 360, 0
15.507, 0.369772, 360, 360, 0
15.52, 0.369772, 360, 360, 0
15.536, 0.369772, 360, 360, 0
15.55, 0.369772, 360, 360, 0
15.57, 0.369772, 360, 360, 0
15.584, 0.369772, 360, 360, 0
15.599, 0.369772, 360, 360, 0
15.613, 0.369772, 360, 360, 0
15.626, 0.369772, 360, 360, 0
15.643, 0.369772, 360, 360, 0
15.657, 0.369772, 360, 360, 0
15.67, 0.369772, 360, 360, 0
15.684, 0.369772, 360, 360, 0
15.699, 0.369772, 360, 360, 0
15.715, 0.369772, 360, 360, 0
15.733, 0.369772, 360, 360, 0
15.753, 0.369772, 360, 360, 0
15.775, 0.369772, 360, 360, 0
15.793, 0.369772, 360, 360, 0
15.817, 0.369772, 360, 360, 0
15.84, 0.369772, 360, 360, 0
15.859, 0.369772, 360, 360, 0
15.88, 0.369772, 360, 360, 0
15.9, 0.369772, 360, 360, 0
15.913, 0.369772, 360, 360, 0
15.927, 0.369772, 360, 360, 0
15.941, 0.369772, 360, 360, 0
15.957, 0.369772, 360, 360, 0
15.97, 0.369772, 360, 360, 0
15.985, 0.369772, 360, 360, 0
15.999, 0.369772, 360, 360, 0
16.014, 0.369772, 360, 360, 0
16.028, 0.369772, 360, 360, 0
16.041, 0.369772, 360, 360, 0
16.062, 0.369772, 360, 360, 0
16.085, 0.369772, 360, 360, 0
16.099, 0.369772, 360, 360, 0
16.12, 0.369772, 360, 360, 0
16.141, 0.369772, 360, 360, 0
16.161, 0.369772, 360, 360, 0
16.177, 0.369772, 360, 360, 0
16.191, 0.369772, 360, 360, 0
16.208, 0.369772, 360, 360, 0
16.222, 0.369772, 360, 360, 0
16.237, 0.369772, 360, 360, 0
16.25, 0.369772, 360, 360, 0
16.264, 0.369772, 360, 360, 0
16.278, 0.369772, 360, 360, 0
16.3, 0.369772, 360, 360, 0
16.316, 0.369772, 360, 360, 0
16.333, 0.369772, 360, 360, 0
16.353, 0.369772, 360, 360, 0
16.366, 0.369772, 360, 360, 0
16.389, 0.369772, 360, 360, 0
16.407, 0.369772, 360, 360, 0
16.43, 0.369772, 360, 360, 0
16.453, 0.0295365, 360, 359.795, 0
16.471, 0.0996353, 360, 359.795, 0
16.532, 0.111945, 360, 359.795, 0
16.55, 0.115023, 360, 359.795, 0
16.567, 0.122204, 360, 359.795, 0
16.582, 0.13041, 360, 359.795, 0
16.597, 0.136565, 360, 359.795, 0
16.611, 0.14272, 360, 359.795, 0
16.625, 0.14785, 360, 359.795, 0
16.639, 0.154005, 360, 359.795, 0
16.661, 0.158108, 360, 359.795, 0
16.678, 0.165289, 360, 359.795, 0
16.698, 0.170418, 360, 359.795, 0
16.722, 0.177599, 360, 359.795, 0
16.741, 0.182728, 360, 359.795, 0
16.755, 0.186831, 360, 359.795, 0
16.775, 0.192986, 360, 359.795, 0
16.795, 0.198116, 360, 359.795, 0
16.814, 0.203245, 360, 359.795, 0
16.832, 0.211451, 360, 359.795, 0
16.847, 0.217606, 360, 359.795, 0
16.862, 0.222736, 360, 359.795, 0
16.88, 0.230942, 360, 359.795, 0
16.892, 0.236071, 360, 359.795, 0
16.907, 0.242226, 360, 359.795, 0
16.921, 0.249407, 360, 359.795, 0
16.935, 0.255562, 360, 359.795, 0
16.949, 0.260691, 360, 359.795, 0
16.961, 0.266847, 360, 359.795, 0
16.976, 0.274027, 360, 359.795, 0
16.99, 0.278131, 360, 359.795, 0
17.004, 0.285312, 360, 359.795, 0
17.018, 0.291467, 360, 359.795, 0
17.031, 0.296596, 360, 359.795, 0
17.045, 0.302751, 360, 359.795, 0
17.057, 0.308906, 360, 359.795, 0
17.073, 0.314035, 360, 359.795, 0
17.145, 0.32019, 360, 359.795, 0
17.156, 0.328397, 360, 359.795, 0
17.17, 0.335578, 360, 359.795, 15.5819
17.188, 0.304802, 360, 359.863, 0
17.206, 0.306854, 360, 359.932, 0
17.235, 0.276763, 360, 359.932, 0
17.255, 0.278473, 360, 359.932, 0
17.276, 0.279498, 360, 359.932, 0
17.304, 0.28326, 360, 359.932, 0
17.335, 0.284286, 360, 359.932, 0
17.376, 0.285312, 360, 359.932, 0
17.412, 0.288047, 360, 359.932, 0
17.433, 0.289415, 360, 359.932, 0
17.49, 0.291467, 360, 359.932, 0
17.526, 0.293176, 360, 359.932, 0
17.57, 0.294202, 360, 359.932, 0
17.605, 0.296596, 360, 359.932, 0
17.658, 0.297964, 360, 359.932, 0
17.694, 0.300357, 360, 359.932, 0
17.724, 0.301383, 360, 359.932, 0
17.753, 0.303435, 360, 359.932, 0
17.773, 0.0398784, 360, 359.932, 0
17.794, 0.0415881, 360, 359.932, 0
17.815, 0.0439818, 360, 359.932, 0
17.827, 0.0398784, 360, 360, 0
17.841, 0.063731, 360, 154.833, 0
17.854, 0.0661246, 360, 360.137, 0
17.866, 0.070228, 360, 360.137, 0
17.878, 0.0756991, 360, 360.137, 0
17.891, 0.0798024, 360, 360.137, 0
17.903, 0.0839058, 360, 360.137, 0
17.916, 0.0880091, 360, 360.137, 0
17.929, 0.0921125, 360, 360.137, 0
17.941, 0.0962158, 360, 360.137, 0
17.954, 0.100319, 360, 360.137, 0
17.965, 0.103739, 360, 360.137, 0
17.978, 0.107842, 360, 360.137, 0
17.992, 0.111261, 360, 360.137, 0
18.006, 0.115365, 360, 360.137, 0
18.02, 0.120152, 360, 360.137, 0
18.034, 0.124255, 360, 360.137, 0
18.048, 0.127675, 360, 360.137, 0
18.065, 0.131778, 360, 360.137, 0
18.081, 0.131778, 360, 360.137, 0
18.098, 0.138617, 360, 360.137, 0
18.112, 0.14272, 360, 360.137, 0
18.126, 0.146824, 360, 360.137, 0
18.14, 0.150927, 360, 360.137, 0
18.16, 0.154347, 360, 360.137, 0
18.178, 0.155714, 360, 360.137, 0
18.196, 0.161185, 360, 360.137, 0
18.213, 0.164605, 360, 360.137, 0
18.236, 0.168708, 360, 360.137, 0
18.255, 0.171444, 360, 360.137, 0
18.282, 0.173495, 360, 360.137, 0
18.319, 0.173495, 360, 360.137, 0
18.356, 0.173495, 360, 360.137, 0
18.392, 0.173495, 360, 360.137, 0
18.425, 0.186489, 360, 360.137, 0
18.512, 0.194696, 360, 360.137, 0
18.535, 0.198799, 360, 360.137, 0
18.552, 0.200851, 360, 360.137, 0
18.573, 0.207006, 360, 360.137, 0
18.593, 0.209742, 360, 360.137, 0
18.611, 0.215897, 360, 360.137, 0
18.625, 0.219316, 360, 360.137, 0
18.64, 0.223419, 360, 360.137, 0
18.654, 0.226155, 360, 360.137, 0
18.678, 0.231626, 360, 360.137, 0
18.696, 0.235046, 360, 360.137, 0
18.717, 0.236413, 360, 360.137, 0
18.74, 0.241201, 360, 360.137, 0
18.756, 0.245988, 360, 360.137, 0
18.776, 0.249407, 360, 360.137, 0
18.8, 0.254195, 360, 360.137, 0
18.824, 0.25693, 360, 360.137, 0
18.841, 0.258982, 360, 360.137, 0
18.855, 0.265137, 360, 360.137, 0
18.868, 0.26924, 360, 360.137, 0
18.883, 0.273343, 360, 360.137, 0
18.897, 0.277447, 360, 360.137, 0
18.911, 0.247014, 360, 360.068, 0
18.926, 0.249065, 360, 360.068, 0
18.94, 0.251117, 360, 360.068, 0
18.953, 0.252827, 360, 360.068, 0
18.965, 0.254536, 360, 360.068, 0
18.982, 0.256246, 360, 360.068, 0
19.005, 0.257956, 360, 360.068, -450060
19.023, 0.00465805, 360, 360, -15.7942
19.039, 0.0740729, 360, 359.863, 0
19.057, 0.0774924, 360, 359.863, 0
19.08, 0.080228, 360, 359.863, 0
19.095, 0.0822796, 360, 359.863, 0
19.117, 0.0884347, 360, 359.863, 0
19.144, 0.0939058, 360, 359.863, 0
19.164, 0.0980091, 360, 359.863, 0
19.183, 0.101429, 360, 359.863, -0.758345
19.204, 0.104164, 360, 359.863, 0
19.221, 0.106216, 360, 359.863, 0
19.239, 0.111687, 360, 359.863, 0
19.262, 0.114422, 360, 359.863, 0
19.282, 0.119894, 360, 359.863, 0
19.3, 0.123313, 360, 359.863, 0
19.321, 0.127416, 360, 359.863, 0
19.339, 0.130836, 360, 359.863, 0
19.363, 0.135623, 360, 359.863, 0
19.384, 0.141094, 360, 359.863, 0
19.398, 0.145198, 360, 359.863, 0
19.412, 0.147933, 360, 359.863, 0
19.431, 0.152036, 360, 359.863, 0
19.451, 0.155456, 360, 359.863, 0
19.466, 0.158191, 360, 359.863, 0
19.485, 0.161611, 360, 359.863, 0
19.505, 0.164347, 360, 359.863, 0
19.529, 0.169818, 360, 359.863, 0
19.549, 0.172553, 360, 359.863, 0
19.57, 0.178024, 360, 359.863, 0
19.598, 0.183495, 360, 359.863, 0
19.624, 0.186915, 360, 359.863, 0
19.653, 0.188283, 360, 359.863, 0
19.699, 0.193754, 360, 359.863, 0
19.741, 0.195805, 360, 359.863, 0
19.775, 0.200593, 360, 359.863, 0
19.827, 0.20538, 360, 359.863, 0
19.868, 0.208799, 360, 359.863, 0
19.896, 0.211535, 360, 359.863, 0
19.97, 0.216322, 360, 359.863, 0
20.004, 0.221109, 360, 359.863, 0
20.033, 0.223845, 360, 359.863, 0
20.069, 0.223845, 360, 359.863, 0
20.098, 0.227948, 360, 359.863, 0
20.135, 0.227948, 360, 359.863, 0
20.159, 0.236155, 360, 359.863, 0
20.177, 0.239574, 360, 359.863, 0
20.205, 0.246413, 360, 359.863, 0
20.218, 0.250517, 360, 359.863, 0
20.232, 0.253936, 360, 359.863, 0
20.246, 0.25804, 360, 359.863, 0
20.261, 0.261459, 360, 359.863, 0
20.282, 0.264195, 360, 359.863, 0
20.298, 0.266246, 360, 359.863, 0
20.314, 0.269666, 360, 359.863, 0
20.335, 0.273769, 360, 359.863, 0
20.352, 0.275821, 360, 359.863, 0
20.373, 0.281976, 360, 359.863, 0
20.395, 0.284711, 360, 359.863, 0
20.417, 0.288815, 360, 0, 315669
20.431, 0.288815, 360, 0.205167, 0
20.447, 0.0405623, 360, 359.932, 0
20.46, 0.042272, 360, 359.932, 0
20.475, 0.0443237, 360, 359.932, 0
20.49, 0.0470593, 360, 359.932, 0
20.503, 0.048769, 360, 359.932, 0
20.518, 0.0508207, 360, 359.932, 0
20.531, 0.0535562, 360, 359.932, 0
20.544, 0.0556079, 360, 359.932, 0
20.556, 0.0576596, 360, 359.932, 0
20.569, 0.0597112, 360, 359.932, 0
20.581, 0.0617629, 360, 359.932, 0
20.593, 0.0638146, 360, 359.932, 0
20.606, 0.0658663, 360, 359.932, 0
20.619, 0.0679179, 360, 359.932, 0
20.631, 0.0703116, 360, 359.932, 0
20.644, 0.0723632, 360, 359.932, 0
20.656, 0.0747568, 360, 359.932, 0
20.67, 0.0761246, 360, 359.932, 0
20.683, 0.0785182, 360, 359.932, 0
20.697, 0.080228, 360, 359.932, 0
20.712, 0.0822796, 360, 359.932, 0
20.723, 0.0839894, 360, 359.932, 0
20.736, 0.0853571, 360, 359.932, 0
20.758, 0.0870669, 360, 359.932, 0
20.781, 0.0894605, 360, 359.932, 0
20.799, 0.0911702, 360, 359.932, 0
20.821, 0.0928799, 360, 359.932, 13.8861
20.848, 0.00568389, 360, 360.137, 0
20.876, 0.0664666, 360, 360.137, 0
20.902, 0.0726216, 360, 360.137, 0
20.917, 0.0753571, 360, 360.137, 0
20.936, 0.0787766, 360, 360.137, 0
20.954, 0.0801444, 360, 360.137, 0
20.973, 0.0856155, 360, 360.137, 0
20.992, 0.089035, 360, 360.137, 0
21.027, 0.0924544, 360, 360.137, 0
21.077, 0.0972416, 360, 360.137, 0
21.114, 0.0972416, 360, 360.137, 0
21.18, 0.106132, 360, 360.137, 0
21.231, 0.110919, 360, 360.137, 0
21.278, 0.113655, 360, 360.137, -330401
21.298, 0.0654407, 360, 360.137, 0
21.313, 0.0695441, 360, 360.137, 0
21.328, 0.0736474, 360, 360.137, 0
21.342, 0.0777508, 360, 360.137, 0
21.356, 0.082538, 360, 360.137, 0
21.374, 0.0859574, 360, 360.137, 0
21.395, 0.088693, 360, 360.137, 0
21.41, 0.0907447, 360, 360.137, 0
21.432, 0.0955319, 360, 360.137, 0
21.467, 0.0982675, 360, 360.137, 0
21.538, 0.101687, 360, 360.137, 0
21.582, 0.108526, 360, 360.137, 0
21.615, 0.111945, 360, 360.137, 0
21.649, 0.115365, 360, 360.137, 0
21.673, 0.1181, 360, 360.137, 0
21.732, 0.124255, 360, 360.137, 0
21.755, 0.129043, 360, 360.137, 0
21.774, 0.132462, 360, 360.137, 0
21.796, 0.135198, 360, 360.137, 0
21.812, 0.137249, 360, 360.137, 0
21.833, 0.143404, 360, 360.137, 0
21.852, 0.14614, 360, 360.137, 0
21.874, 0.151611, 360, 360.137, 0
21.889, 0.154347, 360, 360.137, 0
21.909, 0.157766, 360, 360.137, 0
21.935, 0.163237, 360, 360.137, 0
21.957, 0.16734, 360, 360.137, 0
21.976, 0.168708, 360, 360.137, 0
21.994, 0.174179, 360, 360.137, 0
22.016, 0.178283, 360, 360.137, 0
22.053, 0.182386, 360, 360.137, 0
22.081, 0.187173, 360, 360.137, 0
22.101, 0.190593, 360, 360.137, 0
22.116, 0.194696, 360, 360.137, 0
22.131, 0.199483, 360, 360.137, 0
22.144, 0.203587, 360, 360.137, 0
22.158, 0.203587, 360, 360.137, 0
22.175, 0.209058, 360, 360.137, 0
22.19, 0.213161, 360, 360.137, 0
22.203, 0.217948, 360, 360.137, 0
22.218, 0.222052, 360, 360.137, 0
22.233, 0.226155, 360, 360.137, 0
22.246, 0.230258, 360, 360.137, 0
22.26, 0.233678, 360, 360.137, 0
22.274, 0.238465, 360, 360.137, 0
22.288, 0.241201, 360, 360.137, 0
22.312, 1, 360, 360.137, 0
22.327, 0.102371, 360, 360.205, 0
22.341, 0.14443, 360, 360.274, 0
22.355, 0.151269, 360, 360.274, 0
22.37, 0.159476, 360, 360.274, 0
22.382, 0.166315, 360, 360.274, 0
22.394, 0.175889, 360, 360.274, 0
22.408, 0.182728, 360, 360.274, 0
22.42, 0.190935, 360, 360.274, 0
22.44, 0.19367, 360, 360.274, 0
22.458, 0.207348, 360, 360.274, 0
22.47, 0.214187, 360, 360.274, 0
22.485, 0.225129, 360, 360.274, 0
22.499, 0.233336, 360, 360.274, 0
22.513, 0.237439, 360, 360.274, 0
22.536, 0.244278, 360, 360.274, 0
22.556, 0.251117, 360, 360.274, 0
22.601, 0.257956, 360, 360.274, 0
22.641, 0.26753, 360, 360.274, 0
22.669, 0.26753, 360, 360.274, 0
22.684, 0.275737, 360, 360.274, 0
22.736, 1, 360, 360.547, 32.0474
22.758, 0.425509, 360, 360.821, 0
22.776, 0.446026, 360, 360.821, 0
22.798, 0.462439, 360, 360.821, 0
22.822, 0.487059, 360, 360.821, 0
22.837, 0.481246, 360, 360.752, 0
22.854, 0.461755, 360, 360.684, 0
22.868, 0.448078, 360, 360.616, 0
22.882, 0.466543, 360, 360.616, 0
22.897, 0.485008, 360, 360.616, 0
22.911, 0.503473, 360, 360.616, 0
22.926, 0.521938, 360, 360.616, 0
22.938, 0.540403, 360, 360.547, 0
22.95, 0.522622, 360, 360.547, 0
22.964, 0.499027, 360, 360.479, 0
22.978, 0.48364, 360, 360.41, 0
22.993, 0.48364, 360, 360.342, 0
23.016, 0.463123, 360, 360.274, 0
23.03, 0.440897, 360, 360.274, 0
23.044, 0.450471, 360, 360.274, 0
23.058, 0.455942, 360, 360.205, 0
23.073, 0.430296, 360, 360.205, 0
23.087, 0.401915, 360, 360.137, 0
23.101, 0.405334, 360, 360.068, 0
23.114, 0.373191, 360, 360.068, 0
23.128, 0.375243, 360, 360.068, 0
23.142, 0.376953, 360, 360.068, 0
23.156, 0.379688, 360, 360.068, 0
23.171, 0.381056, 360, 360.068, 0
23.192, 0.383108, 360, 360.068, 0
23.208, 0.385843, 360, 360.068, 0
23.222, 0.387553, 360, 360.068, 0
23.243, 0.388921, 360, 360.068, 0
23.259, 0.391657, 360, 360.068, 0
23.271, 0.393366, 360, 360.068, 0
23.285, 0.39576, 360, 360.068, 0
23.298, 0.39747, 360, 360.068, 0
23.313, 0.399521, 360, 360.068, 0
23.327, 0.401573, 360, 360.068, 0
23.342, 0.403625, 360, 360.068, 0
23.357, 0.40636, 360, 360.068, 0
23.369, 0.408412, 360, 360.068, 0
23.384, 0.410464, 360, 360.068, 0
23.397, 0.412515, 360, 360.068, 0
23.411, 0.414225, 360, 360.068, 0
23.426, 0.416277, 360, 360.068, 0
23.441, 0.419012, 360, 360.068, 0
23.457, 0.419696, 360, 360.068, 0
23.473, 0.42209, 360, 360.068, 0
23.493, 0.422774, 360, 360.068, 0
23.515, 0.425851, 360, 360.068, 0
23.534, 0.427219, 360, 360.068, 0
23.555, 0.429954, 360, 360.068, 6306.63
23.591, 1, 360, 359.726, -14.0372
23.625, 0.356436, 360, 359.316, 0
23.642, 0.373533, 360, 359.316, 0
23.661, 0.390631, 360, 359.316, 0
23.682, 0.404309, 360, 359.316, 0
23.695, 0.353784, 360, 359.453, 0
23.707, 0.353784, 360, 359.59, 15.0903
23.725, 1, 360, 359.726, 26.652
23.746, 0.005, 360, 360, 60.0958
23.76, 0.0305623, 360, 360.068, 0
23.777, 0.032272, 360, 360.068, 0
23.794, 0.0339818, 360, 360.068, 0
23.814, 0.0360334, 360, 360.068, 0
23.837, 0.0374012, 360, 360.068, 0
23.854, 0.0384271, 360, 360.068, 0
23.875, 0.0415046, 360, 360.068, 0
23.895, 0.0428723, 360, 360.068, 0
23.921, 0.0456079, 360, 360.068, 0
23.939, 0.0469757, 360, 360.068, 0
23.96, 0.0497112, 360, 360.068, 0
23.983, 0.0517629, 360, 360.068, 0
24.001, 0.0524468, 360, 360.068, 0
24.119, 0.057576, 360, 360.068, 0
24.192, 0.0599696, 360, 360.068, 0
24.215, 0.0627052, 360, 360.068, 0
24.237, 0.0650988, 360, 360.068, 0
24.253, 0.0654407, 360, 360.068, 0
24.276, 0.0685182, 360, 360.068, 0
24.299, 0.0709119, 360, 360.068, 0
24.321, 0.0722796, 360, 360.068, 0
24.375, 0.0736474, 360, 360.068, 0
24.416, 0.0756991, 360, 360.068, 0
24.432, 0.0787766, 360, 360.068, 0
24.454, 0.0798024, 360, 360.068, 0
24.48, 0.0808283, 360, 360.068, 0
24.514, 0.0832219, 360, 18.1231, 0
24.575, 0.0295365, 360, 360.068, 0
24.61, 0.0312462, 360, 360.068, 0
24.657, 0.0329559, 360, 360.068, 0
24.705, 0.0350076, 360, 360.068, 0
24.752, 0.0367173, 360, 360.068, 0
24.803, 0.0397948, 360, 360.068, 0
24.845, 0.0411626, 360, 360.068, 0
24.883, 0.0435562, 360, 360.068, 0
24.9, 0.0459498, 360, 360.068, 0
24.915, 0.0480015, 360, 360.068, 0
24.931, 0.0507371, 360, 360.068, 0
24.945, 0.0527888, 360, 360.068, 0
24.96, 0.0548404, 360, 360.068, 0
24.976, 0.057576, 360, 360.068, 0
24.994, 0.0582599, 360, 360.068, 0
25.012, 0.0592857, 360, 360.068, 0
25.033, 0.0623632, 360, 360.068, 0
25.056, 0.0647568, 360, 360.068, 0
25.075, 0.0657827, 360, 360.068, 0
25.099, 0.0685182, 360, 360.068, 0
25.124, 0.0705699, 360, 360.068, 0
25.146, 0.0719377, 360, 360.068, 0
25.165, 0.0743313, 360, 360.068, 0
25.183, 0.076041, 360, 428.457, -30008.4
25.2, 0.00602584, 360, 360, 0
25.215, 0.0285106, 360, 359.932, 0
25.227, 0.0302204, 360, 359.932, 0
25.24, 0.032272, 360, 359.932, 0
25.26, 0.0339818, 360, 359.932, 0
25.28, 0.0363754, 360, 359.932, 0
25.293, 0.0384271, 360, 359.932, 0
25.306, 0.0408207, 360, 359.932, 0
25.319, 0.0421884, 360, 359.932, 0
25.334, 0.0445821, 360, 359.932, 0
25.348, 0.0466337, 360, 359.932, 0
25.361, 0.0483435, 360, 359.932, 0
25.375, 0.0503951, 360, 359.932, 0
25.386, 0.0524468, 360, 359.932, 0
25.401, 0.0541565, 360, 359.932, 0
25.421, 0.0555243, 360, 359.932, 0
25.443, 0.0582599, 360, 359.932, 0
25.459, 0.0596277, 360, 359.932, 0
25.472, 0.0596277, 360, 359.932, 0
25.496, 0.0620213, 360, 359.932, 0
25.518, 0.0647568, 360, 17.9863, 0
25.537, 0.0409043, 360, 359.932, 0
25.552, 0.0429559, 360, 359.932, 0
25.566, 0.0450076, 360, 223.153, 0
25.58, 0.00602584, 360, 360, 30.1406
25.594, 0.063731, 360, 360.137, 0
25.615, 0.0409043, 360, 360, 0
25.63, 0.0409043, 360, 359.932, 0
25.651, 0.0295365, 360, 359.932, 0
25.671, 0.0302204, 360, 359.932, 0
25.689, 0.0329559, 360, 359.932, 0
25.712, 0.0353495, 360, 359.932, 0
25.734, 0.0367173, 360, 359.932, 0
25.749, 0.0391109, 360, 359.932, 0
25.77, 0.0408207, 360, 359.932, 0
25.789, 0.0435562, 360, 359.932, 0
25.804, 0.0456079, 360, 359.932, 0
25.818, 0.0473176, 360, 359.932, 0
25.832, 0.0493693, 360, 359.932, 0
25.846, 0.0517629, 360, 359.932, 0
25.862, 0.0538146, 360, 359.932, 0
25.874, 0.0558663, 360, 359.932, 0
25.888, 0.057576, 360, 359.932, 0
25.902, 0.0599696, 360, 359.932, 0
25.916, 0.0620213, 360, 359.932, 0
25.929, 0.0640729, 360, 359.932, 0
25.943, 0.0657827, 360, 359.932, 0
25.958, 0.0678343, 360, 359.932, 0
25.971, 0.069886, 360, 359.932, 0
25.986, 0.0722796, 360, 359.932, 0
26.001, 0.0743313, 360, 359.932, 0
26.014, 0.076383, 360, 359.932, 0
26.029, 0.0398784, 360, 359.932, 0
26.043, 0.042272, 360, 359.932, 0
26.057, 0.042272, 360, 359.932, 0
26.08, 0.0453495, 360, 359.932, 0
26.099, 0.0470593, 360, 359.932, 0
26.126, 0.0497948, 360, 359.932, 0
26.141, 0.0511626, 360, 359.932, 0
26.162, 0.0521884, 360, 359.932, 0
26.183, 0.054924, 360, 359.932, 0
26.21, 0.0576596, 360, 359.932, 0
26.228, 0.0593693, 360, 359.932, 0
26.25, 0.0607371, 360, 359.932, 0
26.266, 0.0631307, 360, 359.932, 0
26.286, 0.0648404, 360, 359.932, 0
26.304, 0.0665502, 360, 359.932, 0
26.324, 0.0679179, 360, 359.932, 0
26.346, 0.0706535, 360, 359.932, 0
26.372, 0.0733891, 360, 359.932, 0
26.389, 0.0750988, 360, 359.932, 0
26.41, 0.0768085, 360, 359.932, 304595
26.428, 0.00602584, 360, 360, 599.904
26.442, 0.0291945, 360, 360.137, 0
26.455, 0.0674924, 360, 360.137, 0
26.469, 0.0722796, 360, 360.137, 0
26.482, 0.0750152, 360, 360.137, 0
26.497, 0.0798024, 360, 360.137, 0
26.511, 0.0839058, 360, 360.137, 0
26.525, 0.0880091, 360, 360.137, 0
26.539, 0.0921125, 360, 360.137, 0
26.555, 0.0968997, 360, 360.137, 0
26.568, 0.101003, 360, 360.137, 0
26.582, 0.104422, 360, 360.137, 0
26.598, 0.105106, 360, 360.137, 0
26.611, 0.111261, 360, 360.137, 0
26.624, 0.114681, 360, 360.137, 0
26.64, 0.120152, 360, 360.137, 0
26.654, 0.124255, 360, 360.137, 0
26.668, 0.0754407, 360, 360, 0
26.679, 0.00739362, 360, 359.932, 0
26.692, 0.0281687, 360, 359.932, 0
26.706, 0.0309043, 360, 359.932, 0
26.721, 0.032272, 360, 359.932, 0
26.736, 0.0350076, 360, 359.932, 0
26.75, 0.0350076, 360, 359.932, 0
26.773, 0.0380851, 360, 359.932, 0
26.796, 0.0404787, 360, 359.932, 0
26.813, 0.0421884, 360, 359.932, 0
26.833, 0.0438982, 360, 359.932, 0
26.851, 0.0456079, 360, 359.932, 0
26.872, 0.0466337, 360, 359.932, 0
26.894, 0.0490274, 360, 359.932, 0
26.906, 0.0490274, 360, 359.932, 17.0122
26.929, 0.0398784, 360, 360.205, 0
26.945, 0.102029, 360, 360.205, 0
26.962, 0.106132, 360, 360.205, 0
26.985, 0.110236, 360, 360.205, 0
27.024, 0.114339, 360, 360.205, 0
27.066, 0.119468, 360, 360.205, 0
27.096, 0.124597, 360, 360.205, 0
27.13, 0.130752, 360, 360.205, 0
27.152, 0.138959, 360, 360.205, 0
27.17, 0.142036, 360, 360.205, 0
27.188, 0.151269, 360, 360.205, 0
27.203, 0.157424, 360, 360.205, 0
27.216, 0.162553, 360, 360.205, 0
27.231, 0.17076, 360, 360.205, 0
27.246, 0.176915, 360, 360.205, 0
27.26, 0.182044, 360, 360.205, 0
27.274, 0.189225, 360, 360.205, 0
27.288, 0.194354, 360, 360.205, 0
27.302, 0.201535, 360, 360.205, 0
27.316, 0.20769, 360, 360.205, 0
27.331, 0.213845, 360, 360.205, 0
27.345, 0.22, 360, 360.205, 0
27.357, 0.225129, 360, 360.205, 0
27.37, 0.231284, 360, 360.205, 0
27.385, 0.237439, 360, 360.205, 0
27.4, 0.243594, 360, 360.205, 0
27.414, 0.250775, 360, 360.205, 0
27.426, 0.25693, 360, 360.205, 0
27.44, 0.260008, 360, 360.205, 0
27.459, 0.264111, 360, 360.205, 0
27.477, 0.267188, 360, 360.205, 0
27.499, 0.275395, 360, 360.205, 0
27.516, 0.278473, 360, 360.205, 0
27.544, 0.284628, 360, 360.205, 0
27.591, 0.289757, 360, 360.205, 0
27.641, 0.297964, 360, 360.205, 0
27.683, 0.300015, 360, 360.205, 0
27.754, 0.313351, 360, 360.205, 92127.2
27.787, 0.317454, 360, 360.205, 0
27.805, 0.103739, 360, 360.205, 0
27.827, 0.109894, 360, 360.205, 0
27.849, 0.113997, 360, 360.205, 0
27.87, 0.122204, 360, 360.205, 0
27.888, 0.129384, 360, 360.205, 0
27.902, 0.13554, 360, 360.205, 0
27.914, 0.13554, 360, 360.205, 0
27.931, 0.139643, 360, 360.205, 0
27.943, 0.139643, 360, 360.205, 0
27.971, 0.148875, 360, 360.205, 0
28, 0.150927, 360, 360.205, 0
28.018, 0.162211, 360, 360.205, 0
28.036, 0.16734, 360, 360.205, 0
28.055, 0.17247, 360, 360.205, 0
28.076, 0.176573, 360, 360.205, 0
28.097, 0.18478, 360, 360.205, 0
28.119, 0.190935, 360, 360.205, 0
28.137, 0.196064, 360, 360.205, 0
28.161, 0.203245, 360, 360.205, 0
28.181, 0.207348, 360, 360.205, 0
28.198, 0.210426, 360, 360.205, 0
28.219, 0.219658, 360, 360.205, 0
28.238, 0.223761, 360, 360.205, 0
28.255, 0.226839, 360, 360.205, 0
28.283, 0.238123, 360, 360.205, 0
28.306, 0.242226, 360, 360.205, 0
28.328, 0.248381, 360, 360.205, 0
28.345, 0.255562, 360, 360.205, 0
28.364, 0.261717, 360, 360.205, 0
28.413, 0.267872, 360, 360.205, 0
28.452, 0.276079, 360, 360.205, 0
28.476, 0.28326, 360, 360.205, 0
28.495, 0.286337, 360, 360.205, 0
28.512, 0.289415, 360, 360.205, 0
28.528, 0.293518, 360, 360.205, 0
28.546, 0.301725, 360, 360.205, 0
28.588, 0.308906, 360, 360.205, 0
28.607, 0.314035, 360, 360.205, 0
28.623, 0.317112, 360, 360.205, 0
28.638, 0.325319, 360, 360.205, 0
28.658, 0.328397, 360, 360.205, 0
28.677, 0.3325, 360, 360.205, 0
28.699, 0.34481, 360, 360.205, 0
28.712, 0.349939, 360, 360.205, 0
28.727, 0.356094, 360, 360.205, 0
28.742, 0.35712, 360, 360.205, 0
28.764, 0.364301, 360, 360.205, 0
28.81, 0.370456, 360, 360.205, 93652.4
28.824, 0.0654407, 360, 360.137, 0
28.839, 0.070228, 360, 360.137, 0
28.853, 0.0743313, 360, 360.137, 0
28.867, 0.0743313, 360, 360.137, 0
28.914, 0.0798024, 360, 360.137, 0
28.969, 0.0859574, 360, 360.137, 0
29.02, 0.0921125, 360, 360.137, 0
29.041, 0.0941641, 360, 360.137, 0
29.062, 0.0975836, 360, 360.137, 0
29.082, 0.101687, 360, 360.137, -4.10334e+07
29.098, 0.0647568, 360, 360.137, 0
29.112, 0.0688602, 360, 360.137, 0
29.125, 0.0729635, 360, 360.137, 0
29.138, 0.076383, 360, 360.137, 0
29.153, 0.0811702, 360, 154.97, 941134
29.164, 0.0661246, 360, 360.137, 0
29.178, 0.070228, 360, 360.137, 0
29.193, 0.0743313, 360, 360.137, 0
29.206, 0.0777508, 360, 360.137, 0
29.221, 0.0818541, 360, 360.137, 0
29.244, 0.0852736, 360, 360.137, 0
29.26, 0.0873252, 360, 360.137, 0
29.273, 0.0873252, 360, 360.137, 0
29.288, 0.0941641, 360, 360.137, 0
29.307, 0.0962158, 360, 360.137, 0
29.328, 0.101687, 360, 360.137, 0
29.344, 0.101687, 360, 360.137, 0
29.365, 0.106474, 360, 360.137, 0
29.381, 1, 360, 360.479, 56.4732
29.397, 0.204271, 360, 360.616, 284.823
29.41, 0.552112, 360, 361.094, 0
29.423, 0.552112, 360, 361.094, 0
29.437, 0.517918, 360, 360.957, 0
29.457, 0.493298, 360, 360.821, 34936.9
29.48, 0.423541, 360, 360.684, 0
29.494, 0.30557, 360, 360.479, 0
29.508, 0.286079, 360, 360.479, 0
29.523, 0.300441, 360, 360.479, 0
29.534, 0.317196, 360, 360.479, 0
29.548, 0.326771, 360, 360.479, 0
29.563, 0.343526, 360, 360.479, 0
29.577, 0.360281, 360, 360.479, 0
29.591, 0.372249, 360, 360.479, 0
29.605, 0.386611, 360, 360.479, 0
29.619, 0.403366, 360, 360.479, 0
29.634, 0.417728, 360, 360.479, 0
29.648, 0.43209, 360, 360.479, 0
29.662, 0.446451, 360, 360.479, 0
29.678, 0.460813, 360, 360.479, 0
29.691, 0.475175, 360, 360.479, 0
29.705, 0.49193, 360, 360.479, 0
29.72, 0.471755, 360, 360.41, 0
29.734, 0.484065, 360, 360.41, 0
29.746, 0.496375, 360, 360.41, 0
29.758, 0.508685, 360, 360.41, 0
29.771, 0.525099, 360, 360.41, -59.4171
29.783, 0.501505, 360, 360.342, 0
29.796, 0.476884, 360, 360.274, 0
29.808, 0.483723, 360, 360.274, 0
29.823, 0.458078, 360, 360.205, 0
29.837, 0.460129, 360, 360.137, 0
29.859, 0.397553, 360, 360.068, 0
29.874, 0.397553, 360, 360, 0
29.895, 0.364384, 360, 360, 0
29.91, 0.364384, 360, 360, 0
29.929, 0.364384, 360, 360, -3.41945e+07
29.952, 0.005, 360, 360, 0
29.966, 0.005, 360, 360, 0
29.979, 0.005, 360, 360, 0
29.994, 0.005, 360, 360, 0
30.008, 0.005, 360, 360, 0
30.022, 0.005, 360, 360, 0
30.035, 0.005, 360, 360, 0
30.048, 0.005, 360, 360, -1.14561
30.061, 0.005, 360, 360, 0
30.076, 0.005, 360, 360, 0
30.089, 0.005, 360, 360, 0
30.104, 0.005, 360, 360, 0
30.118, 0.005, 360, 360, 0
30.13, 0.005, 360, 360, 0
30.145, 0.005, 360, 360, 0
30.158, 0.005, 360, 360, 0
30.172, 0.005, 360, 360, 0
30.185, 0.005, 360, 360, 0
30.199, 0.005, 360, 360, 0
30.214, 0.005, 360, 360, 0
30.226, 0.005, 360, 360, 0
30.241, 0.005, 360, 360, 0
30.255, 0.005, 360, 360, 0
30.272, 0.005, 360, 360, 0
30.286, 0.005, 360, 360, 0
30.309, 0.005, 360, 360, 0
30.323, 0.005, 360, 360, 0
30.344, 0.005, 360, 360, 0
30.365, 0.005, 360, 360, 0
30.384, 0.005, 360, 360, 0
30.406, 0.005, 360, 360, 0
30.429, 0.005, 360, 360, 0
30.445, 0.005, 360, 360, 0
30.467, 0.005, 360, 360, 0
30.484, 0.005, 360, 360, 0
30.513, 0.005, 360, 360, 0
30.534, 0.005, 360, 360, 0
30.561, 0.005, 360, 360, 0
30.596, 0.005, 360, 360, 0
30.629, 0.005, 360, 360, 0
30.67, 0.005, 360, 360, 0
30.689, 0.005, 360, 360, 0
30.709, 0.005, 360, 291.611, 31001.4
30.723, 0.0295365, 360, 360.205, 0
30.736, 0.139985, 360, 360.274, 0
30.75, 0.146824, 360, 360.274, 0
30.763, 0.15503, 360, 360.274, 0
30.778, 0.163237, 360, 360.274, 0
30.79, 0.170076, 360, 360.274, 0
30.804, 0.178283, 360, 360.274, 0
30.817, 0.185122, 360, 360.274, 0
30.832, 0.194696, 360, 0, -8.41761e+08
30.849, 1, 360, 359.932, -46.2088
30.866, 0.00773556, 360, 359.384, -15.0969
30.887, 0.389947, 360, 359.316, 83097.3
30.9, 0.326771, 360, 359.453, 0
30.915, 0.273769, 360, 359.59, 0
30.929, 0.216664, 360, 359.658, 0
30.943, 0.226922, 360, 359.658, 0
30.957, 0.202644, 360, 359.726, 0
30.971, 0.212219, 360, 359.726, 0
30.985, 0.216322, 360, 359.726, 0
31.007, 0.221793, 360, 359.726, 0
31.024, 0.225897, 360, 359.726, 0
31.082, 0.238207, 360, 359.726, 0
31.119, 0.238207, 360, 359.726, 0
31.16, 0.246413, 360, 359.726, 0
31.21, 0.265562, 360, 359.726, 0
31.238, 0.276505, 360, 359.726, 0
31.252, 0.276505, 360, 359.726, 0
31.282, 0.281976, 360, 359.726, 0
31.34, 0.290182, 360, 359.726, 0
31.372, 0.299757, 360, 359.726, -332772
31.419, 0.309331, 360, 359.726, 0
31.439, 0.149985, 360, 359.726, 0
31.458, 0.156824, 360, 359.726, 0
31.48, 0.166398, 360, 359.726, 0
31.503, 0.173237, 360, 359.726, 0
31.531, 0.182812, 360, 359.726, 0
31.553, 0.193754, 360, 359.726, 0
31.575, 0.203328, 360, 359.726, 0
31.594, 0.210167, 360, 359.726, 0
31.607, 0.217006, 360, 359.726, 0
31.628, 0.222477, 360, 359.726, 0
31.645, 0.232052, 360, 359.726, 0
31.659, 0.240258, 360, 359.726, 0
31.671, 0.249833, 360, 359.726, 0
31.685, 0.25804, 360, 359.726, 0
31.7, 0.266246, 360, 359.726, 0
31.713, 0.273085, 360, 359.726, 0
31.727, 0.281292, 360, 359.726, 0
31.74, 0.288131, 360, 359.726, 0
31.754, 0.296337, 360, 359.726, 0
31.768, 0.305912, 360, 359.726, 0
31.782, 0.314119, 360, 359.726, 0
31.796, 0.322325, 360, 359.726, 0
31.809, 0.329164, 360, 359.726, 0
31.822, 0.336003, 360, 359.726, 0
31.836, 0.34421, 360, 359.726, 0
31.85, 0.352416, 360, 359.726, 0
31.864, 0.357888, 360, 359.726, 0
31.883, 0.364726, 360, 359.726, 0
31.901, 0.375669, 360, 359.726, 0
31.916, 0.383875, 360, 359.726, 0
31.93, 0.392082, 360, 359.726, 0
31.942, 0.392082, 360, 359.726, 0
31.96, 0.403024, 360, 359.726, 0
31.982, 0.411231, 360, 359.726, 0
32, 0.41807, 360, 359.726, 0
32.018, 0.424909, 360, 359.726, -29427.3
32.031, 0.171786, 360, 359.59, -77.3632
32.045, 0.249149, 360, 359.521, -1.15483
32.058, 0.299415, 360, 359.453, 0
32.072, 0.313093, 360, 359.453, 30.3412
32.087, 0.296679, 360, 359.521, 0
32.101, 0.311041, 360, 359.521, 0
32.115, 0.320616, 360, 359.521, 0
32.142, 0.339764, 360, 359.521, 0
32.175, 0.358913, 360, 359.521, 0
32.19, 0.368488, 360, 359.521, 0
32.21, 0.378062, 360, 359.521, 0
32.227, 0.251543, 360, 359.521, 0
32.241, 0.265904, 360, 359.521, 0
32.255, 0.28266, 360, 359.521, 0
32.268, 0.297021, 360, 359.521, 0
32.282, 0.308989, 360, 359.521, -333817
32.296, 0.251543, 360, 359.521, 0
32.309, 0.265904, 360, 359.521, 0
32.321, 0.280266, 360, 359.521, 0
32.334, 0.299415, 360, 359.521, 0
32.346, 0.313777, 360, 359.521, 0
32.359, 0.328138, 360, 359.521, 0
32.371, 0.3425, 360, 359.521, 0
32.384, 0.356862, 360, 359.521, 0
32.396, 0.371223, 360, 359.521, 0
32.411, 0.376011, 360, 359.521, 0
32.43, 0.392766, 360, 359.521, 0
32.449, 0.397553, 360, 359.521, 0
32.472, 0.419096, 360, 359.521, 0
32.493, 0.42867, 360, 359.521, 0
32.509, 0.435851, 360, 359.521, 0
32.526, 0.420464, 360, 359.59, 0
32.545, 0.401657, 360, 359.658, 0
32.559, 0.410205, 360, 359.726, 0
32.573, 0.384217, 360, 359.726, 0
32.587, 0.392424, 360, 359.726, 0
32.6, 0.401998, 360, 359.726, 0
32.614, 0.40747, 360, 359.726, 0
32.629, 0.417044, 360, 359.726, 0
32.642, 0.425251, 360, 359.726, 0
32.656, 0.43209, 360, 359.726, 0
32.671, 0.440296, 360, 359.726, 0
32.683, 0.447135, 360, 359.726, 0
32.698, 0.455342, 360, 359.726, 36.8079
32.711, 0.428328, 360, 359.795, 0
32.736, 0.400973, 360, 359.932, 0
32.753, 0.367462, 360, 359.932, 0
32.767, 0.369514, 360, 359.932, 0
32.789, 0.370881, 360, 359.932, 0
32.818, 0.372249, 360, 359.932, 0
32.86, 0.372933, 360, 359.932, 0
32.903, 0.375669, 360, 359.932, 0
32.92, 0.378746, 360, 359.932, 0
32.934, 0.38114, 360, 359.932, 0
32.948, 0.383191, 360, 359.932, 0
32.961, 0.384901, 360, 359.932, 0
32.975, 0.386953, 360, 359.932, 0
32.989, 0.389005, 360, 359.932, 0
33.003, 0.391398, 360, 359.932, 0
33.018, 0.39345, 360, 359.932, 0
33.032, 0.395502, 360, 359.932, 0
33.046, 0.397895, 360, 359.932, 0
33.06, 0.399605, 360, 359.932, 0
33.075, 0.40234, 360, 359.932, 0
33.089, 0.403024, 360, 359.932, 0
33.105, 0.40405, 360, 359.932, 0
33.121, 0.406786, 360, 359.932, 0
33.138, 0.408153, 360, 359.932, 0
33.151, 0.408837, 360, 359.932, 0
33.175, 0.410889, 360, 359.932, 0
33.19, 0.410889, 360, 359.932, 0
33.207, 0.412941, 360, 359.932, 0
33.228, 0.416018, 360, 359.932, 0
33.252, 0.418754, 360, 359.932, 0
33.266, 0.421147, 360, 359.932, 0
33.279, 0.422515, 360, 359.932, 0
33.294, 0.424909, 360, 359.932, 0
33.308, 0.42696, 360, 359.932, 0
33.321, 0.42867, 360, 359.932, 0
33.335, 0.430722, 360, 359.932, 0
33.349, 0.432774, 360, 359.932, 0
33.364, 0.435167, 360, 359.932, 0
33.376, 0.436535, 360, 359.932, 0
33.391, 0.438929, 360, 359.932, 0
33.406, 0.44098, 360, 359.932, 0
33.419, 0.443032, 360, 359.932, 0
33.432, 0.443374, 360, 359.932, 0
33.452, 0.446451, 360, 154.764, 0
33.466, 0.0409043, 360, 359.932, 0
33.48, 0.042272, 360, 359.932, 0
33.494, 0.0443237, 360, 359.932, 0
33.509, 0.0467173, 360, 359.932, 0
33.522, 0.048769, 360, 359.932, 0
33.537, 0.0508207, 360, 359.932, 0
33.55, 0.0528723, 360, 359.932, 0
33.564, 0.055266, 360, 359.932, 0
33.578, 0.0562918, 360, 359.932, 0
33.594, 0.0573176, 360, 359.932, 0
33.609, 0.0573176, 360, 359.932, 0
33.631, 0.061079, 360, 359.932, 0
33.646, 0.0624468, 360, 359.932, 0
33.659, 0.0638146, 360, 359.932, 0
33.679, 0.0655243, 360, 359.932, 0
33.699, 0.0668921, 360, 359.932, 0
33.716, 0.0679179, 360, 359.932, 0
33.737, 0.0703116, 360, 359.932, 0
33.761, 0.0730471, 360, 359.932, 0
33.781, 0.0744149, 360, 359.932, 0
33.795, 0.0761246, 360, 359.932, 0
33.818, 0.0785182, 360, 359.932, 0
33.838, 0.080228, 360, 359.932, 0
33.857, 0.0809119, 360, 359.932, 0
33.874, 0.0822796, 360, 359.932, 0
33.895, 0.0853571, 360, 359.932, 0
33.917, 0.0877508, 360, 359.932, 0
33.935, 0.0894605, 360, 359.932, 0
33.957, 0.092196, 360, 359.932, 0
33.988, 0.0952736, 360, 359.932, 0
34.011, 0.0969833, 360, 359.932, 0
34.03, 0.0983511, 360, 359.932, 0
34.047, 0.0997188, 360, 359.932, 0
34.067, 0.102796, 360, 359.932, 0
34.086, 0.104164, 360, 359.932, 0
34.107, 0.106216, 360, 359.932, 0
34.126, 0.107242, 360, 359.932, 0
34.15, 0.109977, 360, 359.932, 0
34.166, 0.111003, 360, 359.932, 0
34.181, 0.113739, 360, 359.932, 0
34.198, 0.116132, 360, 359.932, 0
34.212, 0.1175, 360, 359.932, 0
34.224, 1, 360, 359.932, 44.4662
34.238, 0.0288526, 360, 360.137, 0
34.251, 0.102371, 360, 360.205, 0
34.265, 0.108526, 360, 360.205, 0
34.278, 0.113655, 360, 360.205, 0
34.293, 0.11981, 360, 360.205, 0
34.306, 0.125965, 360, 360.205, 0
34.321, 0.13212, 360, 360.205, 0
34.338, 0.134172, 360, 360.205, 0
34.392, 0.139301, 360, 360.205, 0
34.438, 0.145456, 360, 360.205, 0
34.472, 0.151611, 360, 360.205, 0
34.524, 0.158792, 360, 360.205, 0.763497
34.561, 0.163921, 360, 360.205, 0
34.579, 0.173153, 360, 360.205, 2.76431e+06
34.593, 0.0986094, 360, 360.274, 0
34.607, 0.212819, 360, 360.41, 0
34.621, 0.26035, 360, 360.479, 0
34.635, 0.274711, 360, 360.479, 0
34.649, 0.289073, 360, 360.479, 0
34.663, 0.301041, 360, 360.479, 0
34.684, 0.310616, 360, 360.479, 0
34.711, 0.317796, 360, 360.479, 0
34.75, 0.334552, 360, 360.479, 0
34.814, 0.351307, 360, 360.479, 0
34.868, 0.382424, 360, 360.479, 0
34.891, 0.396786, 360, 360.479, 0
34.909, 0.401573, 360, 360.479, 0
34.932, 0.423116, 360, 360.479, 0
34.949, 0.430296, 360, 360.479, 0
34.965, 0.437477, 360, 360.479, 0
34.982, 0.456626, 360, 360.479, 0
34.996, 0.470988, 360, 360.479, 0
35.011, 0.487743, 360, 360.479, 0
35.025, 0.466884, 360, 360.41, 0
35.039, 0.479195, 360, 360.41, 0
35.054, 0.491505, 360, 360.41, 0
35.069, 0.503815, 360, 360.342, 0
35.082, 0.48193, 360, 360.342, 0
35.096, 0.455258, 360, 360.274, 0
35.111, 0.463465, 360, 360.274, 0
35.127, 0.435767, 360, 360.205, 0
35.15, 0.441922, 360, 360.137, 0
35.172, 0.378321, 360, 360.068, 0
35.19, 0.38003, 360, 360.068, 0
35.207, 0.38174, 360, 360.068, 0
35.221, 0.38174, 360, 360.068, 0
35.237, 0.383108, 360, 360.068, 0
35.258, 0.0305623, 360, 360.068, 0
35.278, 0.0319301, 360, 360.068, 0
35.299, 0.0346657, 360, 360.068, 0
35.317, 0.0363754, 360, 360.068, 0
35.34, 0.0384271, 360, 360.068, 0
35.359, 0.0397948, 360, 360.068, 0
35.378, 0.0425304, 360, 360.068, 0
35.399, 0.0442401, 360, 360.068, 0
35.418, 0.0456079, 360, 360.068, 0
35.435, 0.0466337, 360, 360.068, 0
35.45, 0.0493693, 360, 360.068, 0
35.47, 0.051079, 360, 360.068, 0
35.485, 0.0524468, 360, 360.068, 0
35.507, 0.0544985, 360, 360.068, 0
35.525, 0.0562082, 360, 360.068, 0
35.547, 0.0586018, 360, 360.068, 0
35.57, 0.0599696, 360, 360.068, 0
35.593, 0.0620213, 360, 360.068, 0
35.649, 0.063731, 360, 1.70973, 0
35.68, 0.0302204, 360, 360.068, 0
35.698, 0.0319301, 360, 360.068, 0
35.717, 0.032614, 360, 360.068, 0
35.738, 0.0356915, 360, 360.068, 0
35.758, 0.0370593, 360, 360.068, 0
35.775, 0.0380851, 360, 360.068, 0
35.798, 0.0404787, 360, 360.068, 0
35.813, 0.0425304, 360, 360.068, 0
35.833, 0.0442401, 360, 360.068, 0
35.854, 0.0456079, 360, 360.068, 88932.5
35.868, 0.0305623, 360, 360.137, 0
35.881, 0.104764, 360, 360.205, 0
35.895, 0.109894, 360, 360.205, 0
35.909, 0.115023, 360, 360.205, 0
35.925, 0.116049, 360, 360.205, 0
35.938, 0.125281, 360, 360.205, 0
35.96, 0.129384, 360, 360.205, 0.490148
35.977, 0.132462, 360, 360.205, 0
36.005, 0.143746, 360, 360.205, 0
36.024, 0.148875, 360, 360.205, 0
36.043, 0.150927, 360, 360.205, 0
36.061, 0.159134, 360, 360.205, 0
36.081, 0.164263, 360, 360.205, 0
36.098, 0.169392, 360, 360.205, 237297
36.111, 1, 360, 360.616, 13.9684
36.135, 0.462097, 360, 361.026, 0
36.154, 0.517918, 360, 361.026, 0
36.174, 0.488511, 360, 360.889, 0
36.194, 0.476884, 360, 360.821, 0
36.216, 0.459103, 360, 360.821, 0
36.236, 0.47962, 360, 360.821, -20.2155
36.263, 0.437561, 360, 360.684, -13.8805
36.283, 0.41978, 360, 360.616, 0
36.304, 0.43209, 360, 360.616, 0
36.32, 0.450555, 360, 360.616, 0
36.342, 0.472097, 360, 360.616, 0
36.368, 0.472097, 360, 360.616, 0
36.41, 0.484407, 360, 360.616, 0
36.462, 0.512105, 360, 360.479, 0
36.485, 0.456368, 360, 360.41, 0
36.562, 0.44269, 360, 360.274, 0
36.582, 0.385243, 360, 360.274, 0
36.605, 0.39345, 360, 565.441, 0
36.625, 0.145881, 360, 360.274, 0
36.644, 0.149985, 360, 360.274, 0
36.671, 0.163663, 360, 360.274, 0
36.693, 0.174605, 360, 360.274, 0
36.707, 0.182812, 360, 360.274, 0
36.72, 0.18965, 360, 360.274, 0
36.734, 0.197857, 360, 360.274, 0
36.748, 0.206064, 360, 360.274, 0
36.761, 0.212903, 360, 360.274, 0
36.774, 0.219742, 360, 360.274, 0
36.787, 0.229316, 360, 360.274, 0
36.801, 0.234787, 360, 360.274, 0
36.817, 0.245729, 360, 360.274, 0
36.832, 0.253936, 360, 360.274, 0
36.846, 0.262143, 360, 360.274, 0
36.861, 0.27035, 360, 360.274, 0
36.874, 0.279924, 360, 360.274, 0
36.888, 0.286763, 360, 360.274, 0
36.901, 0.29497, 360, 360.274, 0
36.915, 0.301809, 360, 360.274, 0
36.93, 0.310015, 360, 360.274, 0
36.943, 0.318222, 360, 360.274, 0
36.957, 0.327796, 360, 360.274, 8.17956e+08
36.975, 0.143146, 360, 360.479, 0
37.002, 0.259407, 360, 360.479, 0
37.031, 0.266588, 360, 360.479, 0
37.08, 0.266588, 360, 360.479, 0
37.115, 0.292918, 360, 360.479, 0
37.177, 0.319248, 360, 360.479, 0
37.191, 0.333609, 360, 360.479, 0
37.204, 0.345578, 360, 360.479, 0
37.219, 0.362333, 360, 360.479, 0
37.233, 0.376695, 360, 360.479, 0
37.247, 0.391056, 360, 360.479, 0
37.261, 0.403024, 360, 360.479, 0
37.276, 0.41978, 360, 360.479, 0
37.29, 0.431748, 360, 360.479, 0
37.307, 0.436535, 360, 360.479, 0
37.322, 0.450897, 360, 360.479, 0
37.341, 0.462865, 360, 360.479, 0
37.363, 0.474833, 360, 360.479, -16.0312
37.386, 0.459103, 360, 360.41, 0
37.424, 0.481672, 360, 360.41, 0
37.44, 0.455342, 360, 360.41, 0
37.454, 0.431748, 360, 360.274, 0
37.467, 0.438587, 360, 360.274, 0
37.482, 0.448161, 360, 360.274, 0
37.497, 0.457736, 360, 360.274, 0
37.512, 0.464574, 360, 360.205, 0
37.525, 0.436877, 360, 360.205, 0
37.539, 0.444058, 360, 360.205, -61.501
37.552, 0.412941, 360, 360.137, 0
37.567, 0.382508, 360, 360.068, 0
37.58, 0.384559, 360, 360.068, 0
37.595, 0.386611, 360, 360.068, 0
37.607, 0.388321, 360, 360.068, 0
37.62, 0.390372, 360, 360.068, 0
37.632, 0.393108, 360, 360.068, 0
37.645, 0.39516, 360, 360.068, 0
37.657, 0.397211, 360, 360.068, 0
37.669, 0.399263, 360, 360.068, 0
37.682, 0.401315, 360, 360.068, 0
37.694, 0.403024, 360, 360.068, 0
37.71, 0.405076, 360, 360.068, 0
37.725, 0.407128, 360, 360.068, 0
37.739, 0.409179, 360, 360.068, 0
37.754, 0.410547, 360, 360.068, 0
37.774, 0.412941, 360, 360.068, 0
37.796, 0.414309, 360, 360.068, 0
37.812, 0.415334, 360, 360.068, 0
37.83, 0.41807, 360, 360.068, 0
37.856, 0.420805, 360, 360.068, 0
37.877, 0.422515, 360, 360.068, 0
37.899, 0.423883, 360, 360.068, 0
37.917, 0.424909, 360, 360.068, 0
37.935, 0.427644, 360, 360, 0
37.958, 0.393792, 360, 360, -0.241955
37.977, 0.393792, 360, 360, 0
38.003, 0.393792, 360, 360, 0
38.03, 0.393792, 360, 360, 0
38.049, 0.393792, 360, 3.60036e+06, 0
38.077, 1, 360, 360.137, 15.8052
38.099, 0.0747568, 360, 360.274, 0
38.154, 0.153746, 360, 360.274, 0
38.209, 0.164688, 360, 360.274, 0
38.259, 0.164688, 360, 360.274, 0
38.306, 0.176998, 360, 360.274, 0
38.353, 0.186573, 360, 360.274, 0
38.386, 0.19478, 360, 360.274, 0
38.415, 0.200251, 360, 360.274, 0
38.45, 0.212561, 360, 360.274, 0
38.47, 0.218032, 360, 360.274, 0
38.488, 0.227606, 360, 360.274, 0
38.508, 0.234445, 360, 360.274, 0
38.529, 0.239916, 360, 360.274, 0
38.543, 0.239916, 360, 360.274, 0
38.571, 0.254962, 360, 360.274, 0
38.591, 0.261801, 360, 360.274, 0
38.608, 0.265904, 360, 360.274, 0
38.629, 0.278214, 360, 360.274, 0
38.647, 0.283685, 360, 360.274, 0
38.664, 0.287789, 360, 360.274, 0
38.687, 0.300099, 360, 360.274, 0
38.712, 0.311041, 360, 360.274, 0
38.734, 0.316512, 360, 360.274, 0
38.75, 0.320616, 360, 360.274, 0
38.773, 0.332926, 360, 360.274, 0
38.791, 0.337029, 360, 360.274, 0
38.805, 0.346603, 360, 360.274, 0
38.819, 0.356178, 360, 360.274, 0
38.839, 0.363017, 360, 360.274, 0
38.86, 0.369856, 360, 360.274, 0
38.879, 0.375327, 360, 360.274, 0
38.903, 0.387637, 360, 360.274, 0
38.922, 0.393108, 360, 360.274, 0
38.939, 0.402682, 360, 360.274, 0
38.961, 0.409521, 360, 360.274, 0
38.976, 0.41636, 360, 360.274, 0
38.995, 0.421831, 360, 360.274, 0
39.019, 0.432774, 360, 360.274, 0
39.039, 0.438245, 360, 360.274, 0
39.056, 0.442348, 360, 360.274, 0
39.074, 0.45329, 360, 360.274, 0
39.095, 0.424225, 360, 360.137, 0
39.128, 0.394476, 360, 360.068, 0
39.163, 0.362333, 360, 360.068, 0
39.191, 0.363701, 360, 360.068, 0
39.235, 0.366094, 360, 360.068, 0
39.264, 0.005, 360, 360, 0
39.277, 0.0644149, 360, 359.795, 0
39.29, 0.103739, 360, 359.795, 0
39.302, 0.108868, 360, 359.795, 0
39.315, 0.115023, 360, 359.795, 0
39.329, 0.121178, 360, 359.795, 0
39.343, 0.126307, 360, 359.795, 0
39.357, 0.133488, 360, 359.795, 0
39.371, 0.139643, 360, 359.795, 0
39.386, 0.145798, 360, 359.795, 0
39.399, 0.151953, 360, 359.795, 0
39.413, 0.158108, 360, 359.795, 0
39.426, 0.164263, 360, 359.795, 0
39.441, 0.171444, 360, 359.795, 0
39.454, 0.176573, 360, 359.795, 0
39.469, 0.182728, 360, 359.795, 0
39.482, 0.188883, 360, 359.795, 0
39.496, 0.195038, 360, 359.795, 0
39.509, 0.201193, 360, 359.795, 0
39.523, 0.206322, 360, 359.795, 0
39.537, 0.207348, 360, 359.795, 0
39.562, 0.215555, 360, 359.795, 0
39.582, 0.222736, 360, 359.795, 0
39.608, 0.227865, 360, 359.795, 0
39.649, 0.229916, 360, 359.795, 0
39.706, 0.238123, 360, 359.795, 0
39.747, 0.24633, 360, 359.795, 0
39.764, 0.249407, 360, 359.795, 0
39.781, 0.257614, 360, 359.795, 0
39.804, 0.262743, 360, 359.795, 0
39.821, 0.265821, 360, 359.795, 0
39.837, 0.274027, 360, 359.795, 0
39.856, 0.279157, 360, 359.726, 0
39.877, 0.134514, 360, 359.521, 0
39.894, 0.242568, 360, 359.453, 0
39.917, 0.298305, 360, 359.453, 13.5854
39.939, 0.314719, 360, 359.521, 0
39.957, 0.294886, 360, 359.521, 0
39.991, 0.306854, 360, 359.521, 0
40.041, 0.323609, 360, 359.521, 0
40.059, 0.337971, 360, 359.521, 0
40.079, 0.345152, 360, 359.521, 0
40.098, 0.364301, 360, 359.521, 0
40.12, 0.376269, 360, 359.521, 0
40.139, 0.385843, 360, 359.521, 0
40.158, 0.402599, 360, 359.521, 0
40.178, 0.414567, 360, 359.521, 0
40.201, 0.431322, 360, 359.521, 0
40.223, 0.44329, 360, 359.521, 0
40.242, 0.452865, 360, 359.59, 16.8239
40.263, 0.400547, 360, 359.658, 68389.1
40.275, 0.376611, 360, 359.726, 0
40.289, 0.382082, 360, 359.726, 0
40.31, 0.388921, 360, 359.726, 0
40.328, 0.394392, 360, 359.726, 0.691756
40.356, 0.406702, 360, 359.726, 0
40.373, 0.413541, 360, 359.726, 0
40.401, 0.421748, 360, 359.726, 0
40.423, 0.43269, 360, 359.726, 0
40.445, 0.442264, 360, 359.726, 15.2996
40.463, 0.414225, 360, 359.863, 0
40.485, 0.38345, 360, 359.932, 0
40.508, 0.351991, 360, 359.932, 0
40.53, 0.354726, 360, 359.932, 0
40.548, 0.35541, 360, 359.932, 0
40.572, 0.357804, 360, 359.932, 0
40.587, 0.36054, 360, 359.932, 0
40.6, 0.362591, 360, 359.932, 0
40.615, 0.364985, 360, 359.932, 0
40.63, 0.367036, 360, 359.932, 0
40.643, 0.369088, 360, 359.932, 0
40.657, 0.370798, 360, 359.932, 0
40.672, 0.37285, 360, 359.932, 0
40.684, 0.374559, 360, 359.932, 0
40.699, 0.376611, 360, 359.932, 0
40.713, 0.379005, 360, 359.932, 0
40.727, 0.380714, 360, 359.932, 0
40.741, 0.383108, 360, 359.932, 0
40.755, 0.384818, 360, 359.932, 0
40.769, 0.386869, 360, 359.932, 0
40.782, 0.388579, 360, 359.932, 0
40.796, 0.390973, 360, 359.932, 0
40.809, 0.39234, 360, 359.932, 0
40.824, 0.394392, 360, 359.932, 0
40.838, 0.397128, 360, 359.932, 0
40.853, 0.399179, 360, 359.932, 0
40.867, 0.401231, 360, 359.932, 0
40.883, 0.403625, 360, 359.932, 0
40.898, 0.405676, 360, 359.932, 0
40.912, 0.407728, 360, 359.932, 0
40.925, 0.409438, 360, 359.932, 0
40.939, 0.411489, 360, 359.932, 0
40.953, 0.413541, 360, 359.932, 0
40.967, 0.415593, 360, 359.932, 0
40.982, 0.417644, 360, 359.932, 0
40.995, 0.420038, 360, 359.932, 0
41.01, 0.42209, 360, 359.932, 0
41.023, 0.423116, 360, 359.932, 0
41.047, 0.426535, 360, 359.932, 0
41.06, 0.427903, 360, 359.932, 0
41.081, 0.429271, 360, 359.932, 0
41.1, 0.430296, 360, 359.932, 0
41.119, 0.433032, 360, 359.932, 0
41.133, 0.433032, 360, 359.932, 0
41.175, 0.434058, 360, 359.932, 0
41.216, 0.436451, 360, 359.932, 0
41.25, 0.439187, 360, 359.932, 0
41.272, 0.441581, 360, 359.932, 0
41.291, 0.44329, 360, 359.932, 0
41.313, 0.445, 360, 359.932, 0
41.334, 0.447736, 360, 360, 0
41.351, 0.413541, 360, 360, 0
41.373, 0.413541, 360, 360, 0
41.39, 0.413541, 360, 360, 30.8894
41.413, 0.413541, 360, 360.068, 0
41.429, 0.378321, 360, 360.068, 0
41.447, 0.376953, 360, 360.068, 0
41.47, 0.37285, 360, 360.068, 0
41.484, 0.370798, 360, 360.068, 0
41.497, 0.369088, 360, 360.068, 0
41.512, 0.366695, 360, 360.068, 0
41.526, 0.364643, 360, 360.068, 0
41.541, 0.362591, 360, 360.068, 0
41.555, 0.36054, 360, 360.068, 0.533387
41.569, 0.358146, 360, 360.068, 0
41.584, 0.356094, 360, 360.068, 0
41.598, 0.35541, 360, 360.068, 0
41.624, 0.352333, 360, 360.068, 0
41.647, 0.349939, 360, 360.068, 0
41.663, 0.348571, 360, 360.068, 0
41.682, 0.346862, 360, 360.068, 0
41.703, 0.34481, 360, 360.068, 0
41.722, 0.343442, 360, 360.068, -334629
41.74, 0.0295365, 360, 360.068, 0
41.76, 0.0309043, 360, 360.068, 0
41.777, 0.0319301, 360, 360.068, 0
41.795, 0.0346657, 360, 360.068, 0
41.814, 0.0353495, 360, 360.068, 0
41.842, 0.0384271, 360, 360.068, 0
41.863, 0.0411626, 360, 360.068, 0
41.924, 0.0435562, 360, 360.068, 0
41.974, 0.0459498, 360, 360.068, 0
42.029, 0.0490274, 360, 360.068, 0
42.064, 0.051079, 360, 360.068, 0
42.096, 0.0551824, 360, 360.068, 0
42.115, 0.0568921, 360, 360.068, 0
42.134, 0.0586018, 360, 360.068, 0
42.197, 0.0609954, 360, 360.068, 0
42.216, 0.0627052, 360, 360.068, 0
42.233, 0.0640729, 360, 360.068, 0
42.256, 0.0664666, 360, 360.068, 0
42.272, 0.0674924, 360, 360.068, 0
42.294, 0.0705699, 360, 360.068, 0
42.312, 0.0733055, 360, 360.068, 0
42.325, 0.0750152, 360, 360.068, 0
42.34, 0.0777508, 360, 360.068, 0
42.355, 0.0798024, 360, 360.068, 0
42.369, 0.0815122, 360, 360.068, 0
42.384, 0.0839058, 360, 360.068, 0
42.397, 0.0856155, 360, 360.068, 0
42.412, 0.0880091, 360, 360.068, 0
42.425, 0.0897188, 360, 360.068, 0
42.44, 0.0921125, 360, 360.068, 0
42.452, 0.0934802, 360, 360.068, 0
42.467, 0.0962158, 360, 360.068, 0
42.481, 0.0962158, 360, 360.068, 0
42.504, 0.0986094, 360, 360.068, 0
42.521, 0.0996353, 360, 360.068, 0
42.537, 0.102371, 360, 360.068, 0
42.552, 0.104081, 360, 360.068, 0
42.567, 0.106132, 360, 360.068, 0
42.58, 0.108526, 360, 360.068, 0
42.595, 0.110919, 360, 360.068, 0
42.609, 0.112629, 360, 360.068, 0
42.623, 0.114681, 360, 360.068, 0
42.637, 0.117074, 360, 360.068, 0
42.652, 0.119126, 360, 360.068, 0
42.665, 0.121178, 360, 360.068, 0
42.68, 0.0298784, 360, 360.068, 0
42.692, 0.0319301, 360, 360.068, 0
42.706, 0.0339818, 360, 360.068, 0
42.721, 0.0360334, 360, 360.068, 0
42.733, 0.0377432, 360, 360.068, 0
42.748, 0.0404787, 360, 360.068, 0
42.763, 0.0425304, 360, 360.068, 0
42.776, 0.0442401, 360, 360.068, 0
42.791, 0.0466337, 360, 360.068, 0
42.805, 0.0486854, 360, 360.068, 0
42.819, 0.0507371, 360, 360.068, 0
42.833, 0.0531307, 360, 360.068, 0
42.851, 0.0538146, 360, 360.068, 0
42.867, 0.0562082, 360, 360.068, 0
42.886, 0.0579179, 360, 360.068, 0
42.912, 0.0606535, 360, 360.068, 0
42.932, 0.0623632, 360, 360.068, 0
42.952, 0.063731, 360, 360.068, 0
42.974, 0.0664666, 360, 360.068, 0
42.993, 0.0681763, 360, 360.068, 0
43.014, 0.0695441, 360, 360.068, 0
43.029, 0.0705699, 360, 360.068, 0
43.047, 0.0733055, 360, 360.068, 0
43.069, 0.0750152, 360, 360.068, 0
43.084, 0.0767249, 360, 360.068, 0
43.107, 0.0791185, 360, 360.068, 0
43.129, 0.0804863, 360, 360.068, 0
43.181, 0.0815122, 360, 360.068, 0
43.234, 0.0832219, 360, 360.068, 0
43.304, 0.0873252, 360, 360.068, 0
43.333, 0.088693, 360, 360.068, 0
43.357, 0.0910866, 360, 360.068, 0
43.372, 1, 360, 360.068, 40.3952
43.385, 0.136565, 360, 360.274, 0
43.399, 0.178283, 360, 360.342, 0
43.412, 0.188541, 360, 360.342, 0
43.425, 0.188541, 360, 360.342, 0
43.441, 0.202219, 360, 360.342, 0
43.46, 0.210767, 360, 360.342, 0
43.479, 0.221026, 360, 360.342, 0
43.503, 0.227865, 360, 360.342, 0
43.521, 0.239833, 360, 360.342, 0
43.535, 0.246672, 360, 360.342, 0
43.555, 0.25522, 360, 360.342, 0
43.574, 0.263769, 360, 360.342, 0
43.593, 0.267188, 360, 360.342, 0
43.616, 0.282576, 360, 360.342, 0
43.631, 0.289415, 360, 360.342, 0
43.65, 0.292834, 360, 360.274, 0
43.7, 0.271976, 360, 360.274, 0
43.746, 0.278815, 360, 360.274, 0
43.786, 0.134514, 360, 360.274, 0
43.8, 0.14272, 360, 360.274, 0
43.823, 0.150927, 360, 360.274, 0
43.84, 0.159134, 360, 360.274, 0
43.862, 0.165973, 360, 360.274, 0
43.886, 0.176915, 360, 360.274, 0
43.908, 0.182386, 360, 360.274, 0
43.929, 0.193328, 360, 360.274, 0
43.948, 0.198799, 360, 360.274, 0
43.963, 0.205638, 360, 360.274, 0
43.982, 0.213845, 360, 360.274, 0
44.002, 0.220684, 360, 360.274, 0
44.023, 0.226155, 360, 360.274, 0
44.039, 0.237097, 360, 360.274, 0
44.053, 0.246672, 360, 360.274, 0
44.067, 0.252143, 360, 360.274, 0
44.081, 0.263085, 360, 360.274, 0
44.095, 0.269924, 360, 360.274, 0
44.111, 0.279498, 360, 360.274, 0
44.124, 0.286337, 360, 360.274, 0
44.139, 0.295912, 360, 360.274, 0
44.152, 0.302751, 360, 360.274, 0
44.167, 0.313693, 360, 360.274, 0
44.181, 0.3219, 360, 360.274, 0
44.195, 0.328739, 360, 360.274, 0
44.209, 0.336945, 360, 360.274, 0
44.224, 0.343784, 360, 360.274, 0
44.238, 0.353359, 360, 360.274, 0
44.251, 0.361565, 360, 360.274, 0
44.267, 0.369772, 360, 360.274, 0
44.282, 0.377979, 360, 360.274, 0
44.296, 0.386185, 360, 360.274, 0
44.311, 0.393024, 360, 360.274, -3.27224e+09
44.325, 0.112713, 360, 360.137, 0
44.338, 0.0474012, 360, 360, 0
44.352, 0.0132067, 360, 360, 0
44.373, 0.0132067, 360, 360, 0
44.386, 0.0132067, 360, 360, 0
44.401, 0.0132067, 360, 360, 0
44.416, 0.0132067, 360, 360, 0
44.43, 0.0132067, 360, 18.0547, 157506
44.444, 0.005, 360, 291.611, 61335.5
44.456, 0.005, 360, 360.137, 0
44.469, 0.101687, 360, 360.205, 0
44.481, 0.107842, 360, 360.205, 0
44.493, 0.113997, 360, 360.205, 0
44.506, 0.122204, 360, 360.205, 0
44.518, 0.128359, 360, 360.205, 0.352759
44.531, 0.134514, 360, 360.205, 0
44.543, 0.140669, 360, 360.205, 0
44.556, 0.146824, 360, 360.205, 0
44.57, 0.0996353, 360, 360.342, 15.5289
44.589, 0.247356, 360, 360.479, 0
44.603, 0.247356, 360, 360.479, 0
44.623, 0.259324, 360, 360.479, 0
44.644, 0.280866, 360, 360.479, 0
44.663, 0.292834, 360, 360.479, 0
44.683, 0.302409, 360, 360.479, 0
44.697, 0.321558, 360, 360.479, 0
44.712, 0.335919, 360, 360.479, 0
44.726, 0.352675, 360, 360.479, 0
44.74, 0.362249, 360, 360.479, 0
44.755, 0.381398, 360, 360.479, 0
44.768, 0.393366, 360, 360.479, 0
44.783, 0.407728, 360, 360.479, 1.14564
44.798, 0.424483, 360, 360.479, 0
44.813, 0.441239, 360, 155.312, 0
44.826, 0.24633, 360, 360.479, 0
44.84, 0.260691, 360, 360.479, 0
44.854, 0.27266, 360, 360.479, 0
44.867, 0.287021, 360, 360.479, 0
44.883, 0.301383, 360, 360.479, 0
44.897, 0.318138, 360, 360.479, 0
44.91, 0.330106, 360, 360.479, 0
44.924, 0.344468, 360, 360.479, 0
44.939, 0.35883, 360, 360.479, 0
44.953, 0.363617, 360, 360.479, 0
44.971, 0.370798, 360, 360.479, 0
44.989, 0.380372, 360, 360.479, 0
45.007, 0.246755, 360, 360.41, -61.6118
45.02, 0.15272, 360, 360.274, 0
45.035, 0.125365, 360, 360.205, 0
45.05, 0.13152, 360, 360.205, 0
45.063, 0.137675, 360, 360.205, 0
45.078, 0.144856, 360, 360.205, 0
45.091, 0.151011, 360, 360.205, 0
45.105, 0.15614, 360, 360.205, 0
45.118, 0.162295, 360, 360.205, 0
45.133, 0.166398, 360, 360.205, 0
45.152, 0.171527, 360, 360.205, 0
45.171, 0.176657, 360, 360.205, 0
45.209, 0.182812, 360, 360.205, 0
45.232, 0.188967, 360, 360.205, 0
45.256, 0.197173, 360, 360.205, 0
45.271, 0.201277, 360, 360.205, 0
45.299, 0.207432, 360, 360.205, 0
45.318, 0.212561, 360, 360.205, 259543
45.334, 0.136565, 360, 360.274, 60.4144
45.348, 0.177257, 360, 360.41, 0
45.364, 0.227523, 360, 360.41, 0
45.377, 0.237781, 360, 360.41, -334023
45.39, 0.239833, 360, 360.41, 0
45.407, 0.212219, 360, 360.41, 0
45.431, 0.226581, 360, 360.41, 0
45.453, 0.242994, 360, 360.41, 0
45.474, 0.249149, 360, 360.41, 0
45.495, 0.267614, 360, 360.41, 0
45.514, 0.271717, 360, 360.41, 0
45.536, 0.290182, 360, 360.41, 0
45.553, 0.304544, 360, 360.41, 0
45.567, 0.316854, 360, 360.41, 0
45.581, 0.329164, 360, 360.41, 0
45.595, 0.343526, 360, 360.41, 0
45.61, 0.355836, 360, 360.41, 0
45.624, 0.368146, 360, 360.41, 0
45.638, 0.380456, 360, 360.41, 0
45.655, 0.390714, 360, 360.41, 0
45.675, 0.400973, 360, 360.41, 0
45.695, 0.409179, 360, 360.41, 0
45.712, 0.415334, 360, 360.41, 0
45.734, 0.433799, 360, 360.41, 0
45.752, 0.444058, 360, 360.41, 0
45.769, 0.450213, 360, 360.41, 0
45.784, 0.466626, 360, 360.41, 0
45.802, 0.476884, 360, 360.41, 0
45.822, 0.485091, 360, 360.342, 0
45.842, 0.4656, 360, 360.274, 0
45.858, 0.437219, 360, 360.274, 0
45.877, 0.444058, 360, 360.274, 0
45.898, 0.414992, 360, 360.205, 0
45.921, 0.423199, 360, 360.137, 0
45.94, 0.0298784, 360, 360.068, 0
45.956, 0.0319301, 360, 360.068, 0
45.971, 0.0339818, 360, 360.068, 0
45.984, 0.0363754, 360, 360.068, 0
45.999, 0.0384271, 360, 360.068, 0
46.019, 0.0404787, 360, 360.068, 0
46.037, 0.0421884, 360, 360.068, 0
46.056, 0.0438982, 360, 360.068, 0
46.076, 0.045266, 360, 360.068, 0
46.093, 0.0462918, 360, 360.068, 0
46.115, 0.0493693, 360, 360.068, nan
46.132, 0.0517629, 360, 360.068, 0
46.147, 0.0538146, 360, 360.068, 0
46.161, 0.0562082, 360, 360.068, 0
46.174, 0.0582599, 360, 360.068, 0
46.189, 0.0603116, 360, 360.068, 0
46.202, 0.0606535, 360, 360.068, 0
46.224, 0.0295365, 360, 360.068, 0
46.239, 0.0315881, 360, 360.068, 0
46.253, 0.0332979, 360, 360.068, 0
46.267, 0.0353495, 360, 360.068, 0
46.282, 0.0374012, 360, 360.068, 0
46.295, 0.0397948, 360, 360.068, 0
46.31, 0.0418465, 360, 360.068, 0
46.325, 0.0438982, 360, 360.068, 0
46.339, 0.0459498, 360, 360.068, 0
46.354, 0.0480015, 360, 360.068, 0
46.369, 0.0497112, 360, 360.068, 0
46.395, 0.0524468, 360, 360.068, 0
46.415, 0.0538146, 360, 360.068, 0
46.437, 0.0565502, 360, 360.068, 0
46.456, 0.0582599, 360, 360.068, 0
46.475, 0.0599696, 360, 360.068, 0
46.498, 0.0623632, 360, 360.068, 0
46.516, 0.0640729, 360, 360.068, 0
46.535, 0.0657827, 360, 360.068, 0
46.567, 0.0685182, 360, 360.068, 0
46.584, 0.0695441, 360, 360.068, 0
46.601, 0.0722796, 360, 360.068, 0
46.621, 0.0739894, 360, 360.068, 0
46.641, 0.0753571, 360, 360.068, 0
46.661, 0.0780927, 360, 360.068, 0
46.675, 0.0804863, 360, 360.068, 0
46.69, 0.082538, 360, 360.068, 0
46.705, 0.0845897, 360, 360.068, 0
46.718, 0.0862994, 360, 360.068, 0
46.732, 0.0883511, 360, 360.068, 0
46.746, 0.0900608, 360, 360.068, 0
46.761, 0.0921125, 360, 360.068, 0
46.776, 0.0945061, 360, 360.068, 0
46.791, 0.0965578, 360, 360.068, 0
46.805, 0.0986094, 360, 360.068, 0
46.819, 0.100319, 360, 360.068, 0
46.842, 0.102713, 360, 360.068, 0
46.862, 0.104422, 360, 360.068, 0
46.876, 0.10579, 360, 360.068, 0
46.898, 0.107842, 360, 360.068, 0
46.913, 0.10921, 360, 360.068, 0
46.932, 0.111945, 360, 360.068, 0
46.946, 0.113997, 360, 360.068, 0
46.96, 0.116049, 360, 360.068, 0
46.975, 0.118784, 360, 360.068, 0
46.987, 0.120836, 360, 360.068, 0
47, 0.122888, 360, 360.068, 0
47.012, 0.124939, 360, 360.068, 0
47.025, 0.126991, 360, 360.068, 0
47.037, 0.129043, 360, 360.068, 0
47.049, 0.131094, 360, 360.068, 0
47.061, 0.133146, 360, 360.068, 0
47.075, 0.13554, 360, 360.068, 0
47.087, 0.0302204, 360, 360.137, 0
47.1, 0.104081, 360, 360.205, 60.8444
47.112, 0.14614, 360, 360.274, 0
47.124, 0.154347, 360, 360.274, 0
47.137, 0.162553, 360, 360.274, 0
47.149, 0.17076, 360, 360.274, 0
47.162, 0.178967, 360, 360.274, 0
47.173, 0.185805, 360, 360.274, 0
47.188, 0.19538, 360, 360.274, 0
47.202, 0.202219, 360, 360.274, 0
47.216, 0.209058, 360, 360.274, 0
47.231, 0.217264, 360, 360.274, 0
47.245, 0.228207, 360, 360.274, 0
47.259, 0.235046, 360, 360.274, 0
47.272, 0.241884, 360, 360.274, 0
47.284, 0.248723, 360, 360.274, 0
47.298, 0.25693, 360, 360.274, 0
47.311, 0.265137, 360, 360.274, 0
47.324, 0.273343, 360, 360.274, 0
47.336, 0.28155, 360, 360.274, 0
47.348, 0.289757, 360, 360.274, 0
47.361, 0.300699, 360, 360.274, 0
47.373, 0.308906, 360, 360.274, 0
47.386, 0.317112, 360, 360.274, 0
47.398, 0.325319, 360, 360.274, 0
47.411, 0.333526, 360, 360.274, 0
47.423, 0.341733, 360, 360.274, 0
47.436, 0.349939, 360, 360.274, 0
47.45, 0.358146, 360, 360.274, 0
47.464, 0.364985, 360, 360.274, 0
47.478, 0.373191, 360, 360.274, 0
47.493, 0.384134, 360, 360.274, 0
47.506, 0.390973, 360, 360.274, 0
47.521, 0.399179, 360, 360.274, 0
47.534, 0.407386, 360, 360.274, 0
47.548, 0.41696, 360, 360.274, 0
47.561, 0.422432, 360, 360.274, 0
47.576, 0.432006, 360, 360.274, 0
47.59, 0.440213, 360, 360.274, -56.7073
47.603, 0.411489, 360, 360.205, 0
47.618, 0.417644, 360, 360.205, 0
47.632, 0.389263, 360, 360.137, 0
47.646, 0.39405, 360, 360.068, 0
47.661, 0.361907, 360, 360.068, 0
47.674, 0.363617, 360, 360.068, 0
47.687, 0.365669, 360, 360.068, 0
47.7, 0.36772, 360, 360.068, 0
47.714, 0.36772, 360, 360.068, 0
47.769, 0.372166, 360, 360.068, 0
47.789, 0.373875, 360, 360.068, 0
47.804, 0.376611, 360, 360.068, 0
47.817, 0.378663, 360, 360.068, 0
47.829, 0.380714, 360, 360.068, 0
47.842, 0.382424, 360, 360.068, 0
47.854, 0.384476, 360, 360.068, 0
47.866, 0.386527, 360, 360.068, 0
47.879, 0.388579, 360, 360.068, 0
47.892, 0.391315, 360, 360.068, 0
47.904, 0.393024, 360, 360.068, 0
47.919, 0.395076, 360, 360.068, 0
47.933, 0.396102, 360, 360.068, 0
47.946, 0.398495, 360, 360.068, 0
47.961, 0.400547, 360, 360.068, 0
47.976, 0.402599, 360, 360.068, 0
47.99, 0.40465, 360, 360.068, 0
48.004, 0.406702, 360, 360.068, 0
48.018, 0.409096, 360, 360.068, 0
48.031, 0.410805, 360, 360.068, 0
48.046, 0.412857, 360, 360.068, 0
48.062, 0.415251, 360, 360.068, 0
48.075, 0.41696, 360, 360.068, 0
48.09, 0.419354, 360, 360.068, 0
48.105, 0.421748, 360, 360.068, 295138
48.119, 0.0647568, 360, 360.205, 0
48.133, 0.139643, 360, 360.274, 0
48.148, 0.14785, 360, 360.274, 0
48.161, 0.154688, 360, 360.274, 0
48.177, 0.165631, 360, 360.274, 0
48.19, 0.17247, 360, 360.274, 0
48.206, 0.173837, 360, 360.274, 0
48.227, 0.183412, 360, 360.274, inf
48.243, 0.144514, 360, 360.274, 0
48.256, 0.15272, 360, 360.274, 0
48.27, 0.159559, 360, 360.274, 0
48.285, 0.170502, 360, 360.274, 0
48.298, 0.178708, 360, 360.274, 0
48.312, 0.185547, 360, 360.274, 0
48.326, 0.193754, 360, 360.274, 0
48.339, 0.20196, 360, 360.274, 0
48.352, 0.210167, 360, 360.274, 0
48.366, 0.217006, 360, 360.274, 0
48.38, 0.225213, 360, 4.65046, 160046
48.394, 0.137249, 360, 360.274, 0
48.408, 0.145456, 360, 360.274, 0
48.42, 0.153663, 360, 360.274, 0
48.433, 0.161869, 360, 360.274, 0
48.444, 0.170076, 360, 360.274, 0
48.459, 0.178283, 360, 360.274, 0
48.472, 0.186489, 360, 360.274, 0
48.492, 0.19196, 360, 360.274, 0
48.514, 0.202903, 360, 360.274, 0
48.534, 0.208374, 360, 360.274, 0
48.548, 0.208374, 360, 360.274, 0
48.561, 0.133146, 360, 360.41, 0
48.576, 0.288047, 360, 360.547, 0
48.59, 0.30446, 360, 360.547, 0
48.604, 0.318138, 360, 360.547, 0
48.619, 0.334552, 360, 360.547, 0
48.631, 0.350965, 360, 360.547, 0
48.645, 0.332158, 360, 360.479, 0
48.66, 0.34652, 360, 360.479, 0
48.674, 0.360881, 360, 360.479, 0
48.688, 0.377637, 360, 360.479, -315157
48.702, 0.241543, 360, 360.479, 0
48.715, 0.253511, 360, 360.479, 0
48.73, 0.267872, 360, 360.479, 0
48.745, 0.282234, 360, 360.479, 0
48.76, 0.301383, 360, 360.479, 0
48.774, 0.315745, 360, 360.479, 0
48.788, 0.327713, 360, 360.479, 0
48.801, 0.342074, 360, 360.479, 0
48.817, 0.356436, 360, 360.479, 0
48.83, 0.373191, 360, 360.479, 0
48.845, 0.387553, 360, 360.479, 0
48.859, 0.401915, 360, 360.479, 0
48.88, 0.416277, 360, 360.479, 0
48.899, 0.428245, 360, 360.479, 8.52397e+08
48.937, 0.246755, 360, 360.479, 0
48.956, 0.253936, 360, 0, -4.68154e+09
48.971, 1, 360, 360.068, -32.5043
48.998, 0.0931383, 360, 359.658, 0
49.031, 0.167682, 360, 359.658, 0
49.077, 0.177941, 360, 359.658, 0
49.111, 0.193328, 360, 359.658, 0
49.139, 0.207006, 360, 359.658, 0
49.159, 0.220684, 360, 359.658, 0
49.172, 0.230942, 360, 359.658, 0
49.185, 0.239491, 360, 359.658, 0
49.197, 0.239491, 360, 359.726, 0
49.218, 0.218632, 360, 359.726, 0
49.239, 0.222736, 360, 359.726, 0
49.255, 0.233678, 360, 359.726, 0
49.279, 0.239149, 360, 359.726, 0
49.297, 0.248723, 360, 359.726, 0
49.316, 0.25693, 360, 359.726, 0
49.33, 0.263769, 360, 359.726, 0
49.344, 0.274711, 360, 359.726, 0
49.359, 0.282918, 360, 359.726, -2.58796e+06
49.372, 0.282918, 360, 359.726, 0
49.387, 1, 360, 359.453, -47.6911
49.403, 0.552112, 360, 358.837, 0
49.423, 0.620502, 360, 358.837, 0
49.443, 0.586307, 360, 358.974, 0
49.463, 0.488511, 360, 359.043, 14.9976
49.483, 0.502872, 360, 359.179, 0
49.506, 0.472097, 360, 359.179, 0
49.519, 0.496717, 360, 359.248, 0
49.531, 0.48133, 360, 359.248, 0
49.545, 0.492614, 360, 359.248, 0
49.563, 0.450213, 360, 359.384, 0
49.576, 0.468678, 360, 359.384, 0
49.591, 0.451581, 360, 359.453, 0
49.604, 0.465258, 360, 359.453, 0
49.618, 0.449529, 360, 359.521, 0
49.632, 0.463891, 360, 359.59, 0
49.659, 0.40747, 360, 359.726, 0
49.681, 0.382166, 360, 359.726, 0
49.7, 0.384901, 360, 359.726, 0
49.715, 0.390372, 360, 359.726, 0
