0, 0, 0, 0, 0
0.012, 0, 0, 0, 0
2.195, 1, 0, 0, 0
2.208, 1, 0, 0, 0
2.22, 1, 0, 0, 0
2.233, 1, 0, 0, 0
2.245, 1, 0, 0, 0
2.259, 1, 0, 0, 0
2.271, 1, 0, 0, 0
2.284, 1, 0, 0, 0
2.297, 1, 0, 0, 0
2.309, 1, 0, 0, 0
2.321, 1, 0, 0, 0
2.334, 1, 0, 0, 0
2.346, 1, 0, 0, 0
2.358, 1, 0, 0, 0
2.371, 1, 0, 0, 0
2.383, 1, 0, 0, 0
2.396, 1, 0, 0, 0
2.408, 1, 0, 0, 0
2.42, 1, 0, 0, 0
2.433, 1, 0, 0, 0
2.445, 1, 0, 0, 0
2.457, 1, 0, 0, 0
2.47, 1, 0, 0, 0
2.482, 1, 0, 0, 0
2.494, 1, 0, 0, 0
2.507, 1, 0, 0, 0
2.519, 1, 0, 0, 0
2.532, 1, 0, 0, 0
2.544, 1, 0, 0, 0
2.556, 1, 0, 0, 0
2.569, 1, 0, 0, 0
2.581, 1, 0, 0, 0
2.593, 1, 0, 0, 0
2.606, 1, 0, 0, 0
2.618, 1, 0, 0, 0
2.63, 1, 0, 0, 0
2.643, 1, 0, 0, 0
2.655, 1, 0, 0, 0
2.668, 1, 0, 0, 0
2.68, 1, 0, 0, 0
2.692, 1, 0, 0, 0
2.705, 1, 0, 0, 0
2.717, 1, 0, 0, 0
2.729, 1, 0, 0, 0
2.742, 1, 0, 0, 0
2.754, 1, 0, 0, 0
2.766, 1, 0, 0, 0
2.779, 1, 0, 0, 0
2.791, 1, 0, 0, 0
2.804, 1, 0, 0, 0
2.816, 1, 0, 0, 0
2.828, 1, 0, 0, 0
2.841, 1, 0, 0, 0
2.853, 1, 0, 0, 0
2.865, 1, 0, 0, 0
2.878, 1, 0, 0, 0
2.89, 1, 0, 0, 0
2.903, 1, 0, 0, 0
2.915, 1, 0, 0, 0
2.927, 1, 0, 0, 0
2.94, 1, 0, 0, 0
2.952, 1, 0, 0, 0
2.964, 1, 0, 0, 0
2.977, 1, 0, 0, 0
2.989, 1, 0, 0, 0
3.001, 1, 0, 0, 0
3.014, 1, 0, 0, 0
3.026, 1, 0, 0, 0
3.038, 1, 0, 0, 0
3.051, 1, 0, 0, 0
3.063, 1, 0, 0, 0
3.076, 1, 0, 0, 0
3.088, 1, 0, 0, 0
3.1, 1, 0, 0, 0
3.113, 1, 0, 0, 0
3.125, 1, 0, 0, 0
3.137, 1, 0, 0, 0
3.15, 1, 0, 0, 0
3.162, 1, 0, 0, 0
3.175, 1, 0, 0, 0
3.187, 1, 0, 0, 0
3.199, 1, 0, 0, 0
3.212, 1, 0, 0, 0
3.224, 1, 0, 0, 0
3.236, 1, 0, 0, 0
3.249, 1, 0, 0, 0
3.261, 1, 0, 0, 0
3.274, 1, 0, 0, 0
3.292, 1, 0, 0, 0
3.304, 1, 0, 0, 0
3.317, 1, 0, 0, 0
3.329, 1, 0, 0, 0
3.342, 1, 0, 0, 0
3.354, 1, 0, 0, 0
3.366, 1, 0, 0, 0
3.379, 1, 0, 0, 0
3.391, 1, 0, 0, 0
3.404, 1, 0, 0, 0
3.416, 1, 0, 0, 0
3.428, 1, 0, 0, 0
3.441, 1, 0, 0, 0
3.453, 1, 0, 0, 0
3.465, 1, 0, 0, 0
3.478, 1, 0, 0, 0
3.49, 1, 0, 0, 0
3.502, 1, 0, 0, 0
3.515, 1, 0, 0, 0
3.527, 1, 0, 0, 0
3.54, 1, 0, 0, 0
3.552, 1, 0, 0, 0
3.564, 1, 0, 0, 0
3.577, 1, 0, 0, 0
3.589, 1, 0, 0, 0
3.601, 1, 0, 0, 0
3.614, 1, 0, 0, 0
3.626, 1, 0, 0, 0
3.638, 1, 0, 0, 0
3.651, 1, 0, 0, 0
3.663, 1, 0, 0, 0
3.675, 1, 0, 0, 0
3.688, 1, 0, 0, 0
3.7, 1, 0, 0, 0
3.713, 1, 0, 0, 0
3.725, 1, 0, 0, 0
3.737, 1, 0, 0, 0
3.75, 1, 0, 0, 0
3.762, 1, 0, 0, 0
3.775, 1, 0, 0, 0
3.787, 1, 0, 0, 0
3.799, 1, 0, 0, 0
3.812, 1, 0, 0, 0
3.824, 1, 0, 0, 0
3.836, 1, 0, 0, 0
3.849, 1, 0, 0, 0
3.861, 1, 0, 0, 0
3.874, 1, 0, 0, 0
3.886, 1, 0, 0, 0
3.899, 1, 0, 0, 0
3.911, 1, 0, 0, 0
3.923, 1, 0, 0, 0
3.936, 1, 0, 0, 0
3.948, 1, 0, 0, 0
3.961, 1, 0, 0, 0
3.973, 1, 0, 0, 0
3.986, 1, 0, 0, 0
3.998, 1, 0, 0, 0
4.01, 1, 0, 0, 0
4.023, 1, 0, 0, 0
4.035, 1, 0, 0, 0
4.048, 1, 0, 0, 0
4.06, 1, 0, 0, 0
4.072, 1, 0, 0, 0
4.084, 1, 0, 0, 0
4.097, 1, 0, 0, 0
4.109, 1, 0, 0, 0
4.122, 1, 0, 0, 0
4.134, 1, 0, 0, 0
4.146, 1, 0, 0, 0
4.159, 1, 0, 0, 0
4.171, 1, 0, 0, 0
4.183, 1, 0, 0, 0
4.196, 1, 0, 0, 0
4.208, 1, 0, 0, 0
4.22, 1, 0, 0, 0
4.233, 1, 0, 0, 0
4.245, 1, 0, 0, 0
4.258, 1, 0, 0, 0
4.27, 1, 0, 0, 0
4.282, 1, 0, 0, 0
4.295, 1, 0, 0, 0
4.307, 1, 0, 0, 0
4.319, 1, 0, 0, 0
4.332, 1, 0, 0, 0
4.344, 1, 0, 0, 0
4.356, 1, 0, 0, 0
4.368, 1, 0, 0, 0
4.381, 1, 0, 0, 0
4.393, 1, 0, 0, 0
4.405, 1, 0, 0, 0
4.418, 1, 0, 0, 0
4.43, 1, 0, 0, 0
4.443, 1, 0, 0, 0
4.455, 1, 0, 0, 0
4.467, 1, 0, 0, 0
4.48, 1, 0, 0, 0
4.492, 1, 0, 0, 0
4.504, 1, 0, 0, 0
4.517, 1, 0, 0, 0
4.529, 1, 0, 0, 0
4.541, 1, 0, 0, 0
4.554, 1, 0, 0, 0
4.566, 1, 0, 0, 0
4.578, 1, 0, 0, 0
4.591, 1, 0, 0, 0
4.603, 1, 0, 0, 0
4.615, 1, 0, 0, 0
4.628, 1, 0, 0, 0
4.64, 1, 0, 0, 0
4.652, 1, 0, 0, 0
4.666, 1, 0, 0, 0
4.678, 1, 0, 0, 0
4.69, 1, 0, 0, 0
4.703, 1, 0, 0, 0
4.715, 1, 0, 0, 0
4.727, 1, 0, 0, 0
4.74, 1, 0, 0, 0
4.752, 1, 0, 0, 0
4.765, 1, 0, 0, 0
4.777, 1, 0, 0, 0
4.789, 1, 0, 0, 0
4.801, 1, 0, 0, 0
4.814, 1, 0, 0, 0
4.826, 1, 0, 0, 0
4.839, 1, 0, 0, 0
4.851, 1, 0, 0, 0
4.863, 1, 0, 0, 0
4.876, 1, 0, 0, 0
4.888, 1, 0, 0, 0
4.901, 1, 0, 0, 0
4.913, 1, 0, 0, 0
4.926, 1, 0, 0, 0
4.938, 1, 0, 0, 0
4.951, 1, 0, 0, 0
4.963, 1, 0, 0, 0
4.976, 1, 0, 0, 0
4.988, 1, 0, 0, 0
5.001, 1, 0, 0, 0
5.014, 1, 0, 0, 0
5.027, 1, 0, 0, 0
5.039, 1, 0, 0, 0
5.051, 1, 0, 0, 0
5.064, 1, 0, 0, 0
5.076, 1, 0, 0, 0
5.089, 1, 0, 0, 0
5.101, 1, 0, 0, 0
5.114, 1, 0, 0, 0
5.126, 1, 0, 0, 0
5.139, 1, 0, 0, 0
5.151, 1, 0, 0, 0
5.163, 1, 0, 0, 0
5.176, 1, 0, 0, 0
5.188, 1, 0, 0, 0
5.2, 1, 0, 0, 0
5.213, 1, 0, 0, 0
5.226, 1, 0, 0, 0
5.238, 1, 0, 0, 0
5.251, 1, 0, 0, 0
5.263, 1, 0, 0, 0
5.276, 1, 0, 0, 0
5.288, 1, 0, 0, 0
5.301, 1, 0, 0, 0
5.313, 1, 0, 0, 0
5.326, 1, 0, 0, 0
5.338, 1, 0, 0, 0
5.351, 1, 0, 0, 0
5.363, 1, 0, 0, 0
5.375, 1, 0, 0, 0
5.388, 1, 0, 0, 0
5.4, 1, 0, 0, 0
5.412, 1, 0, 0, 0
5.425, 1, 0, 0, 0
5.437, 1, 0, 0, 0
5.45, 1, 0, 0, 0
5.462, 1, 0, 0, 0
5.474, 1, 0, 0, 0
5.487, 1, 0, 0, 0
5.499, 1, 0, 0, 0
5.512, 1, 0, 0, 0
5.524, 1, 0, 0, 0
5.536, 1, 0, 0, 0
5.549, 1, 0, 0, 0
5.561, 1, 0, 0, 0
5.573, 1, 0, 0, 0
5.586, 1, 0, 0, 0
5.598, 1, 0, 0, 0
5.61, 1, 0, 0, 0
5.623, 1, 0, 0, 0
5.635, 1, 0, 0, 0
5.647, 1, 0, 0, 0
5.66, 1, 0, 0, 0
5.672, 1, 0, 0, 0
5.684, 1, 0, 0, 0
5.697, 1, 0, 0, 0
5.709, 1, 0, 0, 0
5.721, 1, 0, 0, 0
5.734, 1, 0, 0, 0
5.746, 1, 0, 0, 0
5.759, 1, 0, 0, 0
5.771, 1, 0, 0, 0
5.783, 1, 0, 0, 0
5.796, 1, 0, 0, 0
5.808, 1, 0, 0, 0
5.82, 1, 0, 0, 0
5.833, 1, 0, 0, 0
5.845, 1, 0, 0, 0
5.857, 1, 0, 0, 0
5.87, 1, 0, 0, 0
5.882, 1, 0, 0, 0
5.894, 1, 0, 0, 0
5.907, 1, 0, 0, 0
5.919, 1, 0, 0, 0
5.932, 1, 0, 0, 0
5.944, 1, 0, 0, 0
5.956, 1, 0, 0, 0
5.969, 1, 0, 0, 0
5.981, 1, 0, 0, 0
5.993, 1, 0, 0, 0
6.006, 1, 0, 0, 0
6.018, 1, 0, 0, 0
6.03, 1, 0, 0, 0
6.043, 1, 0, 0, 0
6.055, 1, 0, 0, 0
6.067, 1, 0, 0, 0
6.08, 1, 0, 0, 0
6.092, 1, 0, 0, 0
6.104, 1, 0, 0, 0
6.117, 1, 0, 0, 0
6.129, 1, 0, 0, 0
6.141, 1, 0, 0, 0
6.154, 1, 0, 0, 0
6.166, 1, 0, 0, 0
6.178, 1, 0, 0, 0
6.191, 1, 0, 0, 0
6.203, 1, 0, 0, 0
6.215, 1, 0, 0, 0
6.228, 1, 0, 0, 0
6.24, 1, 0, 0, 0
6.252, 1, 0, 0, 0
6.265, 1, 0, 0, 0
6.277, 1, 0, 0, 0
6.289, 1, 0, 0, 0
6.302, 1, 0, 0, 0
6.314, 1, 0, 0, 0
6.326, 1, 0, 0, 0
6.339, 1, 0, 0, 0
6.351, 1, 0, 0, 0
6.363, 1, 0, 0, 0
6.376, 1, 0, 0, 0
6.388, 1, 0, 0, 0
6.401, 1, 0, 0, 0
6.413, 1, 0, 0, 0
6.425, 1, 0, 0, 0
6.438, 1, 0, 0, 0
6.45, 1, 0, 0, 0
6.462, 1, 0, 0, 0
6.475, 1, 0, 0, 0
6.487, 1, 0, 0, 0
6.5, 1, 0, 0, 0
6.512, 1, 0, 0, 0
6.524, 1, 0, 0, 0
6.537, 1, 0, 0, 0
6.549, 1, 0, 0, 0
6.561, 1, 0, 0, 0
6.574, 1, 0, 0, 0
6.586, 1, 0, 0, 0
6.598, 1, 0, 0, 0
6.611, 1, 0, 0, 0
6.623, 1, 0, 0, 0
6.635, 1, 0, 0, 0
6.648, 1, 0, 0, 0
6.66, 1, 0, 0, 0
6.673, 1, 0, 0, 0
6.685, 1, 0, 0, 0
6.697, 1, 0, 0, 0
6.71, 1, 0, 0, 0
6.722, 1, 0, 0, 0
6.735, 1, 0, 0, 0
6.747, 1, 0, 0, 0
6.759, 1, 0, 0, 0
6.772, 1, 0, 0, 0
6.784, 1, 0, 0, 0
6.796, 1, 0, 0, 0
6.809, 1, 0, 0, 0
6.821, 1, 0, 0, 0
6.833, 1, 0, 0, 0
6.846, 1, 0, 0, 0
6.858, 1, 0, 0, 0
6.87, 1, 0, 0, 0
6.883, 1, 0, 0, 0
6.895, 1, 0, 0, 0
6.908, 1, 0, 0, 0
6.92, 1, 0, 0, 0
6.932, 1, 0, 0, 0
6.945, 1, 0, 0, 0
6.957, 1, 0, 0, 0
6.969, 1, 0, 0, 0
6.982, 1, 0, 0, 0
6.994, 1, 0, 0, 0
7.007, 1, 0, 0, 0
7.019, 1, 0, 0, 0
7.031, 1, 0, 0, 0
7.044, 1, 0, 0, 0
7.056, 1, 0, 0, 0
7.068, 1, 0, 0, 0
7.081, 1, 0, 0, 0
7.093, 1, 0, 0, 0
7.105, 1, 0, 0, 0
7.118, 1, 0, 0, 0
7.13, 1, 0, 0, 0
7.143, 1, 0, 0, 0
7.155, 1, 0, 0, 0
7.167, 1, 0, 0, 0
7.18, 1, 0, 0, 0
7.192, 1, 0, 0, 0
7.205, 1, 0, 0, 0
7.217, 1, 0, 0, 0
7.229, 1, 0, 0, 0
7.242, 1, 0, 0, 0
7.254, 1, 0, 0, 0
7.267, 1, 0, 0, 0
7.279, 1, 0, 0, 0
7.291, 1, 0, 0, 0
7.304, 1, 0, 0, 0
7.316, 1, 0, 0, 0
7.328, 1, 0, 0, 0
7.341, 1, 0, 0, 0
7.353, 1, 0, 0, 0
7.365, 1, 0, 0, 0
7.378, 1, 0, 0, 0
7.39, 1, 0, 0, 0
7.402, 1, 0, 0, 0
7.415, 1, 0, 0, 0
7.427, 1, 0, 0, 0
7.44, 1, 0, 0, 0
7.452, 1, 0, 0, 0
7.464, 1, 0, 0, 0
7.477, 1, 0, 0, 0
7.489, 1, 0, 0, 0
7.501, 1, 0, 0, 0
7.514, 1, 0, 0, 0
7.527, 1, 0, 0, 0
7.539, 1, 0, 0, 0
7.552, 1, 0, 0, 0
7.564, 1, 0, 0, 0
7.578, 1, 0, 0, 0
7.591, 1, 0, 0, 0
7.603, 1, 0, 0, 0
7.616, 1, 0, 0, 0
7.629, 1, 0, 0, 0
7.642, 1, 0, 0, 0
7.655, 1, 0, 0, 0
7.668, 1, 0, 0, 0
7.681, 1, 0, 0, 0
7.693, 1, 0, 0, 0
7.706, 1, 0, 0, 0
7.719, 1, 0, 0, 0
7.731, 1, 0, 0, 0
7.744, 1, 0, 0, 0
7.756, 1, 0, 0, 0
7.769, 1, 0, 0, 0
7.781, 1, 0, 0, 0
7.794, 1, 0, 0, 0
7.806, 1, 0, 0, 0
7.819, 1, 0, 0, 0
7.831, 1, 0, 0, 0
7.844, 1, 0, 0, 0
7.856, 1, 0, 0, 0
7.869, 1, 0, 0, 0
7.881, 1, 0, 0, 0
7.894, 1, 0, 0, 0
7.907, 1, 0, 0, 0
7.92, 1, 0, 0, 0
7.934, 1, 0, 0, 0
7.946, 1, 0, 0, 0
7.959, 1, 0, 0, 0
7.972, 1, 0, 0, 0
7.984, 1, 0, 0, 0
7.998, 1, 0, 0, 0
8.01, 1, 0, 0, 0
8.023, 1, 0, 0, 0
8.035, 1, 0, 0, 0
8.048, 1, 0, 0, 0
8.06, 1, 0, 0, 0
8.073, 1, 0, 0, 0
8.085, 1, 0, 0, 0
8.097, 1, 0, 0, 0
8.11, 1, 0, 0, 0
8.123, 1, 0, 0, 0
8.138, 1, 0, 0, 0
8.15, 1, 0, 0, 0
8.163, 1, 0, 0, 0
8.175, 1, 0, 0, 0
8.187, 1, 0, 0, 0
8.2, 1, 0, 0, 0
8.214, 1, 0, 0, 0
8.226, 1, 0, 0, 0
8.239, 1, 0, 0, 0
8.251, 1, 0, 0, 0
8.264, 1, 0, 0, 0
8.277, 1, 0, 0, 0
8.29, 1, 0, 0, 0
8.302, 1, 0, 0, 0
8.314, 1, 0, 0, 0
8.327, 1, 0, 0, 0
8.339, 1, 0, 0, 0
8.351, 1, 0, 0, 0
8.364, 1, 0, 0, 0
8.376, 1, 0, 0, 0
8.388, 1, 0, 0, 0
8.401, 1, 0, 0, 0
8.413, 1, 0, 0, 0
8.425, 1, 0, 0, 0
8.438, 1, 0, 0, 0
8.45, 1, 0, 0, 0
8.462, 1, 0, 0, 0
8.475, 1, 0, 0, 0
8.487, 1, 0, 0, 0
8.5, 1, 0, 0, 0
8.512, 1, 0, 0, 0
8.524, 1, 0, 0, 0
8.537, 1, 0, 0, 0
8.549, 1, 0, 0, 0
8.561, 1, 0, 0, 0
8.574, 1, 0, 0, 0
8.586, 1, 0, 0, 0
8.598, 1, 0, 0, 0
8.611, 1, 0, 0, 0
8.623, 1, 0, 0, 0
8.635, 1, 0, 0, 0
8.648, 1, 0, 0, 0
8.66, 1, 0, 0, 0
8.673, 1, 0, 0, 0
8.685, 1, 0, 0, 0
8.697, 1, 0, 0, 0
8.71, 1, 0, 0, 0
8.722, 1, 0, 0, 0
8.734, 1, 0, 0, 0
8.747, 1, 0, 0, 0
8.759, 1, 0, 0, 0
8.771, 1, 0, 0, 0
8.784, 1, 0, 0, 0
8.796, 1, 0, 0, 0
8.808, 1, 0, 0, 0
8.821, 1, 0, 0, 0
8.833, 1, 0, 0, 0
8.845, 1, 0, 0, 0
8.858, 1, 0, 0, 0
8.87, 1, 0, 0, 0
8.883, 1, 0, 0, 0
8.895, 1, 0, 0, 0
8.907, 1, 0, 0, 0
8.92, 1, 0, 0, 0
8.932, 1, 0, 0, 0
8.944, 1, 0, 0, 0
8.957, 1, 0, 0, 0
8.969, 1, 0, 0, 0
8.981, 1, 0, 0, 0
8.994, 1, 0, 0, 0
9.006, 1, 0, 0, 0
9.019, 1, 0, 0, 0
9.031, 1, 0, 0, 0
9.043, 1, 0, 0, 0
9.056, 1, 0, 0, 0
9.068, 1, 0, 0, 0
9.08, 1, 0, 0, 0
9.093, 1, 0, 0, 0
9.105, 1, 0, 0, 0
9.117, 1, 0, 0, 0
9.13, 1, 0, 0, 0
9.142, 1, 0, 0, 0
9.154, 1, 0, 0, 0
9.167, 1, 0, 0, 0
9.179, 1, 0, 0, 0
9.191, 1, 0, 0, 0
9.204, 1, 0, 0, 0
9.216, 1, 0, 0, 0
9.229, 1, 0, 0, 0
9.241, 1, 0, 0, 0
9.254, 1, 0, 0, 0
9.266, 1, 0, 0, 0
9.279, 1, 0, 0, 0
9.291, 1, 0, 0, 0
9.303, 1, 0, 0, 0
9.316, 1, 0, 0, 0
9.328, 1, 0, 0, 0
9.34, 1, 0, 0, 0
9.353, 1, 0, 0, 0
9.365, 1, 0, 0, 0
9.377, 1, 0, 0, 0
9.39, 1, 0, 0, 0
9.402, 1, 0, 0, 0
9.414, 1, 0, 0, 0
9.427, 1, 0, 0, 0
9.439, 1, 0, 0, 0
9.452, 1, 0, 0, 0
9.464, 1, 0, 0, 0
9.476, 1, 0, 0, 0
9.489, 1, 0, 0, 0
9.501, 1, 0, 0, 0
9.514, 1, 0, 0, 0
9.526, 1, 0, 0, 0
9.538, 1, 0, 0, 0
9.551, 1, 0, 0, 0
9.563, 1, 0, 0, 0
9.575, 1, 0, 0, 0
9.588, 1, 0, 0, 0
9.6, 1, 0, 0, 0
9.613, 1, 0, 0, 0
9.625, 1, 0, 0, 0
9.637, 1, 0, 0, 0
9.65, 1, 0, 0, 0
9.663, 1, 0, 0, 0
9.675, 1, 0, 0, 0
9.688, 1, 0, 0, 0
9.7, 1, 0, 0, 0
9.712, 1, 0, 0, 0
9.725, 1, 0, 0, 0
9.737, 1, 0, 0, 0
9.749, 1, 0, 0, 0
9.762, 1, 0, 0, 0
9.774, 1, 0, 0, 0
9.786, 1, 0, 0, 0
9.799, 1, 0, 0, 0
9.811, 1, 0, 0, 0
9.823, 1, 0, 0, 0
9.836, 1, 0, 0, 0
9.848, 1, 0, 0, 0
9.86, 1, 0, 0, 0
9.873, 1, 0, 0, 0
9.885, 1, 0, 0, 0
9.898, 1, 0, 0, 0
9.91, 1, 0, 0, 0
9.922, 1, 0, 0, 0
9.935, 1, 0, 0, 0
9.947, 1, 0, 0, 0
9.959, 1, 0, 0, 0
9.972, 1, 0, 0, 0
9.984, 1, 0, 0, 0
9.996, 1, 0, 0, 0
10.009, 1, 0, 0, 0
10.021, 1, 0, 0, 0
10.033, 1, 0, 0, 0
10.046, 1, 0, 0, 0
10.058, 1, 0, 0, 0
10.07, 1, 0, 0, 0
10.083, 1, 0, 0, 0
10.095, 1, 0, 0, 0
10.107, 1, 0, 0, 0
10.12, 1, 0, 0, 0
10.132, 1, 0, 0, 0
10.144, 1, 0, 0, 0
10.157, 1, 0, 0, 0
10.169, 1, 0, 0, 0
10.181, 1, 0, 0, 0
10.194, 1, 0, 0, 0
10.206, 1, 0, 0, 0
10.219, 1, 0, 0, 0
10.231, 1, 0, 0, 0
10.243, 1, 0, 0, 0
10.256, 1, 0, 0, 0
10.268, 1, 0, 0, 0
10.28, 1, 0, 0, 0
10.293, 1, 0, 0, 0
10.305, 1, 0, 0, 0
10.317, 1, 0, 0, 0
10.33, 1, 0, 0, 0
10.342, 1, 0, 0, 0
10.355, 1, 0, 0, 0
10.367, 1, 0, 0, 0
10.379, 1, 0, 0, 0
10.392, 1, 0, 0, 0
10.404, 1, 0, 0, 0
10.416, 1, 0, 0, 0
10.429, 1, 0, 0, 0
10.441, 1, 0, 0, 0
10.454, 1, 0, 0, 0
10.466, 1, 0, 0, 0
10.478, 1, 0, 0, 0
10.491, 1, 0, 0, 0
10.503, 1, 0, 0, 0
10.516, 1, 0, 0, 0
10.528, 1, 0, 0, 0
10.54, 1, 0, 0, 0
10.553, 1, 0, 0, 0
10.565, 1, 0, 0, 0
10.577, 1, 0, 0, 0
10.59, 1, 0, 0, 0
10.602, 1, 0, 0, 0
10.614, 1, 0, 0, 0
10.627, 1, 0, 0, 0
10.639, 1, 0, 0, 0
10.651, 1, 0, 0, 0
10.664, 1, 0, 0, 0
10.676, 1, 0, 0, 0
10.688, 1, 0, 0, 0
10.701, 1, 0, 0, 0
10.713, 1, 0, 0, 0
10.725, 1, 0, 0, 0
10.738, 1, 0, 0, 0
10.75, 1, 0, 0, 0
10.763, 1, 0, 0, 0
10.775, 1, 0, 0, 0
10.787, 1, 0, 0, 0
10.8, 1, 0, 0, 0
10.812, 1, 0, 0, 0
10.824, 1, 0, 0, 0
10.837, 1, 0, 0, 0
10.849, 1, 0, 0, 0
10.861, 1, 0, 0, 0
10.874, 1, 0, 0, 0
10.886, 1, 0, 0, 0
10.898, 1, 0, 0, 0
10.911, 1, 0, 0, 0
10.923, 1, 0, 0, 0
10.936, 1, 0, 0, 0
10.948, 1, 0, 0, 0
10.96, 1, 0, 0, 0
10.973, 1, 0, 0, 0
10.985, 1, 0, 0, 0
10.997, 1, 0, 0, 0
11.01, 1, 0, 0, 0
11.022, 1, 0, 0, 0
11.035, 1, 0, 0, 0
11.047, 1, 0, 0, 0
11.059, 1, 0, 0, 0
11.072, 1, 0, 0, 0
11.084, 1, 0, 0, 0
11.096, 1, 0, 0, 0
11.109, 1, 0, 0, 0
11.121, 1, 0, 0, 0
11.133, 1, 0, 0, 0
11.146, 1, 0, 0, 0
11.158, 1, 0, 0, 0
11.17, 1, 0, 0, 0
11.183, 1, 0, 0, 0
11.195, 1, 0, 0, 0
11.207, 1, 0, 0, 0
11.22, 1, 0, 0, 0
11.232, 1, 0, 0, 0
11.244, 1, 0, 0, 0
11.257, 1, 0, 0, 0
11.269, 1, 0, 0, 0
11.281, 1, 0, 0, 0
11.294, 1, 0, 0, 0
11.306, 1, 0, 0, 0
11.318, 1, 0, 0, 0
11.331, 1, 0, 0, 0
11.343, 1, 0, 0, 0
11.356, 1, 0, 0, 0
11.368, 1, 0, 0, 0
11.38, 1, 0, 0, 0
11.392, 1, 0, 0, 0
11.405, 1, 0, 0, 0
11.417, 1, 0, 0, 0
11.43, 1, 0, 0, 0
11.442, 1, 0, 0, 0
11.454, 1, 0, 0, 0
11.467, 1, 0, 0, 0
11.479, 1, 0, 0, 0
11.491, 1, 0, 0, 0
11.504, 1, 0, 0, 0
11.516, 1, 0, 0, 0
11.528, 1, 0, 0, 0
11.541, 1, 0, 0, 0
11.553, 1, 0, 0, 0
11.565, 1, 0, 0, 0
11.578, 1, 0, 0, 0
11.59, 1, 0, 0, 0
11.602, 1, 0, 0, 0
11.615, 1, 0, 0, 0
11.627, 1, 0, 0, 0
11.64, 1, 0, 0, 0
11.652, 1, 0, 0, 0
11.664, 1, 0, 0, 0
11.677, 1, 0, 0, 0
11.689, 1, 0, 0, 0
11.701, 1, 0, 0, 0
11.714, 1, 0, 0, 0
11.726, 1, 0, 0, 0
11.738, 1, 0, 0, 0
11.751, 1, 0, 0, 0
11.763, 1, 0, 0, 0
11.775, 1, 0, 0, 0
11.788, 1, 0, 0, 0
11.8, 1, 0, 0, 0
11.812, 1, 0, 0, 0
11.824, 1, 0, 0, 0
11.837, 1, 0, 0, 0
11.849, 1, 0, 0, 0
11.862, 1, 0, 0, 0
11.874, 1, 0, 0, 0
11.886, 1, 0, 0, 0
11.899, 1, 0, 0, 0
11.911, 1, 0, 0, 0
11.923, 1, 0, 0, 0
11.936, 1, 0, 0, 0
11.948, 1, 0, 0, 0
11.96, 1, 0, 0, 0
11.973, 1, 0, 0, 0
11.985, 1, 0, 0, 0
11.997, 1, 0, 0, 0
12.01, 1, 0, 0, 0
12.022, 1, 0, 0, 0
12.034, 1, 0, 0, 0
12.047, 1, 0, 0, 0
12.059, 1, 0, 0, 0
12.071, 1, 0, 0, 0
12.084, 1, 0, 0, 0
12.096, 1, 0, 0, 0
12.108, 1, 0, 0, 0
12.121, 1, 0, 0, 0
12.133, 1, 0, 0, 0
12.145, 1, 0, 0, 0
12.158, 1, 0, 0, 0
12.17, 1, 0, 0, 0
12.182, 1, 0, 0, 0
12.195, 1, 0, 0, 0
12.207, 1, 0, 0, 0
12.22, 1, 0, 0, 0
12.232, 1, 0, 0, 0
12.244, 1, 0, 0, 0
12.257, 1, 0, 0, 0
12.269, 1, 0, 0, 0
12.281, 1, 0, 0, 0
12.294, 1, 0, 0, 0
12.306, 1, 0, 0, 0
12.318, 1, 0, 0, 0
12.331, 1, 0, 0, 0
12.343, 1, 0, 0, 0
12.355, 1, 0, 0, 0
12.368, 1, 0, 0, 0
12.38, 1, 0, 0, 0
12.392, 1, 0, 0, 0
12.405, 1, 0, 0, 0
12.417, 1, 0, 0, 0
12.43, 1, 0, 0, 0
12.442, 1, 0, 0, 0
12.454, 1, 0, 0, 0
12.467, 1, 0, 0, 0
12.479, 1, 0, 0, 0
12.491, 1, 0, 0, 0
12.504, 1, 0, 0, 0
12.516, 1, 0, 0, 0
12.528, 1, 0, 0, 0
12.541, 1, 0, 0, 0
12.553, 1, 0, 0, 0
12.565, 1, 0, 0, 0
12.578, 1, 0, 0, 0
12.59, 1, 0, 0, 0
12.603, 1, 0, 0, 0
12.615, 1, 0, 0, 0
12.627, 1, 0, 0, 0
12.639, 1, 0, 0, 0
12.652, 1, 0, 0, 0
12.664, 1, 0, 0, 0
12.676, 1, 0, 0, 0
12.689, 1, 0, 0, 0
12.701, 1, 0, 0, 0
12.714, 1, 0, 0, 0
12.726, 1, 0, 0, 0
12.738, 1, 0, 0, 0
12.751, 1, 0, 0, 0
12.763, 1, 0, 0, 0
12.775, 1, 0, 0, 0
12.788, 1, 0, 0, 0
12.8, 1, 0, 0, 0
12.812, 1, 0, 0, 0
12.825, 1, 0, 0, 0
12.837, 1, 0, 0, 0
12.849, 1, 0, 0, 0
12.862, 1, 0, 0, 0
12.874, 1, 0, 0, 0
12.886, 1, 0, 0, 0
12.899, 1, 0, 0, 0
12.911, 1, 0, 0, 0
12.924, 1, 0, 0, 0
12.936, 1, 0, 0, 0
12.948, 1, 0, 0, 0
12.961, 1, 0, 0, 0
12.973, 1, 0, 0, 0
12.985, 1, 0, 0, 0
12.998, 1, 0, 0, 0
13.01, 1, 0, 0, 0
13.022, 1, 0, 0, 0
13.035, 1, 0, 0, 0
13.047, 1, 0, 0, 0
13.06, 1, 0, 0, 0
13.072, 1, 0, 0, 0
13.084, 1, 0, 0, 0
13.096, 1, 0, 0, 0
13.109, 1, 0, 0, 0
13.121, 1, 0, 0, 0
13.133, 1, 0, 0, 0
13.146, 1, 0, 0, 0
13.158, 1, 0, 0, 0
13.17, 1, 0, 0, 0
13.183, 1, 0, 0, 0
13.195, 1, 0, 0, 0
13.208, 1, 0, 0, 0
13.22, 1, 0, 0, 0
13.232, 1, 0, 0, 0
13.244, 1, 0, 0, 0
13.257, 1, 0, 0, 0
13.269, 1, 0, 0, 0
13.282, 1, 0, 0, 0
13.294, 1, 0, 0, 0
13.306, 1, 0, 0, 0
13.319, 1, 0, 0, 0
13.331, 1, 0, 0, 0
13.343, 1, 0, 0, 0
13.356, 1, 0, 0, 0
13.368, 1, 0, 0, 0
13.38, 1, 0, 0, 0
13.393, 1, 0, 0, 0
13.405, 1, 0, 0, 0
13.418, 1, 0, 0, 0
13.43, 1, 0, 0, 0
13.442, 1, 0, 0, 0
13.455, 1, 0, 0, 0
13.467, 1, 0, 0, 0
13.479, 1, 0, 0, 0
13.492, 1, 0, 0, 0
13.504, 1, 0, 0, 0
13.516, 1, 0, 0, 0
13.529, 1, 0, 0, 0
13.541, 1, 0, 0, 0
13.553, 1, 0, 0, 0
13.566, 1, 0, 0, 0
13.578, 1, 0, 0, 0
13.59, 1, 0, 0, 0
13.603, 1, 0, 0, 0
13.615, 1, 0, 0, 0
13.627, 1, 0, 0, 0
13.64, 1, 0, 0, 0
13.652, 1, 0, 0, 0
13.664, 1, 0, 0, 0
13.677, 1, 0, 0, 0
13.689, 1, 0, 0, 0
13.701, 1, 0, 0, 0
13.714, 1, 0, 0, 0
13.726, 1, 0, 0, 0
13.739, 1, 0, 0, 0
13.751, 1, 0, 0, 0
13.763, 1, 0, 0, 0
13.776, 1, 0, 0, 0
13.788, 1, 0, 0, 0
13.8, 1, 0, 0, 0
13.813, 1, 0, 0, 0
13.825, 1, 0, 0, 0
13.837, 1, 0, 0, 0
13.85, 1, 0, 0, 0
13.862, 1, 0, 0, 0
13.874, 1, 0, 0, 0
13.887, 1, 0, 0, 0
13.899, 1, 0, 0, 0
13.911, 1, 0, 0, 0
13.924, 1, 0, 0, 0
13.936, 1, 0, 0, 0
13.948, 1, 0, 0, 0
13.961, 1, 0, 0, 0
13.973, 1, 0, 0, 0
13.986, 1, 0, 0, 0
13.998, 1, 0, 0, 0
14.01, 1, 0, 0, 0
14.023, 1, 0, 0, 0
14.035, 1, 0, 0, 0
14.047, 1, 0, 0, 0
14.06, 1, 0, 0, 0
14.072, 1, 0, 0, 0
14.084, 1, 0, 0, 0
14.097, 1, 0, 0, 0
14.109, 1, 0, 0, 0
14.121, 1, 0, 0, 0
14.134, 1, 0, 0, 0
14.146, 1, 0, 0, 0
14.159, 1, 0, 0, 0
14.171, 1, 0, 0, 0
14.183, 1, 0, 0, 0
14.196, 1, 0, 0, 0
14.208, 1, 0, 0, 0
14.22, 1, 0, 0, 0
14.233, 1, 0, 0, 0
14.245, 1, 0, 0, 0
14.257, 1, 0, 0, 0
14.27, 1, 0, 0, 0
14.282, 1, 0, 0, 0
14.294, 1, 0, 0, 0
14.307, 1, 0, 0, 0
14.319, 1, 0, 0, 0
14.332, 1, 0, 0, 0
14.344, 1, 0, 0, 0
14.356, 1, 0, 0, 0
14.368, 1, 0, 0, 0
14.381, 1, 0, 0, 0
14.393, 1, 0, 0, 0
14.405, 1, 0, 0, 0
14.418, 1, 0, 0, 0
14.43, 1, 0, 0, 0
14.442, 1, 0, 0, 0
14.455, 1, 0, 0, 0
14.467, 1, 0, 0, 0
14.479, 1, 0, 0, 0
14.492, 1, 0, 0, 0
14.504, 1, 0, 0, 0
14.516, 1, 0, 0, 0
14.529, 1, 0, 0, 0
14.541, 1, 0, 0, 0
14.553, 1, 0, 0, 0
14.566, 1, 0, 0, 0
14.578, 1, 0, 0, 0
14.59, 1, 0, 0, 0
14.603, 1, 0, 0, 0
14.615, 1, 0, 0, 0
14.627, 1, 0, 0, 0
14.639, 1, 0, 0, 0
14.652, 1, 0, 0, 0
14.664, 1, 0, 0, 0
14.676, 1, 0, 0, 0
14.689, 1, 0, 0, 0
14.701, 1, 0, 0, 0
14.713, 1, 0, 0, 0
14.726, 1, 0, 0, 0
14.738, 1, 0, 0, 0
14.75, 1, 0, 0, 0
14.763, 1, 0, 0, 0
14.775, 1, 0, 0, 0
14.787, 1, 0, 0, 0
14.8, 1, 0, 0, 0
14.812, 1, 0, 0, 0
14.824, 1, 0, 0, 0
14.837, 1, 0, 0, 0
14.849, 1, 0, 0, 0
14.861, 1, 0, 0, 0
14.874, 1, 0, 0, 0
14.886, 1, 0, 0, 0
14.898, 1, 0, 0, 0
14.911, 1, 0, 0, 0
14.924, 1, 0, 0, 0
14.936, 1, 0, 0, 0
14.948, 1, 0, 0, 0
14.961, 1, 0, 0, 0
14.973, 1, 0, 0, 0
14.985, 1, 0, 0, 0
14.998, 1, 0, 0, 0
15.01, 1, 0, 0, 0
15.022, 1, 0, 0, 0
15.035, 1, 0, 0, 0
15.047, 1, 0, 0, 0
15.059, 1, 0, 0, 0
15.072, 1, 0, 0, 0
15.084, 1, 0, 0, 0
15.096, 1, 0, 0, 0
15.109, 1, 0, 0, 0
15.121, 1, 0, 0, 0
15.133, 1, 0, 0, 0
15.146, 1, 0, 0, 0
15.158, 1, 0, 0, 0
15.17, 1, 0, 0, 0
15.183, 1, 0, 0, 0
15.195, 1, 0, 0, 0
15.208, 1, 0, 0, 0
15.22, 1, 0, 0, 0
15.232, 1, 0, 0, 0
15.244, 1, 0, 0, 0
15.257, 1, 0, 0, 0
15.269, 1, 0, 0, 0
15.282, 1, 0, 0, 0
15.294, 1, 0, 0, 0
15.306, 1, 0, 0, 0
15.319, 1, 0, 0, 0
15.331, 1, 0, 0, 0
15.343, 1, 0, 0, 0
15.356, 1, 0, 0, 0
15.368, 1, 0, 0, 0
15.38, 1, 0, 0, 0
15.393, 1, 0, 0, 0
15.405, 1, 0, 0, 0
15.417, 1, 0, 0, 0
15.43, 1, 0, 0, 0
15.442, 1, 0, 0, 0
15.454, 1, 0, 0, 0
15.467, 1, 0, 0, 0
15.479, 1, 0, 0, 0
15.491, 1, 0, 0, 0
15.504, 1, 0, 0, 0
15.516, 1, 0, 0, 0
15.528, 1, 0, 0, 0
15.541, 1, 0, 0, 0
15.553, 1, 0, 0, 0
15.565, 1, 0, 0, 0
15.578, 1, 0, 0, 0
15.59, 1, 0, 0, 0
15.602, 1, 0, 0, 0
15.615, 1, 0, 0, 0
15.627, 1, 0, 0, 0
15.639, 1, 0, 0, 0
15.652, 1, 0, 0, 0
15.664, 1, 0, 0, 0
15.677, 1, 0, 0, 0
15.689, 1, 0, 0, 0
15.701, 1, 0, 0, 0
15.714, 1, 0, 0, 0
15.726, 1, 0, 0, 0
15.738, 1, 0, 0, 0
15.751, 1, 0, 0, 0
15.763, 1, 0, 0, 0
15.775, 1, 0, 0, 0
15.788, 1, 0, 0, 0
15.8, 1, 0, 0, 0
15.812, 1, 0, 0, 0
15.825, 1, 0, 0, 0
15.837, 1, 0, 0, 0
15.849, 1, 0, 0, 0
15.862, 1, 0, 0, 0
15.874, 1, 0, 0, 0
15.887, 1, 0, 0, 0
15.899, 1, 0, 0, 0
15.912, 1, 0, 0, 0
15.924, 1, 0, 0, 0
15.936, 1, 0, 0, 0
15.949, 1, 0, 0, 0
15.961, 1, 0, 0, 0
15.974, 1, 0, 0, 0
15.986, 1, 0, 0, 0
15.998, 1, 0, 0, 0
16.011, 1, 0, 0, 0
16.023, 1, 0, 0, 0
16.035, 1, 0, 0, 0
16.048, 1, 0, 0, 0
16.06, 1, 0, 0, 0
16.072, 1, 0, 0, 0
16.085, 1, 0, 0, 0
16.097, 1, 0, 0, 0
16.109, 1, 0, 0, 0
16.122, 1, 0, 0, 0
16.134, 1, 0, 0, 0
16.146, 1, 0, 0, 0
16.159, 1, 0, 0, 0
16.171, 1, 0, 0, 0
16.183, 1, 0, 0, 0
16.196, 1, 0, 0, 0
16.208, 1, 0, 0, 0
16.22, 1, 0, 0, 0
16.233, 1, 0, 0, 0
16.245, 1, 0, 0, 0
16.257, 1, 0, 0, 0
16.27, 1, 0, 0, 0
16.282, 1, 0, 0, 0
16.295, 1, 0, 0, 0
16.307, 1, 0, 0, 0
16.319, 1, 0, 0, 0
16.332, 1, 0, 0, 0
16.344, 1, 0, 0, 0
16.356, 1, 0, 0, 0
16.369, 1, 0, 0, 0
16.381, 1, 0, 0, 0
16.393, 1, 0, 0, 0
16.406, 1, 0, 0, 0
16.418, 1, 0, 0, 0
16.43, 1, 0, 0, 0
16.443, 1, 0, 0, 0
16.455, 1, 0, 0, 0
16.467, 1, 0, 0, 0
16.48, 1, 0, 0, 0
16.492, 1, 0, 0, 0
16.505, 1, 0, 0, 0
16.517, 1, 0, 0, 0
16.529, 1, 0, 0, 0
16.542, 1, 0, 0, 0
16.554, 1, 0, 0, 0
16.566, 1, 0, 0, 0
16.579, 1, 0, 0, 0
16.591, 1, 0, 0, 0
16.603, 1, 0, 0, 0
16.616, 1, 0, 0, 0
16.628, 1, 0, 0, 0
16.64, 1, 0, 0, 0
16.653, 1, 0, 0, 0
16.665, 1, 0, 0, 0
16.677, 1, 0, 0, 0
16.69, 1, 0, 0, 0
16.702, 1, 0, 0, 0
16.714, 1, 0, 0, 0
16.727, 1, 0, 0, 0
16.739, 1, 0, 0, 0
16.751, 1, 0, 0, 0
16.764, 1, 0, 0, 0
16.776, 1, 0, 0, 0
16.788, 1, 0, 0, 0
16.801, 1, 0, 0, 0
16.813, 1, 0, 0, 0
16.825, 1, 0, 0, 0
16.838, 1, 0, 0, 0
16.85, 1, 0, 0, 0
16.862, 1, 0, 0, 0
16.875, 1, 0, 0, 0
16.887, 1, 0, 0, 0
16.899, 1, 0, 0, 0
16.912, 1, 0, 0, 0
16.924, 1, 0, 0, 0
16.936, 1, 0, 0, 0
16.949, 1, 0, 0, 0
16.961, 1, 0, 0, 0
16.973, 1, 0, 0, 0
16.986, 1, 0, 0, 0
16.999, 1, 0, 0, 0
17.011, 1, 0, 0, 0
17.024, 1, 0, 0, 0
17.036, 1, 0, 0, 0
17.048, 1, 0, 0, 0
17.061, 1, 0, 0, 0
17.073, 1, 0, 0, 0
17.085, 1, 0, 0, 0
17.098, 1, 0, 0, 0
17.11, 1, 0, 0, 0
17.122, 1, 0, 0, 0
17.135, 1, 0, 0, 0
17.147, 1, 0, 0, 0
17.159, 1, 0, 0, 0
17.172, 1, 0, 0, 0
17.184, 1, 0, 0, 0
17.196, 1, 0, 0, 0
17.209, 1, 0, 0, 0
17.221, 1, 0, 0, 0
17.234, 1, 0, 0, 0
17.246, 1, 0, 0, 0
17.258, 1, 0, 0, 0
17.271, 1, 0, 0, 0
17.283, 1, 0, 0, 0
17.295, 1, 0, 0, 0
17.308, 1, 0, 0, 0
17.32, 1, 0, 0, 0
17.332, 1, 0, 0, 0
17.345, 1, 0, 0, 0
17.357, 1, 0, 0, 0
17.369, 1, 0, 0, 0
17.382, 1, 0, 0, 0
17.394, 1, 0, 0, 0
17.407, 1, 0, 0, 0
17.419, 1, 0, 0, 0
17.431, 1, 0, 0, 0
17.444, 1, 0, 0, 0
17.456, 1, 0, 0, 0
17.468, 1, 0, 0, 0
17.481, 1, 0, 0, 0
17.493, 1, 0, 0, 0
17.505, 1, 0, 0, 0
17.518, 1, 0, 0, 0
17.53, 1, 0, 0, 0
17.542, 1, 0, 0, 0
17.555, 1, 0, 0, 0
17.567, 1, 0, 0, 0
17.58, 1, 0, 0, 0
17.592, 1, 0, 0, 0
17.604, 1, 0, 0, 0
17.617, 1, 0, 0, 0
17.629, 1, 0, 0, 0
17.641, 1, 0, 0, 0
17.654, 1, 0, 0, 0
17.666, 1, 0, 0, 0
17.679, 1, 0, 0, 0
17.691, 1, 0, 0, 0
17.703, 1, 0, 0, 0
17.716, 1, 0, 0, 0
17.728, 1, 0, 0, 0
17.74, 1, 0, 0, 0
17.753, 1, 0, 0, 0
17.765, 1, 0, 0, 0
17.778, 1, 0, 0, 0
17.79, 1, 0, 0, 0
17.802, 1, 0, 0, 0
17.815, 1, 0, 0, 0
17.827, 1, 0, 0, 0
17.839, 1, 0, 0, 0
17.852, 1, 0, 0, 0
17.864, 1, 0, 0, 0
17.876, 1, 0, 0, 0
17.889, 1, 0, 0, 0
17.901, 1, 0, 0, 0
17.913, 1, 0, 0, 0
17.926, 1, 0, 0, 0
17.938, 1, 0, 0, 0
17.951, 1, 0, 0, 0
17.963, 1, 0, 0, 0
17.975, 1, 0, 0, 0
17.988, 1, 0, 0, 0
18, 1, 0, 0, 0
18.012, 1, 0, 0, 0
18.025, 1, 0, 0, 0
18.037, 1, 0, 0, 0
18.049, 1, 0, 0, 0
18.062, 1, 0, 0, 0
18.074, 1, 0, 0, 0
18.086, 1, 0, 0, 0
18.099, 1, 0, 0, 0
18.111, 1, 0, 0, 0
18.123, 1, 0, 0, 0
18.136, 1, 0, 0, 0
18.148, 1, 0, 0, 0
18.16, 1, 0, 0, 0
18.173, 1, 0, 0, 0
18.185, 1, 0, 0, 0
18.197, 1, 0, 0, 0
18.21, 1, 0, 0, 0
18.222, 1, 0, 0, 0
18.235, 1, 0, 0, 0
18.247, 1, 0, 0, 0
18.259, 1, 0, 0, 0
18.272, 1, 0, 0, 0
18.284, 1, 0, 0, 0
18.296, 1, 0, 0, 0
18.309, 1, 0, 0, 0
18.321, 1, 0, 0, 0
18.333, 1, 0, 0, 0
18.346, 1, 0, 0, 0
18.358, 1, 0, 0, 0
18.37, 1, 0, 0, 0
18.383, 1, 0, 0, 0
18.395, 1, 0, 0, 0
18.407, 1, 0, 0, 0
18.42, 1, 0, 0, 0
18.432, 1, 0, 0, 0
18.445, 1, 0, 0, 0
18.457, 1, 0, 0, 0
18.469, 1, 0, 0, 0
18.482, 1, 0, 0, 0
18.494, 1, 0, 0, 0
18.506, 1, 0, 0, 0
18.519, 1, 0, 0, 0
18.531, 1, 0, 0, 0
18.543, 1, 0, 0, 0
18.556, 1, 0, 0, 0
18.568, 1, 0, 0, 0
18.58, 1, 0, 0, 0
18.593, 1, 0, 0, 0
18.605, 1, 0, 0, 0
18.617, 1, 0, 0, 0
18.63, 1, 0, 0, 0
18.642, 1, 0, 0, 0
18.655, 1, 0, 0, 0
18.667, 1, 0, 0, 0
18.679, 1, 0, 0, 0
18.692, 1, 0, 0, 0
18.704, 1, 0, 0, 0
18.716, 1, 0, 0, 0
18.729, 1, 0, 0, 0
18.741, 1, 0, 0, 0
18.753, 1, 0, 0, 0
18.766, 1, 0, 0, 0
18.778, 1, 0, 0, 0
18.79, 1, 0, 0, 0
18.803, 1, 0, 0, 0
18.815, 1, 0, 0, 0
18.828, 1, 0, 0, 0
18.84, 1, 0, 0, 0
18.852, 1, 0, 0, 0
18.865, 1, 0, 0, 0
18.877, 1, 0, 0, 0
18.889, 1, 0, 0, 0
18.902, 1, 0, 0, 0
18.914, 1, 0, 0, 0
18.926, 1, 0, 0, 0
18.939, 1, 0, 0, 0
18.951, 1, 0, 0, 0
18.963, 1, 0, 0, 0
18.976, 1, 0, 0, 0
18.988, 1, 0, 0, 0
19.001, 1, 0, 0, 0
19.013, 1, 0, 0, 0
19.025, 1, 0, 0, 0
19.038, 1, 0, 0, 0
19.05, 1, 0, 0, 0
19.062, 1, 0, 0, 0
19.075, 1, 0, 0, 0
19.087, 1, 0, 0, 0
19.099, 1, 0, 0, 0
19.112, 1, 0, 0, 0
19.124, 1, 0, 0, 0
19.136, 1, 0, 0, 0
19.149, 1, 0, 0, 0
19.161, 1, 0, 0, 0
19.173, 1, 0, 0, 0
19.186, 1, 0, 0, 0
19.198, 1, 0, 0, 0
19.21, 1, 0, 0, 0
19.223, 1, 0, 0, 0
19.235, 1, 0, 0, 0
19.248, 1, 0, 0, 0
19.26, 1, 0, 0, 0
19.272, 1, 0, 0, 0
19.284, 1, 0, 0, 0
19.297, 1, 0, 0, 0
19.309, 1, 0, 0, 0
19.322, 1, 0, 0, 0
19.334, 1, 0, 0, 0
19.346, 1, 0, 0, 0
19.359, 1, 0, 0, 0
19.371, 1, 0, 0, 0
19.383, 1, 0, 0, 0
19.396, 1, 0, 0, 0
19.408, 1, 0, 0, 0
19.42, 1, 0, 0, 0
19.433, 1, 0, 0, 0
19.445, 1, 0, 0, 0
19.457, 1, 0, 0, 0
19.47, 1, 0, 0, 0
19.482, 1, 0, 0, 0
19.494, 1, 0, 0, 0
19.507, 1, 0, 0, 0
19.519, 1, 0, 0, 0
19.531, 1, 0, 0, 0
19.544, 1, 0, 0, 0
19.556, 1, 0, 0, 0
19.568, 1, 0, 0, 0
19.581, 1, 0, 0, 0
19.593, 1, 0, 0, 0
19.605, 1, 0, 0, 0
19.618, 1, 0, 0, 0
19.63, 1, 0, 0, 0
19.642, 1, 0, 0, 0
19.655, 1, 0, 0, 0
19.667, 1, 0, 0, 0
19.68, 1, 0, 0, 0
19.692, 1, 0, 0, 0
19.704, 1, 0, 0, 0
19.717, 1, 0, 0, 0
19.729, 1, 0, 0, 0
19.741, 1, 0, 0, 0
19.754, 1, 0, 0, 0
19.766, 1, 0, 0, 0
19.778, 1, 0, 0, 0
19.791, 1, 0, 0, 0
19.803, 1, 0, 0, 0
19.815, 1, 0, 0, 0
19.828, 1, 0, 0, 0
19.84, 1, 0, 0, 0
19.852, 1, 0, 0, 0
19.865, 1, 0, 0, 0
19.877, 1, 0, 0, 0
19.889, 1, 0, 0, 0
19.902, 1, 0, 0, 0
19.914, 1, 0, 0, 0
19.927, 1, 0, 0, 0
19.939, 1, 0, 0, 0
19.951, 1, 0, 0, 0
19.964, 1, 0, 0, 0
19.976, 1, 0, 0, 0
19.988, 1, 0, 0, 0
20, 1, 0, 0, 0
20.012, 1, 0, 0, 0
20.025, 1, 0, 0, 0
20.037, 1, 0, 0, 0
20.049, 1, 0, 0, 0
20.062, 1, 0, 0, 0
20.074, 1, 0, 0, 0
20.086, 1, 0, 0, 0
20.099, 1, 0, 0, 0
20.111, 1, 0, 0, 0
20.123, 1, 0, 0, 0
20.136, 1, 0, 0, 0
20.148, 1, 0, 0, 0
20.161, 1, 0, 0, 0
20.173, 1, 0, 0, 0
20.185, 1, 0, 0, 0
20.198, 1, 0, 0, 0
20.21, 1, 0, 0, 0
20.222, 1, 0, 0, 0
20.235, 1, 0, 0, 0
20.247, 1, 0, 0, 0
20.259, 1, 0, 0, 0
20.272, 1, 0, 0, 0
20.284, 1, 0, 0, 0
20.296, 1, 0, 0, 0
20.309, 1, 0, 0, 0
20.321, 1, 0, 0, 0
20.333, 1, 0, 0, 0
20.346, 1, 0, 0, 0
20.358, 1, 0, 0, 0
20.37, 1, 0, 0, 0
20.383, 1, 0, 0, 0
20.395, 1, 0, 0, 0
20.408, 1, 0, 0, 0
20.42, 1, 0, 0, 0
20.432, 1, 0, 0, 0
20.445, 1, 0, 0, 0
20.457, 1, 0, 0, 0
20.469, 1, 0, 0, 0
20.482, 1, 0, 0, 0
20.494, 1, 0, 0, 0
20.506, 1, 0, 0, 0
20.519, 1, 0, 0, 0
20.531, 1, 0, 0, 0
20.543, 1, 0, 0, 0
20.556, 1, 0, 0, 0
20.568, 1, 0, 0, 0
20.581, 1, 0, 0, 0
20.593, 1, 0, 0, 0
20.605, 1, 0, 0, 0
20.618, 1, 0, 0, 0
20.63, 1, 0, 0, 0
20.642, 1, 0, 0, 0
20.655, 1, 0, 0, 0
20.667, 1, 0, 0, 0
20.68, 1, 0, 0, 0
20.692, 1, 0, 0, 0
20.704, 1, 0, 0, 0
20.717, 1, 0, 0, 0
20.729, 1, 0, 0, 0
20.741, 1, 0, 0, 0
20.754, 1, 0, 0, 0
20.766, 1, 0, 0, 0
20.778, 1, 0, 0, 0
20.791, 1, 0, 0, 0
20.803, 1, 0, 0, 0
20.815, 1, 0, 0, 0
20.828, 1, 0, 0, 0
20.84, 1, 0, 0, 0
20.852, 1, 0, 0, 0
20.865, 1, 0, 0, 0
20.877, 1, 0, 0, 0
20.889, 1, 0, 0, 0
20.902, 1, 0, 0, 0
20.914, 1, 0, 0, 0
20.926, 1, 0, 0, 0
20.939, 1, 0, 0, 0
20.951, 1, 0, 0, 0
20.963, 1, 0, 0, 0
20.976, 1, 0, 0, 0
20.988, 1, 0, 0, 0
21, 1, 0, 0, 0
21.013, 1, 0, 0, 0
21.025, 1, 0, 0, 0
21.038, 1, 0, 0, 0
21.05, 1, 0, 0, 0
21.062, 1, 0, 0, 0
21.075, 1, 0, 0, 0
21.087, 1, 0, 0, 0
21.099, 1, 0, 0, 0
21.112, 1, 0, 0, 0
21.124, 1, 0, 0, 0
21.136, 1, 0, 0, 0
21.149, 1, 0, 0, 0
21.161, 1, 0, 0, 0
21.173, 1, 0, 0, 0
21.186, 1, 0, 0, 0
21.198, 1, 0, 0, 0
21.21, 1, 0, 0, 0
21.223, 1, 0, 0, 0
21.235, 1, 0, 0, 0
21.247, 1, 0, 0, 0
21.26, 1, 0, 0, 0
21.272, 1, 0, 0, 0
21.284, 1, 0, 0, 0
21.297, 1, 0, 0, 0
21.309, 1, 0, 0, 0
21.321, 1, 0, 0, 0
21.334, 1, 0, 0, 0
21.346, 1, 0, 0, 0
21.358, 1, 0, 0, 0
21.371, 1, 0, 0, 0
21.383, 1, 0, 0, 0
21.396, 1, 0, 0, 0
21.408, 1, 0, 0, 0
21.42, 1, 0, 0, 0
21.433, 1, 0, 0, 0
21.445, 1, 0, 0, 0
21.457, 1, 0, 0, 0
21.47, 1, 0, 0, 0
21.482, 1, 0, 0, 0
21.495, 1, 0, 0, 0
21.507, 1, 0, 0, 0
21.519, 1, 0, 0, 0
21.532, 1, 0, 0, 0
21.544, 1, 0, 0, 0
21.556, 1, 0, 0, 0
21.569, 1, 0, 0, 0
21.581, 1, 0, 0, 0
21.593, 1, 0, 0, 0
21.606, 1, 0, 0, 0
21.618, 1, 0, 0, 0
21.631, 1, 0, 0, 0
21.643, 1, 0, 0, 0
21.655, 1, 0, 0, 0
21.668, 1, 0, 0, 0
21.68, 1, 0, 0, 0
21.692, 1, 0, 0, 0
21.705, 1, 0, 0, 0
21.717, 1, 0, 0, 0
21.729, 1, 0, 0, 0
21.742, 1, 0, 0, 0
21.754, 1, 0, 0, 0
21.766, 1, 0, 0, 0
21.779, 1, 0, 0, 0
21.791, 1, 0, 0, 0
21.803, 1, 0, 0, 0
21.816, 1, 0, 0, 0
21.828, 1, 0, 0, 0
21.84, 1, 0, 0, 0
21.853, 1, 0, 0, 0
21.865, 1, 0, 0, 0
21.877, 1, 0, 0, 0
21.89, 1, 0, 0, 0
21.902, 1, 0, 0, 0
21.914, 1, 0, 0, 0
21.927, 1, 0, 0, 0
21.939, 1, 0, 0, 0
21.951, 1, 0, 0, 0
21.965, 1, 0, 0, 0
21.977, 1, 0, 0, 0
21.99, 1, 0, 0, 0
22.002, 1, 0, 0, 0
22.015, 1, 0, 0, 0
22.027, 1, 0, 0, 0
22.039, 1, 0, 0, 0
22.052, 1, 0, 0, 0
22.064, 1, 0, 0, 0
22.076, 1, 0, 0, 0
22.089, 1, 0, 0, 0
22.101, 1, 0, 0, 0
22.113, 1, 0, 0, 0
22.126, 1, 0, 0, 0
22.138, 1, 0, 0, 0
22.151, 1, 0, 0, 0
22.163, 1, 0, 0, 0
22.175, 1, 0, 0, 0
22.188, 1, 0, 0, 0
22.2, 1, 0, 0, 0
22.212, 1, 0, 0, 0
22.225, 1, 0, 0, 0
22.237, 1, 0, 0, 0
22.249, 1, 0, 0, 0
22.262, 1, 0, 0, 0
22.274, 1, 0, 0, 0
22.286, 1, 0, 0, 0
22.299, 1, 0, 0, 0
22.311, 1, 0, 0, 0
22.323, 1, 0, 0, 0
22.336, 1, 0, 0, 0
22.348, 1, 0, 0, 0
22.36, 1, 0, 0, 0
22.373, 1, 0, 0, 0
22.385, 1, 0, 0, 0
22.398, 1, 0, 0, 0
22.41, 1, 0, 0, 0
22.422, 1, 0, 0, 0
22.435, 1, 0, 0, 0
22.447, 1, 0, 0, 0
22.459, 1, 0, 0, 0
22.472, 1, 0, 0, 0
22.484, 1, 0, 0, 0
22.496, 1, 0, 0, 0
22.509, 1, 0, 0, 0
22.521, 1, 0, 0, 0
22.533, 1, 0, 0, 0
22.546, 1, 0, 0, 0
22.558, 1, 0, 0, 0
22.57, 1, 0, 0, 0
22.583, 1, 0, 0, 0
22.595, 1, 0, 0, 0
22.607, 1, 0, 0, 0
22.62, 1, 0, 0, 0
22.632, 1, 0, 0, 0
22.644, 1, 0, 0, 0
22.657, 1, 0, 0, 0
22.669, 1, 0, 0, 0
22.681, 1, 0, 0, 0
22.694, 1, 0, 0, 0
22.706, 1, 0, 0, 0
22.718, 1, 0, 0, 0
22.731, 1, 0, 0, 0
22.743, 1, 0, 0, 0
22.756, 1, 0, 0, 0
22.768, 1, 0, 0, 0
22.78, 1, 0, 0, 0
22.792, 1, 0, 0, 0
22.805, 1, 0, 0, 0
22.817, 1, 0, 0, 0
22.83, 1, 0, 0, 0
22.842, 1, 0, 0, 0
22.854, 1, 0, 0, 0
22.867, 1, 0, 0, 0
22.879, 1, 0, 0, 0
22.891, 1, 0, 0, 0
22.904, 1, 0, 0, 0
22.916, 1, 0, 0, 0
22.928, 1, 0, 0, 0
22.941, 1, 0, 0, 0
22.953, 1, 0, 0, 0
22.966, 1, 0, 0, 0
22.979, 1, 0, 0, 0
22.991, 1, 0, 0, 0
23.003, 1, 0, 0, 0
23.016, 1, 0, 0, 0
23.028, 1, 0, 0, 0
23.04, 1, 0, 0, 0
23.053, 1, 0, 0, 0
23.065, 1, 0, 0, 0
23.077, 1, 0, 0, 0
23.09, 1, 0, 0, 0
23.102, 1, 0, 0, 0
23.115, 1, 0, 0, 0
23.127, 1, 0, 0, 0
23.139, 1, 0, 0, 0
23.152, 1, 0, 0, 0
23.164, 1, 0, 0, 0
23.176, 1, 0, 0, 0
23.189, 1, 0, 0, 0
23.201, 1, 0, 0, 0
23.213, 1, 0, 0, 0
23.226, 1, 0, 0, 0
23.238, 1, 0, 0, 0
23.251, 1, 0, 0, 0
23.263, 1, 0, 0, 0
23.275, 1, 0, 0, 0
23.288, 1, 0, 0, 0
23.3, 1, 0, 0, 0
23.312, 1, 0, 0, 0
23.325, 1, 0, 0, 0
23.337, 1, 0, 0, 0
23.349, 1, 0, 0, 0
23.362, 1, 0, 0, 0
23.374, 1, 0, 0, 0
23.386, 1, 0, 0, 0
23.399, 1, 0, 0, 0
23.411, 1, 0, 0, 0
23.423, 1, 0, 0, 0
23.436, 1, 0, 0, 0
23.448, 1, 0, 0, 0
23.46, 1, 0, 0, 0
23.473, 1, 0, 0, 0
23.485, 1, 0, 0, 0
23.498, 1, 0, 0, 0
23.51, 1, 0, 0, 0
23.522, 1, 0, 0, 0
23.535, 1, 0, 0, 0
23.547, 1, 0, 0, 0
23.559, 1, 0, 0, 0
23.572, 1, 0, 0, 0
23.584, 1, 0, 0, 0
23.596, 1, 0, 0, 0
23.609, 1, 0, 0, 0
23.621, 1, 0, 0, 0
23.633, 1, 0, 0, 0
23.646, 1, 0, 0, 0
23.658, 1, 0, 0, 0
23.67, 1, 0, 0, 0
23.683, 1, 0, 0, 0
23.695, 1, 0, 0, 0
23.708, 1, 0, 0, 0
23.72, 1, 0, 0, 0
23.732, 1, 0, 0, 0
23.744, 1, 0, 0, 0
23.757, 1, 0, 0, 0
23.769, 1, 0, 0, 0
23.781, 1, 0, 0, 0
23.794, 1, 0, 0, 0
23.806, 1, 0, 0, 0
23.819, 1, 0, 0, 0
23.831, 1, 0, 0, 0
23.843, 1, 0, 0, 0
23.856, 1, 0, 0, 0
23.868, 1, 0, 0, 0
23.88, 1, 0, 0, 0
23.893, 1, 0, 0, 0
23.905, 1, 0, 0, 0
23.917, 1, 0, 0, 0
23.93, 1, 0, 0, 0
23.942, 1, 0, 0, 0
23.954, 1, 0, 0, 0
23.967, 1, 0, 0, 0
23.979, 1, 0, 0, 0
23.991, 1, 0, 0, 0
24.004, 1, 0, 0, 0
24.016, 1, 0, 0, 0
24.028, 1, 0, 0, 0
24.041, 1, 0, 0, 0
24.053, 1, 0, 0, 0
24.066, 1, 0, 0, 0
24.078, 1, 0, 0, 0
24.09, 1, 0, 0, 0
24.103, 1, 0, 0, 0
24.115, 1, 0, 0, 0
24.127, 1, 0, 0, 0
24.14, 1, 0, 0, 0
24.152, 1, 0, 0, 0
24.164, 1, 0, 0, 0
24.177, 1, 0, 0, 0
24.189, 1, 0, 0, 0
24.201, 1, 0, 0, 0
24.214, 1, 0, 0, 0
24.226, 1, 0, 0, 0
24.238, 1, 0, 0, 0
24.251, 1, 0, 0, 0
24.263, 1, 0, 0, 0
24.276, 1, 0, 0, 0
24.288, 1, 0, 0, 0
24.3, 1, 0, 0, 0
24.313, 1, 0, 0, 0
24.325, 1, 0, 0, 0
24.337, 1, 0, 0, 0
24.35, 1, 0, 0, 0
24.362, 1, 0, 0, 0
24.374, 1, 0, 0, 0
24.387, 1, 0, 0, 0
24.399, 1, 0, 0, 0
24.412, 1, 0, 0, 0
24.424, 1, 0, 0, 0
24.436, 1, 0, 0, 0
24.449, 1, 0, 0, 0
24.461, 1, 0, 0, 0
24.473, 1, 0, 0, 0
24.486, 1, 0, 0, 0
24.498, 1, 0, 0, 0
24.51, 1, 0, 0, 0
24.523, 1, 0, 0, 0
24.535, 1, 0, 0, 0
24.547, 1, 0, 0, 0
24.56, 1, 0, 0, 0
24.572, 1, 0, 0, 0
24.584, 1, 0, 0, 0
24.597, 1, 0, 0, 0
24.609, 1, 0, 0, 0
24.621, 1, 0, 0, 0
24.634, 1, 0, 0, 0
24.646, 1, 0, 0, 0
24.658, 1, 0, 0, 0
24.671, 1, 0, 0, 0
24.683, 1, 0, 0, 0
24.695, 1, 0, 0, 0
24.708, 1, 0, 0, 0
24.72, 1, 0, 0, 0
24.732, 1, 0, 0, 0
24.745, 1, 0, 0, 0
24.757, 1, 0, 0, 0
24.769, 1, 0, 0, 0
24.782, 1, 0, 0, 0
24.794, 1, 0, 0, 0
24.806, 1, 0, 0, 0
24.819, 1, 0, 0, 0
24.831, 1, 0, 0, 0
24.844, 1, 0, 0, 0
24.856, 1, 0, 0, 0
24.868, 1, 0, 0, 0
24.881, 1, 0, 0, 0
24.893, 1, 0, 0, 0
24.905, 1, 0, 0, 0
24.918, 1, 0, 0, 0
24.93, 1, 0, 0, 0
24.942, 1, 0, 0, 0
24.955, 1, 0, 0, 0
24.967, 1, 0, 0, 0
24.98, 1, 0, 0, 0
24.992, 1, 0, 0, 0
25.004, 1, 0, 0, 0
25.017, 1, 0, 0, 0
25.029, 1, 0, 0, 0
25.042, 1, 0, 0, 0
25.054, 1, 0, 0, 0
25.066, 1, 0, 0, 0
25.079, 1, 0, 0, 0
25.091, 1, 0, 0, 0
25.104, 1, 0, 0, 0
25.116, 1, 0, 0, 0
25.128, 1, 0, 0, 0
25.141, 1, 0, 0, 0
25.153, 1, 0, 0, 0
25.166, 1, 0, 0, 0
25.178, 1, 0, 0, 0
25.191, 1, 0, 0, 0
25.203, 1, 0, 0, 0
25.215, 1, 0, 0, 0
25.228, 1, 0, 0, 0
25.241, 1, 0, 0, 0
25.253, 1, 0, 0, 0
25.266, 1, 0, 0, 0
25.278, 1, 0, 0, 0
25.291, 1, 0, 0, 0
25.303, 1, 0, 0, 0
25.316, 1, 0, 0, 0
25.328, 1, 0, 0, 0
25.34, 1, 0, 0, 0
25.354, 1, 0, 0, 0
25.366, 1, 0, 0, 0
25.379, 1, 0, 0, 0
25.391, 1, 0, 0, 0
25.404, 1, 0, 0, 0
25.416, 1, 0, 0, 0
25.428, 1, 0, 0, 0
25.441, 1, 0, 0, 0
25.453, 1, 0, 0, 0
25.466, 1, 0, 0, 0
25.478, 1, 0, 0, 0
25.491, 1, 0, 0, 0
25.503, 1, 0, 0, 0
25.515, 1, 0, 0, 0
25.528, 1, 0, 0, 0
25.54, 1, 0, 0, 0
25.553, 1, 0, 0, 0
25.565, 1, 0, 0, 0
25.577, 1, 0, 0, 0
25.59, 1, 0, 0, 0
25.602, 1, 0, 0, 0
25.619, 1, 0, 0, 0
25.631, 1, 0, 0, 0
25.644, 1, 0, 0, 0
25.657, 1, 0, 0, 0
25.669, 1, 0, 0, 0
25.682, 1, 0, 0, 0
25.694, 1, 0, 0, 0
25.707, 1, 0, 0, 0
25.719, 1, 0, 0, 0
25.732, 1, 0, 0, 0
25.744, 1, 0, 0, 0
25.757, 1, 0, 0, 0
25.77, 1, 0, 0, 0
25.782, 1, 0, 0, 0
25.794, 1, 0, 0, 0
25.807, 1, 0, 0, 0
25.819, 1, 0, 0, 0
25.832, 1, 0, 0, 0
25.844, 1, 0, 0, 0
25.856, 1, 0, 0, 0
25.869, 1, 0, 0, 0
25.881, 1, 0, 0, 0
25.893, 1, 0, 0, 0
25.906, 1, 0, 0, 0
25.918, 1, 0, 0, 0
25.93, 1, 0, 0, 0
25.943, 1, 0, 0, 0
25.955, 1, 0, 0, 0
25.967, 1, 0, 0, 0
25.98, 1, 0, 0, 0
25.992, 1, 0, 0, 0
26.004, 1, 0, 0, 0
26.017, 1, 0, 0, 0
26.029, 1, 0, 0, 0
26.041, 1, 0, 0, 0
26.054, 1, 0, 0, 0
26.066, 1, 0, 0, 0
26.079, 1, 0, 0, 0
26.091, 1, 0, 0, 0
26.103, 1, 0, 0, 0
26.116, 1, 0, 0, 0
26.128, 1, 0, 0, 0
26.14, 1, 0, 0, 0
26.153, 1, 0, 0, 0
26.165, 1, 0, 0, 0
26.177, 1, 0, 0, 0
26.19, 1, 0, 0, 0
26.202, 1, 0, 0, 0
26.214, 1, 0, 0, 0
26.227, 1, 0, 0, 0
26.239, 1, 0, 0, 0
