0, 0, 0, 0, 0
0.015, -0, 0, 0, 0
0.03, -0, 0, 0, 0
0.043, -0, 0, 0, 0
0.055, -0, 0, 0, 0
0.068, -0, 0, 0, 0
0.08, -0, 0, 0, 0
0.092, -0, 0, 0, 0
0.105, -0, 0, 0, 0
0.117, -0, 0, 0, 0
0.13, -0, 0, 0, 0
0.142, -0, 0, 0, 0
0.154, -0, 0, 0, 0
0.167, -0, 0, 0, 0
0.179, -0, 0, 0, 0
0.192, -0, 0, 0, 0
0.204, -0, 0, 0, 0
0.216, -0, 0, 0, 0
0.229, -0, 0, 0, 0
0.241, -0, 0, 0, 0
0.253, -0, 0, 0, 0
0.266, -0, 0, 0, 0
0.278, -0, 0, 0, 0
0.29, -0, 0, 0, 0
0.303, -0, 0, 0, 0
0.315, -0, 0, 0, 0
0.327, -0, 0, 0, 0
0.34, -0, 0, 0, 0
0.352, -0, 0, 0, 0
0.364, -0, 0, 0, 0
0.377, -0, 0, 0, 0
0.389, -0, 0, 0, 0
0.401, -0, 0, 0, 0
0.414, -0, 0, 0, 0
0.426, -0, 0, 0, 0
0.438, -0, 0, 0, 0
0.451, -0, 0, 0, 0
0.463, -0, 0, 0, 0
0.475, -0, 0, 0, 0
0.488, -0, 0, 0, 0
0.5, -0, 0, 0, 0
0.512, -0, 0, 0, 0
0.525, -0, 0, 0, 0
0.537, -0, 0, 0, 0
0.549, -0, 0, 0, 0
0.562, -0, 0, 0, 0
0.574, -0, 0, 0, 0
0.586, -0, 0, 0, 0
0.599, -0, 0, 0, 0
0.611, -0, 0, 0, 0
0.623, -0, 0, 0, 0
0.636, -0, 0, 0, 0
0.648, -0, 0, 0, 0
0.66, -0, 0, 0, 0
0.673, -0, 0, 0, 0
0.685, -0, 0, 0, 0
0.698, -0, 0, 0, 0
0.71, -0, 0, 0, 0
0.723, -0, 0, 0, 0
0.735, -0, 0, 0, 0
0.747, -0, 0, 0, 0
0.76, -0, 0, 0, 0
0.772, -0, 0, 0, 0
0.784, -0, 0, 0, 0
0.796, -0, 0, 0, 0
0.809, -0, 0, 0, 0
0.821, -0, 0, 0, 0
0.834, -0, 0, 0, 0
0.846, -0, 0, 0, 0
0.858, -0, 0, 0, 0
0.871, -0, 0, 0, 0
0.883, -0, 0, 0, 0
0.895, -0, 0, 0, 0
0.908, -0, 0, 0, 0
0.92, -0, 0, 0, 0
0.932, -0, 0, 0, 0
0.945, -0, 0, 0, 0
0.957, -0, 0, 0, 0
0.97, -0, 0, 0, 0
0.982, -0, 0, 0, 0
0.994, -0, 0, 0, 0
1.006, -0, 0, 0, 0
1.019, -0, 0, 0, 0
1.031, -0, 0, 0, 0
1.043, -0, 0, 0, 0
1.056, -0, 0, 0, 0
1.068, -0, 0, 0, 0
1.08, -0, 0, 0, 0
1.093, -0, 0, 0, 0
1.105, -0, 0, 0, 0
1.117, -0, 0, 0, 0
1.13, -0, 0, 0, 0
1.142, -0, 0, 0, 0
1.154, -0, 0, 0, 0
1.167, -0, 0, 0, 0
1.179, -0, 0, 0, 0
1.192, -0, 0, 0, 0
1.204, -0, 0, 0, 0
1.216, -0, 0, 0, 0
1.229, -0, 0, 0, 0
1.241, -0, 0, 0, 0
1.253, -0, 0, 0, 0
1.266, -0, 0, 0, 0
1.278, -0, 0, 0, 0
1.291, -0, 0, 0, 0
1.303, -0, 0, 0, 0
1.315, -0, 0, 0, 0
1.328, -0, 0, 0, 0
1.34, -0, 0, 0, 0
1.352, -0, 0, 0, 0
1.365, -0, 0, 0, 0
1.377, -0, 0, 0, 0
1.389, -0, 0, 0, 0
1.402, -0, 0, 0, 0
1.414, -0, 0, 0, 0
1.426, -0, 0, 0, 0
1.439, -0, 0, 0, 0
1.451, -0, 0, 0, 0
1.463, -0, 0, 0, 0
1.476, -0, 0, 0, 0
1.488, -0, 0, 0, 0
1.5, -0, 0, 0, 0
1.513, -0, 0, 0, 0
1.525, -0, 0, 0, 0
1.537, -0, 0, 0, 0
1.55, -0, 0, 0, 0
1.562, -0, 0, 0, 0
1.574, -0, 0, 0, 0
1.586, -0, 0, 0, 0
1.599, -0, 0, 0, 0
1.611, -0, 0, 0, 0
1.624, -0, 0, 0, 0
1.636, -0, 0, 0, 0
1.648, -0, 0, 0, 0
1.661, -0, 0, 0, 0
1.673, -0, 0, 0, 0
1.685, -0, 0, 0, 0
1.698, -0, 0, 0, 0
1.71, -0, 0, 0, 0
1.722, -0, 0, 0, 0
1.735, -0, 0, 0, 0
1.747, -0, 0, 0, 0
1.759, -0, 0, 0, 0
1.772, -0, 0, 0, 0
1.784, -0, 0, 0, 0
1.796, -0, 0, 0, 0
1.809, -0, 0, 0, 0
1.821, -0, 0, 0, 0
1.833, -0, 0, 0, 0
1.846, -0, 0, 0, 0
1.858, -0, 0, 0, 0
1.87, -0, 0, 0, 0
1.883, -0, 0, 0, 0
1.895, -0, 0, 0, 0
1.907, -0, 0, 0, 0
1.92, -0, 0, 0, 0
1.932, -0, 0, 0, 0
1.945, -0, 0, 0, 0
1.957, -0, 0, 0, 0
1.969, -0, 0, 0, 0
1.982, -0, 0, 0, 0
1.994, -0, 0, 0, 0
2.006, -0, 0, 0, 0
2.018, -0, 0, 0, 0
2.031, -0, 0, 0, 0
2.043, -0, 0, 0, 0
2.056, -0, 0, 0, 0
2.068, -0, 0, 0, 0
2.08, -0, 0, 0, 0
2.093, -0, 0, 0, 0
2.105, -0, 0, 0, 0
2.117, -0, 0, 0, 0
2.13, -0, 0, 0, 0
2.142, -0, 0, 0, 0
2.154, -0, 0, 0, 0
2.167, -0, 0, 0, 0
2.179, -0, 0, 0, 0
2.191, -0, 0, 0, 0
2.204, -0, 0, 0, 0
2.216, -0, 0, 0, 0
2.228, -0, 0, 0, 0
2.241, -0, 0, 0, 0
2.253, -0, 0, 0, 0
2.266, -0, 0, 0, 0
2.278, -0, 0, 0, 0
2.29, -0, 0, 0, 0
2.303, -0, 0, 0, 0
2.315, -0, 0, 0, 0
2.327, -0, 0, 0, 0
2.34, -0, 0, 0, 0
2.352, -0, 0, 0, 0
2.365, -0, 0, 0, 0
2.377, -0, 0, 0, 0
2.389, -0, 0, 0, 0
2.402, -0, 0, 0, 0
2.414, -0, 0, 0, 0
2.426, -0, 0, 0, 0
2.439, -0, 0, 0, 0
2.451, -0, 0, 0, 0
2.463, -0, 0, 0, 0
2.475, -0, 0, 0, 0
2.488, -0, 0, 0, 0
2.5, -0, 0, 0, 0
2.513, -0, 0, 0, 0
2.525, -0, 0, 0, 0
2.537, -0, 0, 0, 0
2.55, -0, 0, 0, 0
2.562, -0, 0, 0, 0
2.574, -0, 0, 0, 0
2.587, -0, 0, 0, 0
2.599, -0, 0, 0, 0
2.611, -0, 0, 0, 0
2.624, -0, 0, 0, 0
2.636, -0, 0, 0, 0
2.648, -0, 0, 0, 0
2.661, -0, 0, 0, 0
2.673, -0, 0, 0, 0
2.686, -0, 0, 0, 0
2.698, -0, 0, 0, 0
2.71, -0, 0, 0, 0
2.722, -0, 0, 0, 0
2.735, -0, 0, 0, 0
2.747, -0, 0, 0, 0
2.76, -0, 0, 0, 0
2.772, -0, 0, 0, 0
2.784, -0, 0, 0, 0
2.797, -0, 0, 0, 0
2.809, -0, 0, 0, 0
2.821, -0, 0, 0, 0
2.834, -0, 0, 0, 0
2.846, -0, 0, 0, 0
2.858, -0, 0, 0, 0
2.871, -0, 0, 0, 0
2.883, -0, 0, 0, 0
2.895, -0, 0, 0, 0
2.908, -0, 0, 0, 0
2.92, -0, 0, 0, 0
2.932, -0, 0, 0, 0
2.945, -0, 0, 0, 0
2.957, -0, 0, 0, 0
2.969, -0, 0, 0, 0
2.982, -0, 0, 0, 0
2.994, -0, 0, 0, 0
3.006, -0, 0, 0, 0
3.019, -0, 0, 0, 0
3.031, -0, 0, 0, 0
3.043, -0, 0, 0, 0
3.056, -0, 0, 0, 0
3.068, -0, 0, 0, 0
3.081, -0, 0, 0, 0
3.093, -0, 0, 0, 0
3.105, -0, 0, 0, 0
3.118, -0, 0, 0, 0
3.13, -0, 0, 0, 0
3.142, -0, 0, 0, 0
3.155, -0, 0, 0, 0
3.167, -0, 0, 0, 0
3.18, -0, 0, 0, 0
3.192, -0, 0, 0, 0
3.204, -0, 0, 0, 0
3.217, -0, 0, 0, 0
3.229, -0, 0, 0, 0
3.242, -0, 0, 0, 0
3.254, -0, 0, 0, 0
3.266, -0, 0, 0, 0
3.279, -0, 0, 0, 0
3.291, -0, 0, 0, 0
3.304, -0, 0, 0, 0
3.316, -0, 0, 0, 0
3.328, -0, 0, 0, 0
3.341, -0, 0, 0, 0
3.353, -0, 0, 0, 0
3.366, -0, 0, 0, 0
3.378, -0, 0, 0, 0
3.39, -0, 0, 0, 0
3.403, -0, 0, 0, 0
3.415, -0, 0, 0, 0
3.427, -0, 0, 0, 0
3.44, -0, 0, 0, 0
3.452, -0, 0, 0, 0
3.465, -0, 0, 0, 0
3.477, -0, 0, 0, 0
3.489, -0, 0, 0, 0
3.502, -0, 0, 0, 0
3.514, -0, 0, 0, 0
3.526, -0, 0, 0, 0
3.539, -0, 0, 0, 0
3.551, -0, 0, 0, 0
3.563, -0, 0, 0, 0
3.576, -0, 0, 0, 0
3.588, -0, 0, 0, 0
3.6, -0, 0, 0, 0
3.613, -0, 0, 0, 0
3.625, -0, 0, 0, 0
3.637, -0, 0, 0, 0
3.65, -0, 0, 0, 0
3.662, -0, 0, 0, 0
3.674, -0, 0, 0, 0
3.687, -0, 0, 0, 0
3.699, -0, 0, 0, 0
3.711, -0, 0, 0, 0
3.724, -0, 0, 0, 0
3.736, -0, 0, 0, 0
3.748, -0, 0, 0, 0
3.761, -0, 0, 0, 0
3.773, -0, 0, 0, 0
3.786, -0, 0, 0, 0
3.798, -0, 0, 0, 0
3.81, -0, 0, 0, 0
3.823, -0, 0, 0, 0
3.835, -0, 0, 0, 0
3.847, -0, 0, 0, 0
3.86, -0, 0, 0, 0
3.872, -0, 0, 0, 0
3.885, -0, 0, 0, 0
3.897, -0, 0, 0, 0
3.909, -0, 0, 0, 0
3.922, -0, 0, 0, 0
3.934, -0, 0, 0, 0
3.947, -0, 0, 0, 0
3.959, -0, 0, 0, 0
3.971, -0, 0, 0, 0
3.984, -0, 0, 0, 0
3.996, -0, 0, 0, 0
4.009, -0, 0, 0, 0
4.021, -0, 0, 0, 0
4.033, -0, 0, 0, 0
4.046, -0, 0, 0, 0
4.058, -0, 0, 0, 0
4.07, -0, 0, 0, 0
4.083, -0, 0, 0, 0
4.095, -0, 0, 0, 0
4.107, -0, 0, 0, 0
4.12, -0, 0, 0, 0
4.132, -0, 0, 0, 0
4.144, -0, 0, 0, 0
4.157, -0, 0, 0, 0
4.169, -0, 0, 0, 0
4.181, -0, 0, 0, 0
4.194, -0, 0, 0, 0
4.206, -0, 0, 0, 0
4.218, -0, 0, 0, 0
4.231, -0, 0, 0, 0
4.243, -0, 0, 0, 0
4.256, -0, 0, 0, 0
4.268, -0, 0, 0, 0
4.28, -0, 0, 0, 0
4.293, -0, 0, 0, 0
4.305, -0, 0, 0, 0
4.317, -0, 0, 0, 0
4.33, -0, 0, 0, 0
4.342, -0, 0, 0, 0
4.354, -0, 0, 0, 0
4.367, -0, 0, 0, 0
4.379, -0, 0, 0, 0
4.391, -0, 0, 0, 0
4.404, -0, 0, 0, 0
4.416, -0, 0, 0, 0
4.429, -0, 0, 0, 0
4.441, -0, 0, 0, 0
4.453, -0, 0, 0, 0
4.466, -0, 0, 0, 0
4.478, -0, 0, 0, 0
4.49, -0, 0, 0, 0
4.503, -0, 0, 0, 0
4.515, -0, 0, 0, 0
4.528, -0, 0, 0, 0
4.54, -0, 0, 0, 0
4.552, -0, 0, 0, 0
4.565, -0, 0, 0, 0
4.577, -0, 0, 0, 0
4.589, -0, 0, 0, 0
4.602, -0, 0, 0, 0
4.614, -0, 0, 0, 0
4.626, -0, 0, 0, 0
4.639, -0, 0, 0, 0
4.651, -0, 0, 0, 0
4.663, -0, 0, 0, 0
4.676, -0, 0, 0, 0
4.688, -0, 0, 0, 0
4.701, -0, 0, 0, 0
4.713, -0, 0, 0, 0
4.725, -0, 0, 0, 0
4.738, -0, 0, 0, 0
4.75, -0, 0, 0, 0
4.762, -0, 0, 0, 0
4.775, -0, 0, 0, 0
4.787, -0, 0, 0, 0
4.799, -0, 0, 0, 0
4.812, -0, 0, 0, 0
4.824, -0, 0, 0, 0
4.836, -0, 0, 0, 0
4.849, -0, 0, 0, 0
4.861, -0, 0, 0, 0
4.874, -0, 0, 0, 0
4.886, -0, 0, 0, 0
4.898, -0, 0, 0, 0
4.911, -0, 0, 0, 0
4.923, -0, 0, 0, 0
4.936, -0, 0, 0, 0
4.948, -0, 0, 0, 0
4.96, -0, 0, 0, 0
4.973, -0, 0, 0, 0
4.985, -0, 0, 0, 0
4.997, -0, 0, 0, 0
5.01, -0, 0, 0, 0
5.022, -0, 0, 0, 0
5.034, -0, 0, 0, 0
5.047, -0, 0, 0, 0
5.059, -0, 0, 0, 0
5.071, -0, 0, 0, 0
5.084, -0, 0, 0, 0
5.096, -0, 0, 0, 0
5.108, -0, 0, 0, 0
5.121, -0, 0, 0, 0
5.133, -0, 0, 0, 0
5.145, -0, 0, 0, 0
5.158, -0, 0, 0, 0
5.17, -0, 0, 0, 0
5.182, -0, 0, 0, 0
5.195, -0, 0, 0, 0
5.207, -0, 0, 0, 0
5.219, -0, 0, 0, 0
5.232, -0, 0, 0, 0
5.244, -0, 0, 0, 0
5.256, -0, 0, 0, 0
5.269, -0, 0, 0, 0
5.281, -0, 0, 0, 0
5.293, -0, 0, 0, 0
5.306, -0, 0, 0, 0
5.318, -0, 0, 0, 0
5.33, -0, 0, 0, 0
5.343, -0, 0, 0, 0
5.355, -0, 0, 0, 0
5.367, -0, 0, 0, 0
5.38, -0, 0, 0, 0
5.392, -0, 0, 0, 0
5.404, -0, 0, 0, 0
5.417, -0, 0, 0, 0
5.429, -0, 0, 0, 0
5.441, -0, 0, 0, 0
5.454, -0, 0, 0, 0
5.466, -0, 0, 0, 0
5.478, -0, 0, 0, 0
5.491, -0, 0, 0, 0
5.503, -0, 0, 0, 0
5.515, -0, 0, 0, 0
5.528, -0, 0, 0, 0
5.54, -0, 0, 0, 0
5.552, -0, 0, 0, 0
5.565, -0, 0, 0, 0
5.577, -0, 0, 0, 0
5.59, -0, 0, 0, 0
5.602, -0, 0, 0, 0
5.614, -0, 0, 0, 0
5.626, -0, 0, 0, 0
5.639, -0, 0, 0, 0
5.651, -0, 0, 0, 0
5.663, -0, 0, 0, 0
5.676, -0, 0, 0, 0
5.688, -0, 0, 0, 0
5.7, -0, 0, 0, 0
5.713, -0, 0, 0, 0
5.725, -0, 0, 0, 0
5.737, -0, 0, 0, 0
5.75, -0, 0, 0, 0
5.762, -0, 0, 0, 0
5.774, -0, 0, 0, 0
5.786, -0, 0, 0, 0
5.799, -0, 0, 0, 0
5.811, -0, 0, 0, 0
5.823, -0, 0, 0, 0
5.836, -0, 0, 0, 0
5.848, -0, 0, 0, 0
5.86, -0, 0, 0, 0
5.873, -0, 0, 0, 0
5.885, -0, 0, 0, 0
5.897, -0, 0, 0, 0
5.91, -0, 0, 0, 0
5.922, -0, 0, 0, 0
5.935, -0, 0, 0, 0
5.947, -0, 0, 0, 0
5.959, -0, 0, 0, 0
5.972, -0, 0, 0, 0
5.984, -0, 0, 0, 0
5.995, -0, 0, 0, 0
6.008, -0, 0, 0, 0
6.02, -0, 0, 0, 0
6.032, -0, 0, 0, 0
6.045, -0, 0, 0, 0
6.057, -0, 0, 0, 0
6.069, -0, 0, 0, 0
6.082, -0, 0, 0, 0
6.094, -0, 0, 0, 0
6.106, -0, 0, 0, 0
6.119, -0, 0, 0, 0
6.131, -0, 0, 0, 0
6.143, -0, 0, 0, 0
6.156, -0, 0, 0, 0
6.168, -0, 0, 0, 0
6.18, -0, 0, 0, 0
6.192, -0, 0, 0, 0
6.205, -0, 0, 0, 0
6.217, -0, 0, 0, 0
6.229, -0, 0, 0, 0
6.241, -0, 0, 0, 0
6.253, -0, 0, 0, 0
6.265, -0, 0, 0, 0
6.277, -0, 0, 0, 0
6.289, -0, 0, 0, 0
6.302, -0, 0, 0, 0
6.314, -0, 0, 0, 0
6.326, -0, 0, 0, 0
6.339, -0, 0, 0, 0
6.351, -0, 0, 0, 0
6.363, -0, 0, 0, 0
6.376, -0, 0, 0, 0
6.388, -0, 0, 0, 0
6.4, -0, 0, 0, 0
6.413, -0, 0, 0, 0
6.425, -0, 0, 0, 0
6.437, -0, 0, 0, 0
6.45, -0, 0, 0, 0
6.462, -0, 0, 0, 0
6.474, -0, 0, 0, 0
6.487, -0, 0, 0, 0
6.499, -0, 0, 0, 0
6.511, -0, 0, 0, 0
6.524, -0, 0, 0, 0
6.536, -0, 0, 0, 0
6.548, -0, 0, 0, 0
6.56, -0, 0, 0, 0
6.573, -0, 0, 0, 0
6.585, -0, 0, 0, 0
6.598, -0, 0, 0, 0
6.61, -0, 0, 0, 0
6.622, -0, 0, 0, 0
6.634, -0, 0, 0, 0
6.647, -0, 0, 0, 0
6.659, -0, 0, 0, 0
6.672, -0, 0, 0, 0
6.684, -0, 0, 0, 0
6.696, -0, 0, 0, 0
6.709, -0, 0, 0, 0
6.721, -0, 0, 0, 0
6.733, -0, 0, 0, 0
6.746, -0, 0, 0, 0
6.758, -0, 0, 0, 0
6.77, -0, 0, 0, 0
6.782, -0, 0, 0, 0
6.795, -0, 0, 0, 0
6.807, -0, 0, 0, 0
6.82, -0, 0, 0, 0
6.832, -0, 0, 0, 0
6.844, -0, 0, 0, 0
6.857, -0, 0, 0, 0
6.869, -0, 0, 0, 0
6.881, -0, 0, 0, 0
6.894, -0, 0, 0, 0
6.906, -0, 0, 0, 0
6.918, -0, 0, 0, 0
6.931, -0, 0, 0, 0
6.943, -0, 0, 0, 0
6.955, -0, 0, 0, 0
6.968, -0, 0, 0, 0
6.98, -0, 0, 0, 0
6.992, -0, 0, 0, 0
7.005, -0, 0, 0, 0
7.017, -0, 0, 0, 0
7.029, -0, 0, 0, 0
7.042, -0, 0, 0, 0
7.054, -0, 0, 0, 0
7.066, -0, 0, 0, 0
7.078, -0, 0, 0, 0
7.091, -0, 0, 0, 0
7.103, -0, 0, 0, 0
7.116, -0, 0, 0, 0
7.128, -0, 0, 0, 0
7.14, -0, 0, 0, 0
7.153, -0, 0, 0, 0
7.165, -0, 0, 0, 0
7.177, -0, 0, 0, 0
7.19, -0, 0, 0, 0
7.202, -0, 0, 0, 0
7.214, -0, 0, 0, 0
7.227, -0, 0, 0, 0
7.239, -0, 0, 0, 0
7.251, -0, 0, 0, 0
7.264, -0, 0, 0, 0
7.276, -0, 0, 0, 0
7.288, -0, 0, 0, 0
7.301, -0, 0, 0, 0
7.313, -0, 0, 0, 0
7.325, -0, 0, 0, 0
7.338, -0, 0, 0, 0
7.35, -0, 0, 0, 0
7.362, -0, 0, 0, 0
7.375, -0, 0, 0, 0
7.387, -0, 0, 0, 0
7.399, -0, 0, 0, 0
7.412, -0, 0, 0, 0
7.424, -0, 0, 0, 0
7.436, -0, 0, 0, 0
7.449, -0, 0, 0, 0
7.461, -0, 0, 0, 0
7.473, -0, 0, 0, 0
7.486, -0, 0, 0, 0
7.498, -0, 0, 0, 0
7.51, -0, 0, 0, 0
7.523, -0, 0, 0, 0
7.535, -0, 0, 0, 0
7.547, -0, 0, 0, 0
7.56, -0, 0, 0, 0
7.572, -0, 0, 0, 0
7.584, -0, 0, 0, 0
7.597, -0, 0, 0, 0
7.609, -0, 0, 0, 0
7.621, -0, 0, 0, 0
7.634, -0, 0, 0, 0
7.646, -0, 0, 0, 0
7.658, -0, 0, 0, 0
7.671, -0, 0, 0, 0
7.683, -0, 0, 0, 0
7.695, -0, 0, 0, 0
7.708, -0, 0, 0, 0
7.72, -0, 0, 0, 0
7.732, -0, 0, 0, 0
7.745, -0, 0, 0, 0
7.757, -0, 0, 0, 0
7.77, -0, 0, 0, 0
7.782, -0, 0, 0, 0
7.794, -0, 0, 0, 0
7.807, -0, 0, 0, 0
7.819, -0, 0, 0, 0
7.831, -0, 0, 0, 0
7.844, -0, 0, 0, 0
7.856, -0, 0, 0, 0
7.868, -0, 0, 0, 0
7.881, -0, 0, 0, 0
7.893, -0, 0, 0, 0
7.905, -0, 0, 0, 0
7.918, -0, 0, 0, 0
7.93, -0, 0, 0, 0
7.942, -0, 0, 0, 0
7.954, -0, 0, 0, 0
7.967, -0, 0, 0, 0
7.979, -0, 0, 0, 0
7.992, -0, 0, 0, 0
8.004, -0, 0, 0, 0
8.016, -0, 0, 0, 0
8.029, -0, 0, 0, 0
8.041, -0, 0, 0, 0
8.053, -0, 0, 0, 0
8.066, -0, 0, 0, 0
8.078, -0, 0, 0, 0
8.09, -0, 0, 0, 0
8.103, -0, 0, 0, 0
8.115, -0, 0, 0, 0
8.127, -0, 0, 0, 0
8.14, -0, 0, 0, 0
8.152, -0, 0, 0, 0
8.164, -0, 0, 0, 0
8.177, -0, 0, 0, 0
8.189, -0, 0, 0, 0
8.201, -0, 0, 0, 0
8.214, -0, 0, 0, 0
8.226, -0, 0, 0, 0
8.238, -0, 0, 0, 0
8.251, -0, 0, 0, 0
8.263, -0, 0, 0, 0
8.275, -0, 0, 0, 0
8.288, -0, 0, 0, 0
8.3, -0, 0, 0, 0
8.313, -0, 0, 0, 0
8.325, -0, 0, 0, 0
8.337, -0, 0, 0, 0
8.35, -0, 0, 0, 0
8.362, -0, 0, 0, 0
8.374, -0, 0, 0, 0
8.387, -0, 0, 0, 0
8.399, -0, 0, 0, 0
8.411, -0, 0, 0, 0
8.424, -0, 0, 0, 0
8.436, -0, 0, 0, 0
8.448, -0, 0, 0, 0
8.461, -0, 0, 0, 0
8.473, -0, 0, 0, 0
8.485, -0, 0, 0, 0
8.498, -0, 0, 0, 0
8.51, -0, 0, 0, 0
8.522, -0, 0, 0, 0
8.535, -0, 0, 0, 0
8.547, -0, 0, 0, 0
8.559, -0, 0, 0, 0
8.572, -0, 0, 0, 0
8.584, -0, 0, 0, 0
8.596, -0, 0, 0, 0
8.609, -0, 0, 0, 0
8.621, -0, 0, 0, 0
8.633, -0, 0, 0, 0
8.646, -0, 0, 0, 0
8.658, -0, 0, 0, 0
8.67, -0, 0, 0, 0
8.683, -0, 0, 0, 0
8.695, -0, 0, 0, 0
8.707, -0, 0, 0, 0
8.72, -0, 0, 0, 0
8.732, -0, 0, 0, 0
8.744, -0, 0, 0, 0
8.757, -0, 0, 0, 0
8.769, -0, 0, 0, 0
8.781, -0, 0, 0, 0
8.794, -0, 0, 0, 0
8.806, -0, 0, 0, 0
8.818, -0, 0, 0, 0
8.831, -0, 0, 0, 0
8.843, -0, 0, 0, 0
8.855, -0, 0, 0, 0
8.868, -0, 0, 0, 0
8.88, -0, 0, 0, 0
8.892, -0, 0, 0, 0
8.905, -0, 0, 0, 0
8.917, -0, 0, 0, 0
8.929, -0, 0, 0, 0
8.942, -0, 0, 0, 0
8.954, -0, 0, 0, 0
8.966, -0, 0, 0, 0
8.979, -0, 0, 0, 0
8.991, -0, 0, 0, 0
9.003, -0, 0, 0, 0
9.016, -0, 0, 0, 0
9.028, -0, 0, 0, 0
9.04, -0, 0, 0, 0
9.053, -0, 0, 0, 0
9.065, -0, 0, 0, 0
9.077, -0, 0, 0, 0
9.09, -0, 0, 0, 0
9.102, -0, 0, 0, 0
9.114, -0, 0, 0, 0
9.127, -0, 0, 0, 0
9.139, -0, 0, 0, 0
9.151, -0, 0, 0, 0
9.164, -0, 0, 0, 0
9.176, -0, 0, 0, 0
9.188, -0, 0, 0, 0
9.201, -0, 0, 0, 0
9.213, -0, 0, 0, 0
9.225, -0, 0, 0, 0
9.238, -0, 0, 0, 0
9.25, -0, 0, 0, 0
9.262, -0, 0, 0, 0
9.275, -0, 0, 0, 0
9.287, -0, 0, 0, 0
9.299, -0, 0, 0, 0
9.312, -0, 0, 0, 0
9.324, -0, 0, 0, 0
9.336, -0, 0, 0, 0
9.349, -0, 0, 0, 0
9.361, -0, 0, 0, 0
9.373, -0, 0, 0, 0
9.385, -0, 0, 0, 0
9.397, -0, 0, 0, 0
9.409, -0, 0, 0, 0
9.422, -0, 0, 0, 0
9.434, -0, 0, 0, 0
9.446, -0, 0, 0, 0
9.459, -0, 0, 0, 0
9.471, -0, 0, 0, 0
9.483, -0, 0, 0, 0
9.495, -0, 0, 0, 0
9.508, -0, 0, 0, 0
9.52, -0, 0, 0, 0
9.532, -0, 0, 0, 0
9.545, -0, 0, 0, 0
9.557, -0, 0, 0, 0
9.57, -0, 0, 0, 0
9.582, -0, 0, 0, 0
9.594, -0, 0, 0, 0
9.606, -0, 0, 0, 0
9.619, -0, 0, 0, 0
9.631, -0, 0, 0, 0
9.643, -0, 0, 0, 0
9.656, -0, 0, 0, 0
9.668, -0, 0, 0, 0
9.681, -0, 0, 0, 0
9.693, -0, 0, 0, 0
9.705, -0, 0, 0, 0
9.718, -0, 0, 0, 0
9.73, -0, 0, 0, 0
9.742, -0, 0, 0, 0
9.755, -0, 0, 0, 0
9.767, -0, 0, 0, 0
9.779, -0, 0, 0, 0
9.792, -0, 0, 0, 0
9.804, -0, 0, 0, 0
9.816, -0, 0, 0, 0
9.829, -0, 0, 0, 0
9.841, -0, 0, 0, 0
9.854, -0, 0, 0, 0
9.866, -0, 0, 0, 0
9.878, -0, 0, 0, 0
9.891, -0, 0, 0, 0
9.903, -0, 0, 0, 0
9.915, -0, 0, 0, 0
9.928, -0, 0, 0, 0
9.94, -0, 0, 0, 0
9.952, -0, 0, 0, 0
9.965, -0, 0, 0, 0
9.977, -0, 0, 0, 0
9.99, -0, 0, 0, 0
10.002, -0, 0, 0, 0
10.014, -0, 0, 0, 0
10.026, -0, 0, 0, 0
10.039, -0, 0, 0, 0
10.051, -0, 0, 0, 0
10.063, -0, 0, 0, 0
10.076, -0, 0, 0, 0
10.088, -0, 0, 0, 0
10.1, -0, 0, 0, 0
10.113, -0, 0, 0, 0
10.125, -0, 0, 0, 0
10.137, -0, 0, 0, 0
10.15, -0, 0, 0, 0
10.162, -0, 0, 0, 0
10.174, -0, 0, 0, 0
10.187, -0, 0, 0, 0
10.199, -0, 0, 0, 0
10.211, -0, 0, 0, 0
10.224, -0, 0, 0, 0
10.236, -0, 0, 0, 0
10.248, -0, 0, 0, 0
10.261, -0, 0, 0, 0
10.273, -0, 0, 0, 0
10.285, -0, 0, 0, 0
10.298, -0, 0, 0, 0
10.31, -0, 0, 0, 0
10.322, -0, 0, 0, 0
10.334, -0, 0, 0, 0
10.347, -0, 0, 0, 0
10.359, -0, 0, 0, 0
10.371, -0, 0, 0, 0
10.384, -0, 0, 0, 0
10.396, -0, 0, 0, 0
10.408, -0, 0, 0, 0
10.421, -0, 0, 0, 0
10.433, -0, 0, 0, 0
10.445, -0, 0, 0, 0
10.458, -0, 0, 0, 0
10.47, -0, 0, 0, 0
10.482, -0, 0, 0, 0
10.495, -0, 0, 0, 0
10.507, -0, 0, 0, 0
10.519, -0, 0, 0, 0
10.532, -0, 0, 0, 0
10.544, -0, 0, 0, 0
10.556, -0, 0, 0, 0
10.569, -0, 0, 0, 0
10.581, -0, 0, 0, 0
10.593, -0, 0, 0, 0
10.606, -0, 0, 0, 0
10.618, -0, 0, 0, 0
10.63, -0, 0, 0, 0
10.643, -0, 0, 0, 0
10.655, -0, 0, 0, 0
10.667, -0, 0, 0, 0
10.68, -0, 0, 0, 0
10.692, -0, 0, 0, 0
10.704, -0, 0, 0, 0
10.717, -0, 0, 0, 0
10.729, -0, 0, 0, 0
10.741, -0, 0, 0, 0
10.754, -0, 0, 0, 0
10.766, -0, 0, 0, 0
10.779, -0, 0, 0, 0
10.791, -0, 0, 0, 0
10.803, -0, 0, 0, 0
10.816, -0, 0, 0, 0
10.828, -0, 0, 0, 0
10.84, -0, 0, 0, 0
10.853, -0, 0, 0, 0
10.865, -0, 0, 0, 0
10.877, -0, 0, 0, 0
10.89, -0, 0, 0, 0
10.902, -0, 0, 0, 0
10.915, -0, 0, 0, 0
10.927, -0, 0, 0, 0
10.939, -0, 0, 0, 0
10.952, -0, 0, 0, 0
10.964, -0, 0, 0, 0
10.976, -0, 0, 0, 0
10.989, -0, 0, 0, 0
11.001, -0, 0, 0, 0
11.014, -0, 0, 0, 0
11.026, -0, 0, 0, 0
11.038, -0, 0, 0, 0
11.051, -0, 0, 0, 0
11.063, -0, 0, 0, 0
11.075, -0, 0, 0, 0
11.088, -0, 0, 0, 0
11.1, -0, 0, 0, 0
11.112, -0, 0, 0, 0
11.125, -0, 0, 0, 0
11.137, -0, 0, 0, 0
11.149, -0, 0, 0, 0
11.162, -0, 0, 0, 0
11.174, -0, 0, 0, 0
11.186, -0, 0, 0, 0
11.199, -0, 0, 0, 0
11.211, -0, 0, 0, 0
11.223, -0, 0, 0, 0
11.235, -0, 0, 0, 0
11.248, -0, 0, 0, 0
11.26, -0, 0, 0, 0
11.272, -0, 0, 0, 0
11.285, -0, 0, 0, 0
11.297, -0, 0, 0, 0
11.309, -0, 0, 0, 0
11.322, -0, 0, 0, 0
11.334, -0, 0, 0, 0
11.346, -0, 0, 0, 0
11.359, -0, 0, 0, 0
11.371, -0, 0, 0, 0
11.384, -0, 0, 0, 0
11.396, -0, 0, 0, 0
11.408, -0, 0, 0, 0
11.421, -0, 0, 0, 0
11.433, -0, 0, 0, 0
11.445, -0, 0, 0, 0
11.458, -0, 0, 0, 0
11.47, -0, 0, 0, 0
11.482, -0, 0, 0, 0
11.495, -0, 0, 0, 0
11.507, -0, 0, 0, 0
11.519, -0, 0, 0, 0
11.532, -0, 0, 0, 0
11.544, -0, 0, 0, 0
11.556, -0, 0, 0, 0
11.569, -0, 0, 0, 0
11.581, -0, 0, 0, 0
11.594, -0, 0, 0, 0
11.606, -0, 0, 0, 0
11.618, -0, 0, 0, 0
11.631, -0, 0, 0, 0
11.643, -0, 0, 0, 0
11.656, -0, 0, 0, 0
11.668, -0, 0, 0, 0
11.68, -0, 0, 0, 0
11.693, -0, 0, 0, 0
11.705, -0, 0, 0, 0
11.717, -0, 0, 0, 0
11.73, -0, 0, 0, 0
11.742, -0, 0, 0, 0
11.754, -0, 0, 0, 0
11.767, -0, 0, 0, 0
11.779, -0, 0, 0, 0
11.792, -0, 0, 0, 0
11.804, -0, 0, 0, 0
11.816, -0, 0, 0, 0
11.829, -0, 0, 0, 0
11.841, -0, 0, 0, 0
11.853, -0, 0, 0, 0
11.866, -0, 0, 0, 0
11.878, -0, 0, 0, 0
11.89, -0, 0, 0, 0
11.903, -0, 0, 0, 0
11.915, -0, 0, 0, 0
11.927, -0, 0, 0, 0
11.94, -0, 0, 0, 0
11.952, -0, 0, 0, 0
11.964, -0, 0, 0, 0
11.977, -0, 0, 0, 0
11.989, -0, 0, 0, 0
12.001, -0, 0, 0, 0
12.014, -0, 0, 0, 0
12.026, -0, 0, 0, 0
12.038, -0, 0, 0, 0
12.051, -0, 0, 0, 0
12.063, -0, 0, 0, 0
12.075, -0, 0, 0, 0
12.088, -0, 0, 0, 0
12.1, -0, 0, 0, 0
12.112, -0, 0, 0, 0
12.125, -0, 0, 0, 0
12.137, -0, 0, 0, 0
12.15, -0, 0, 0, 0
12.162, -0, 0, 0, 0
12.174, -0, 0, 0, 0
12.187, -0, 0, 0, 0
12.199, -0, 0, 0, 0
12.211, -0, 0, 0, 0
12.224, -0, 0, 0, 0
12.236, -0, 0, 0, 0
12.248, -0, 0, 0, 0
12.261, -0, 0, 0, 0
12.273, -0, 0, 0, 0
12.285, -0, 0, 0, 0
12.298, -0, 0, 0, 0
12.31, -0, 0, 0, 0
12.322, -0, 0, 0, 0
12.335, -0, 0, 0, 0
12.347, -0, 0, 0, 0
12.359, -0, 0, 0, 0
12.372, -0, 0, 0, 0
12.384, -0, 0, 0, 0
12.396, -0, 0, 0, 0
12.409, -0, 0, 0, 0
12.421, -0, 0, 0, 0
12.433, -0, 0, 0, 0
12.446, -0, 0, 0, 0
12.458, -0, 0, 0, 0
12.47, -0, 0, 0, 0
12.483, -0, 0, 0, 0
12.495, -0, 0, 0, 0
12.507, -0, 0, 0, 0
12.52, -0, 0, 0, 0
12.532, -0, 0, 0, 0
12.544, -0, 0, 0, 0
12.557, -0, 0, 0, 0
12.569, -0, 0, 0, 0
12.581, -0, 0, 0, 0
12.594, -0, 0, 0, 0
12.606, -0, 0, 0, 0
12.618, -0, 0, 0, 0
12.631, -0, 0, 0, 0
12.643, -0, 0, 0, 0
12.655, -0, 0, 0, 0
12.668, -0, 0, 0, 0
12.68, -0, 0, 0, 0
12.692, -0, 0, 0, 0
12.705, -0, 0, 0, 0
12.717, -0, 0, 0, 0
12.729, -0, 0, 0, 0
12.742, -0, 0, 0, 0
12.754, -0, 0, 0, 0
12.766, -0, 0, 0, 0
12.778, -0, 0, 0, 0
12.791, -0, 0, 0, 0
12.803, -0, 0, 0, 0
12.815, -0, 0, 0, 0
12.828, -0, 0, 0, 0
12.84, -0, 0, 0, 0
12.852, -0, 0, 0, 0
12.865, -0, 0, 0, 0
12.877, -0, 0, 0, 0
12.889, -0, 0, 0, 0
12.902, -0, 0, 0, 0
12.914, -0, 0, 0, 0
12.926, -0, 0, 0, 0
12.939, -0, 0, 0, 0
12.951, -0, 0, 0, 0
12.963, -0, 0, 0, 0
12.976, -0, 0, 0, 0
12.988, -0, 0, 0, 0
13.001, -0, 0, 0, 0
13.013, -0, 0, 0, 0
13.025, -0, 0, 0, 0
13.038, -0, 0, 0, 0
13.05, -0, 0, 0, 0
13.062, -0, 0, 0, 0
13.074, -0, 0, 0, 0
13.087, -0, 0, 0, 0
13.099, -0, 0, 0, 0
13.112, -0, 0, 0, 0
13.124, -0, 0, 0, 0
13.136, -0, 0, 0, 0
13.149, -0, 0, 0, 0
13.161, -0, 0, 0, 0
13.173, -0, 0, 0, 0
13.186, -0, 0, 0, 0
13.198, -0, 0, 0, 0
13.21, -0, 0, 0, 0
13.223, -0, 0, 0, 0
13.235, -0, 0, 0, 0
13.247, -0, 0, 0, 0
13.26, -0, 0, 0, 0
13.272, -0, 0, 0, 0
13.284, -0, 0, 0, 0
13.297, -0, 0, 0, 0
13.309, -0, 0, 0, 0
13.321, -0, 0, 0, 0
13.334, -0, 0, 0, 0
13.346, -0, 0, 0, 0
13.358, -0, 0, 0, 0
13.371, -0, 0, 0, 0
13.383, -0, 0, 0, 0
13.395, -0, 0, 0, 0
13.408, -0, 0, 0, 0
13.42, -0, 0, 0, 0
13.432, -0, 0, 0, 0
13.445, -0, 0, 0, 0
13.457, -0, 0, 0, 0
13.469, -0, 0, 0, 0
13.482, -0, 0, 0, 0
13.494, -0, 0, 0, 0
13.506, -0, 0, 0, 0
13.519, -0, 0, 0, 0
13.531, -0, 0, 0, 0
13.543, -0, 0, 0, 0
13.556, -0, 0, 0, 0
13.568, -0, 0, 0, 0
13.58, -0, 0, 0, 0
13.593, -0, 0, 0, 0
13.605, -0, 0, 0, 0
13.617, -0, 0, 0, 0
13.63, -0, 0, 0, 0
13.642, -0, 0, 0, 0
13.654, -0, 0, 0, 0
13.667, -0, 0, 0, 0
13.679, -0, 0, 0, 0
13.691, -0, 0, 0, 0
13.704, -0, 0, 0, 0
13.716, -0, 0, 0, 0
13.728, -0, 0, 0, 0
13.741, -0, 0, 0, 0
13.753, -0, 0, 0, 0
13.765, -0, 0, 0, 0
13.778, -0, 0, 0, 0
13.79, -0, 0, 0, 0
13.802, -0, 0, 0, 0
13.815, -0, 0, 0, 0
13.827, -0, 0, 0, 0
13.84, -0, 0, 0, 0
13.852, -0, 0, 0, 0
13.864, -0, 0, 0, 0
13.877, -0, 0, 0, 0
13.889, -0, 0, 0, 0
13.901, -0, 0, 0, 0
13.914, -0, 0, 0, 0
13.926, -0, 0, 0, 0
13.938, -0, 0, 0, 0
13.95, -0, 0, 0, 0
13.963, -0, 0, 0, 0
13.975, -0, 0, 0, 0
13.987, -0, 0, 0, 0
14, -0, 0, 0, 0
14.012, -0, 0, 0, 0
14.024, -0, 0, 0, 0
14.037, -0, 0, 0, 0
14.049, -0, 0, 0, 0
14.061, -0, 0, 0, 0
14.074, -0, 0, 0, 0
14.086, -0, 0, 0, 0
14.098, -0, 0, 0, 0
14.111, -0, 0, 0, 0
14.123, -0, 0, 0, 0
14.135, -0, 0, 0, 0
14.148, -0, 0, 0, 0
14.16, -0, 0, 0, 0
14.172, -0, 0, 0, 0
14.185, -0, 0, 0, 0
14.197, -0, 0, 0, 0
14.209, -0, 0, 0, 0
14.222, -0, 0, 0, 0
14.234, -0, 0, 0, 0
14.246, -0, 0, 0, 0
14.259, -0, 0, 0, 0
14.271, -0, 0, 0, 0
14.283, -0, 0, 0, 0
14.296, -0, 0, 0, 0
14.308, -0, 0, 0, 0
14.32, -0, 0, 0, 0
14.333, -0, 0, 0, 0
14.345, -0, 0, 0, 0
14.357, -0, 0, 0, 0
14.37, -0, 0, 0, 0
14.382, -0, 0, 0, 0
14.394, -0, 0, 0, 0
14.407, -0, 0, 0, 0
14.419, -0, 0, 0, 0
14.431, -0, 0, 0, 0
14.444, -0, 0, 0, 0
14.456, -0, 0, 0, 0
14.468, -0, 0, 0, 0
14.481, -0, 0, 0, 0
14.493, -0, 0, 0, 0
14.505, -0, 0, 0, 0
14.518, -0, 0, 0, 0
14.53, -0, 0, 0, 0
14.542, -0, 0, 0, 0
14.555, -0, 0, 0, 0
14.567, -0, 0, 0, 0
14.579, -0, 0, 0, 0
14.592, -0, 0, 0, 0
14.604, -0, 0, 0, 0
14.616, -0, 0, 0, 0
14.629, -0, 0, 0, 0
14.641, -0, 0, 0, 0
14.654, -0, 0, 0, 0
14.666, -0, 0, 0, 0
14.678, -0, 0, 0, 0
14.69, -0, 0, 0, 0
14.703, -0, 0, 0, 0
14.715, -0, 0, 0, 0
14.727, -0, 0, 0, 0
14.74, -0, 0, 0, 0
14.752, -0, 0, 0, 0
14.764, -0, 0, 0, 0
14.777, -0, 0, 0, 0
14.789, -0, 0, 0, 0
14.801, -0, 0, 0, 0
14.814, -0, 0, 0, 0
14.826, -0, 0, 0, 0
14.838, -0, 0, 0, 0
14.851, -0, 0, 0, 0
14.863, -0, 0, 0, 0
14.875, -0, 0, 0, 0
14.888, -0, 0, 0, 0
14.9, -0, 0, 0, 0
14.912, -0, 0, 0, 0
14.925, -0, 0, 0, 0
14.937, -0, 0, 0, 0
14.949, -0, 0, 0, 0
14.962, -0, 0, 0, 0
14.974, -0, 0, 0, 0
14.986, -0, 0, 0, 0
14.999, -0, 0, 0, 0
15.011, -0, 0, 0, 0
15.023, -0, 0, 0, 0
15.036, -0, 0, 0, 0
15.048, -0, 0, 0, 0
15.06, -0, 0, 0, 0
15.073, -0, 0, 0, 0
15.085, -0, 0, 0, 0
15.097, -0, 0, 0, 0
15.11, -0, 0, 0, 0
15.122, -0, 0, 0, 0
15.134, -0, 0, 0, 0
15.147, -0, 0, 0, 0
15.159, -0, 0, 0, 0
15.171, -0, 0, 0, 0
15.184, -0, 0, 0, 0
15.196, -0, 0, 0, 0
15.208, -0, 0, 0, 0
15.22, -0, 0, 0, 0
15.233, -0, 0, 0, 0
15.245, -0, 0, 0, 0
15.257, -0, 0, 0, 0
15.27, -0, 0, 0, 0
15.282, -0, 0, 0, 0
15.294, -0, 0, 0, 0
15.307, -0, 0, 0, 0
15.319, -0, 0, 0, 0
15.331, -0, 0, 0, 0
15.344, -0, 0, 0, 0
15.356, -0, 0, 0, 0
15.368, -0, 0, 0, 0
15.381, -0, 0, 0, 0
15.393, -0, 0, 0, 0
15.405, -0, 0, 0, 0
15.418, -0, 0, 0, 0
15.43, -0, 0, 0, 0
15.442, -0, 0, 0, 0
15.454, -0, 0, 0, 0
15.467, -0, 0, 0, 0
15.479, -0, 0, 0, 0
15.491, -0, 0, 0, 0
15.504, -0, 0, 0, 0
15.516, -0, 0, 0, 0
15.528, -0, 0, 0, 0
15.541, -0, 0, 0, 0
15.553, -0, 0, 0, 0
15.565, -0, 0, 0, 0
15.578, -0, 0, 0, 0
15.59, -0, 0, 0, 0
15.602, -0, 0, 0, 0
15.615, -0, 0, 0, 0
15.627, -0, 0, 0, 0
15.639, -0, 0, 0, 0
15.652, -0, 0, 0, 0
15.664, -0, 0, 0, 0
15.676, -0, 0, 0, 0
15.689, -0, 0, 0, 0
15.701, -0, 0, 0, 0
15.714, -0, 0, 0, 0
15.726, -0, 0, 0, 0
15.738, -0, 0, 0, 0
15.75, -0, 0, 0, 0
15.763, -0, 0, 0, 0
15.775, -0, 0, 0, 0
15.788, -0, 0, 0, 0
15.8, -0, 0, 0, 0
15.812, -0, 0, 0, 0
15.825, -0, 0, 0, 0
15.837, -0, 0, 0, 0
15.849, -0, 0, 0, 0
15.861, -0, 0, 0, 0
15.874, -0, 0, 0, 0
15.886, -0, 0, 0, 0
15.898, -0, 0, 0, 0
15.911, -0, 0, 0, 0
15.923, -0, 0, 0, 0
15.935, -0, 0, 0, 0
15.948, -0, 0, 0, 0
15.96, -0, 0, 0, 0
15.972, -0, 0, 0, 0
15.985, -0, 0, 0, 0
15.997, -0, 0, 0, 0
16.009, -0, 0, 0, 0
16.02, -0, 0, 0, 0
16.033, -0, 0, 0, 0
16.045, -0, 0, 0, 0
16.057, -0, 0, 0, 0
16.069, -0, 0, 0, 0
16.081, -0, 0, 0, 0
16.094, -0, 0, 0, 0
16.106, -0, 0, 0, 0
16.118, -0, 0, 0, 0
16.13, -0, 0, 0, 0
16.143, -0, 0, 0, 0
16.155, -0, 0, 0, 0
16.167, -0, 0, 0, 0
16.18, -0, 0, 0, 0
16.192, -0, 0, 0, 0
16.204, -0, 0, 0, 0
16.217, -0, 0, 0, 0
16.229, -0, 0, 0, 0
16.241, -0, 0, 0, 0
16.254, -0, 0, 0, 0
16.266, -0, 0, 0, 0
16.278, -0, 0, 0, 0
16.291, -0, 0, 0, 0
16.303, -0, 0, 0, 0
16.316, -0, 0, 0, 0
16.328, -0, 0, 0, 0
16.34, -0, 0, 0, 0
16.353, -0, 0, 0, 0
16.365, -0, 0, 0, 0
16.377, -0, 0, 0, 0
16.39, -0, 0, 0, 0
16.402, -0, 0, 0, 0
16.414, -0, 0, 0, 0
16.427, -0, 0, 0, 0
16.439, -0, 0, 0, 0
16.451, -0, 0, 0, 0
16.464, -0, 0, 0, 0
16.476, -0, 0, 0, 0
16.488, -0, 0, 0, 0
16.501, -0, 0, 0, 0
16.513, -0, 0, 0, 0
16.525, -0, 0, 0, 0
16.538, -0, 0, 0, 0
16.55, -0, 0, 0, 0
16.562, -0, 0, 0, 0
16.574, -0, 0, 0, 0
16.587, -0, 0, 0, 0
16.599, -0, 0, 0, 0
16.611, -0, 0, 0, 0
16.624, -0, 0, 0, 0
16.636, -0, 0, 0, 0
16.648, -0, 0, 0, 0
16.661, -0, 0, 0, 0
16.673, -0, 0, 0, 0
16.685, -0, 0, 0, 0
16.698, -0, 0, 0, 0
16.71, -0, 0, 0, 0
16.722, -0, 0, 0, 0
16.735, -0, 0, 0, 0
16.747, -0, 0, 0, 0
16.759, -0, 0, 0, 0
16.772, -0, 0, 0, 0
16.784, -0, 0, 0, 0
16.796, -0, 0, 0, 0
16.809, -0, 0, 0, 0
16.821, -0, 0, 0, 0
16.833, -0, 0, 0, 0
16.845, -0, 0, 0, 0
16.857, -0, 0, 0, 0
16.87, -0, 0, 0, 0
16.882, -0, 0, 0, 0
16.895, -0, 0, 0, 0
16.907, -0, 0, 0, 0
16.919, -0, 0, 0, 0
16.932, -0, 0, 0, 0
16.944, -0, 0, 0, 0
16.956, -0, 0, 0, 0
16.969, -0, 0, 0, 0
16.981, -0, 0, 0, 0
16.993, -0, 0, 0, 0
17.006, -0, 0, 0, 0
17.018, -0, 0, 0, 0
17.03, -0, 0, 0, 0
17.043, -0, 0, 0, 0
17.055, -0, 0, 0, 0
17.067, -0, 0, 0, 0
17.08, -0, 0, 0, 0
17.092, -0, 0, 0, 0
17.104, -0, 0, 0, 0
17.117, -0, 0, 0, 0
17.129, -0, 0, 0, 0
17.141, -0, 0, 0, 0
17.154, -0, 0, 0, 0
17.166, -0, 0, 0, 0
17.178, -0, 0, 0, 0
17.191, -0, 0, 0, 0
17.203, -0, 0, 0, 0
17.215, -0, 0, 0, 0
17.228, -0, 0, 0, 0
17.24, -0, 0, 0, 0
17.252, -0, 0, 0, 0
17.265, -0, 0, 0, 0
17.277, -0, 0, 0, 0
17.289, -0, 0, 0, 0
17.301, -0, 0, 0, 0
17.314, -0, 0, 0, 0
17.326, -0, 0, 0, 0
17.338, -0, 0, 0, 0
17.351, -0, 0, 0, 0
17.363, -0, 0, 0, 0
17.375, -0, 0, 0, 0
17.388, -0, 0, 0, 0
17.4, -0, 0, 0, 0
17.412, -0, 0, 0, 0
17.425, -0, 0, 0, 0
17.437, -0, 0, 0, 0
17.449, -0, 0, 0, 0
17.462, -0, 0, 0, 0
17.474, -0, 0, 0, 0
17.486, -0, 0, 0, 0
17.498, -0, 0, 0, 0
17.511, -0, 0, 0, 0
17.523, -0, 0, 0, 0
17.535, -0, 0, 0, 0
17.548, -0, 0, 0, 0
17.56, -0, 0, 0, 0
17.572, -0, 0, 0, 0
17.585, -0, 0, 0, 0
17.597, -0, 0, 0, 0
17.609, -0, 0, 0, 0
17.622, -0, 0, 0, 0
17.634, -0, 0, 0, 0
17.646, -0, 0, 0, 0
17.659, -0, 0, 0, 0
17.671, -0, 0, 0, 0
17.683, -0, 0, 0, 0
17.696, -0, 0, 0, 0
17.708, -0, 0, 0, 0
17.72, -0, 0, 0, 0
17.733, -0, 0, 0, 0
17.745, -0, 0, 0, 0
17.757, -0, 0, 0, 0
17.77, -0, 0, 0, 0
17.782, -0, 0, 0, 0
17.794, -0, 0, 0, 0
17.806, -0, 0, 0, 0
17.819, -0, 0, 0, 0
17.831, -0, 0, 0, 0
17.844, -0, 0, 0, 0
17.856, -0, 0, 0, 0
17.868, -0, 0, 0, 0
17.881, -0, 0, 0, 0
17.893, -0, 0, 0, 0
17.905, -0, 0, 0, 0
17.918, -0, 0, 0, 0
17.93, -0, 0, 0, 0
17.942, -0, 0, 0, 0
17.955, -0, 0, 0, 0
17.967, -0, 0, 0, 0
17.979, -0, 0, 0, 0
17.992, -0, 0, 0, 0
18.004, -0, 0, 0, 0
18.016, -0, 0, 0, 0
18.028, -0, 0, 0, 0
18.041, -0, 0, 0, 0
18.053, -0, 0, 0, 0
18.066, -0, 0, 0, 0
18.078, -0, 0, 0, 0
18.09, -0, 0, 0, 0
18.102, -0, 0, 0, 0
18.115, -0, 0, 0, 0
18.127, -0, 0, 0, 0
18.14, -0, 0, 0, 0
18.152, -0, 0, 0, 0
18.164, -0, 0, 0, 0
18.177, -0, 0, 0, 0
18.189, -0, 0, 0, 0
18.201, -0, 0, 0, 0
18.214, -0, 0, 0, 0
18.226, -0, 0, 0, 0
18.238, -0, 0, 0, 0
18.251, -0, 0, 0, 0
18.263, -0, 0, 0, 0
18.276, -0, 0, 0, 0
18.288, -0, 0, 0, 0
18.3, -0, 0, 0, 0
18.313, -0, 0, 0, 0
18.325, -0, 0, 0, 0
18.337, -0, 0, 0, 0
18.35, -0, 0, 0, 0
18.362, -0, 0, 0, 0
18.374, -0, 0, 0, 0
18.387, -0, 0, 0, 0
18.399, -0, 0, 0, 0
18.411, -0, 0, 0, 0
18.424, -0, 0, 0, 0
18.436, -0, 0, 0, 0
18.448, -0, 0, 0, 0
18.461, -0, 0, 0, 0
18.473, -0, 0, 0, 0
18.485, -0, 0, 0, 0
18.498, -0, 0, 0, 0
18.51, -0, 0, 0, 0
18.522, -0, 0, 0, 0
18.535, -0, 0, 0, 0
18.547, -0, 0, 0, 0
18.56, -0, 0, 0, 0
18.572, -0, 0, 0, 0
18.584, -0, 0, 0, 0
18.597, -0, 0, 0, 0
18.609, -0, 0, 0, 0
18.621, -0, 0, 0, 0
18.634, -0, 0, 0, 0
18.646, -0, 0, 0, 0
18.658, -0, 0, 0, 0
18.671, -0, 0, 0, 0
18.683, -0, 0, 0, 0
18.695, -0, 0, 0, 0
18.708, -0, 0, 0, 0
18.72, -0, 0, 0, 0
18.732, -0, 0, 0, 0
18.745, -0, 0, 0, 0
18.757, -0, 0, 0, 0
18.77, -0, 0, 0, 0
18.782, -0, 0, 0, 0
18.794, -0, 0, 0, 0
18.806, -0, 0, 0, 0
18.819, -0, 0, 0, 0
18.831, -0, 0, 0, 0
18.843, -0, 0, 0, 0
18.856, -0, 0, 0, 0
18.868, -0, 0, 0, 0
18.88, -0, 0, 0, 0
18.893, -0, 0, 0, 0
18.905, -0, 0, 0, 0
18.917, -0, 0, 0, 0
18.93, -0, 0, 0, 0
18.942, -0, 0, 0, 0
18.954, -0, 0, 0, 0
18.967, -0, 0, 0, 0
18.979, -0, 0, 0, 0
18.991, -0, 0, 0, 0
19.004, -0, 0, 0, 0
19.016, -0, 0, 0, 0
19.028, -0, 0, 0, 0
19.041, -0, 0, 0, 0
19.053, -0, 0, 0, 0
19.065, -0, 0, 0, 0
19.078, -0, 0, 0, 0
19.09, -0, 0, 0, 0
19.102, -0, 0, 0, 0
19.115, -0, 0, 0, 0
19.127, -0, 0, 0, 0
19.139, -0, 0, 0, 0
19.152, -0, 0, 0, 0
19.164, -0, 0, 0, 0
19.176, -0, 0, 0, 0
19.189, -0, 0, 0, 0
19.201, -0, 0, 0, 0
19.213, -0, 0, 0, 0
19.226, -0, 0, 0, 0
19.238, -0, 0, 0, 0
19.25, -0, 0, 0, 0
19.263, -0, 0, 0, 0
19.275, -0, 0, 0, 0
19.287, -0, 0, 0, 0
19.3, -0, 0, 0, 0
19.312, -0, 0, 0, 0
19.324, -0, 0, 0, 0
19.337, -0, 0, 0, 0
19.349, -0, 0, 0, 0
19.361, -0, 0, 0, 0
19.374, -0, 0, 0, 0
19.386, -0, 0, 0, 0
19.398, -0, 0, 0, 0
19.411, -0, 0, 0, 0
19.423, -0, 0, 0, 0
19.435, -0, 0, 0, 0
19.448, -0, 0, 0, 0
19.46, -0, 0, 0, 0
19.472, -0, 0, 0, 0
19.485, -0, 0, 0, 0
19.497, -0, 0, 0, 0
19.509, -0, 0, 0, 0
19.522, -0, 0, 0, 0
19.534, -0, 0, 0, 0
19.546, -0, 0, 0, 0
19.559, -0, 0, 0, 0
19.571, -0, 0, 0, 0
19.584, -0, 0, 0, 0
19.596, -0, 0, 0, 0
19.608, -0, 0, 0, 0
19.621, -0, 0, 0, 0
19.633, -0, 0, 0, 0
19.645, -0, 0, 0, 0
19.658, -0, 0, 0, 0
19.67, -0, 0, 0, 0
19.682, -0, 0, 0, 0
19.695, -0, 0, 0, 0
19.707, -0, 0, 0, 0
19.719, -0, 0, 0, 0
19.732, -0, 0, 0, 0
19.744, -0, 0, 0, 0
19.756, -0, 0, 0, 0
19.769, -0, 0, 0, 0
19.781, -0, 0, 0, 0
19.793, -0, 0, 0, 0
19.806, -0, 0, 0, 0
19.818, -0, 0, 0, 0
19.83, -0, 0, 0, 0
19.843, -0, 0, 0, 0
19.855, -0, 0, 0, 0
19.867, -0, 0, 0, 0
19.88, -0, 0, 0, 0
19.892, -0, 0, 0, 0
19.905, -0, 0, 0, 0
19.917, -0, 0, 0, 0
19.929, -0, 0, 0, 0
19.942, -0, 0, 0, 0
19.954, -0, 0, 0, 0
19.966, -0, 0, 0, 0
19.979, -0, 0, 0, 0
19.991, -0, 0, 0, 0
20.003, -0, 0, 0, 0
20.016, -0, 0, 0, 0
20.028, -0, 0, 0, 0
20.04, -0, 0, 0, 0
20.053, -0, 0, 0, 0
20.065, -0, 0, 0, 0
20.078, -0, 0, 0, 0
20.09, -0, 0, 0, 0
20.102, -0, 0, 0, 0
20.115, -0, 0, 0, 0
20.127, -0, 0, 0, 0
20.139, -0, 0, 0, 0
20.152, -0, 0, 0, 0
20.164, -0, 0, 0, 0
20.176, -0, 0, 0, 0
20.189, -0, 0, 0, 0
20.201, -0, 0, 0, 0
20.213, -0, 0, 0, 0
20.226, -0, 0, 0, 0
20.238, -0, 0, 0, 0
20.25, -0, 0, 0, 0
20.263, -0, 0, 0, 0
20.275, -0, 0, 0, 0
20.287, -0, 0, 0, 0
20.3, -0, 0, 0, 0
20.312, -0, 0, 0, 0
20.324, -0, 0, 0, 0
20.337, -0, 0, 0, 0
20.349, -0, 0, 0, 0
20.361, -0, 0, 0, 0
20.374, -0, 0, 0, 0
20.386, -0, 0, 0, 0
20.398, -0, 0, 0, 0
20.411, -0, 0, 0, 0
20.423, -0, 0, 0, 0
20.436, -0, 0, 0, 0
20.448, -0, 0, 0, 0
20.46, -0, 0, 0, 0
20.472, -0, 0, 0, 0
20.485, -0, 0, 0, 0
20.497, -0, 0, 0, 0
20.51, -0, 0, 0, 0
20.522, -0, 0, 0, 0
20.534, -0, 0, 0, 0
20.547, -0, 0, 0, 0
20.559, -0, 0, 0, 0
20.571, -0, 0, 0, 0
20.584, -0, 0, 0, 0
20.596, -0, 0, 0, 0
20.608, -0, 0, 0, 0
20.621, -0, 0, 0, 0
20.633, -0, 0, 0, 0
20.645, -0, 0, 0, 0
20.658, -0, 0, 0, 0
20.67, -0, 0, 0, 0
20.682, -0, 0, 0, 0
20.695, -0, 0, 0, 0
20.707, -0, 0, 0, 0
20.719, -0, 0, 0, 0
20.732, -0, 0, 0, 0
20.744, -0, 0, 0, 0
20.756, -0, 0, 0, 0
20.769, -0, 0, 0, 0
20.781, -0, 0, 0, 0
20.794, -0, 0, 0, 0
20.806, -0, 0, 0, 0
20.818, -0, 0, 0, 0
20.83, -0, 0, 0, 0
20.843, -0, 0, 0, 0
20.855, -0, 0, 0, 0
20.867, -0, 0, 0, 0
20.88, -0, 0, 0, 0
20.892, -0, 0, 0, 0
20.904, -0, 0, 0, 0
20.917, -0, 0, 0, 0
20.929, -0, 0, 0, 0
20.941, -0, 0, 0, 0
20.954, -0, 0, 0, 0
20.966, -0, 0, 0, 0
20.978, -0, 0, 0, 0
20.991, -0, 0, 0, 0
21.003, -0, 0, 0, 0
21.015, -0, 0, 0, 0
21.028, -0, 0, 0, 0
21.04, -0, 0, 0, 0
21.052, -0, 0, 0, 0
21.065, -0, 0, 0, 0
21.077, -0, 0, 0, 0
21.089, -0, 0, 0, 0
21.102, -0, 0, 0, 0
21.114, -0, 0, 0, 0
21.126, -0, 0, 0, 0
21.139, -0, 0, 0, 0
21.151, -0, 0, 0, 0
21.163, -0, 0, 0, 0
21.176, -0, 0, 0, 0
21.188, -0, 0, 0, 0
21.201, -0, 0, 0, 0
21.213, -0, 0, 0, 0
21.225, -0, 0, 0, 0
21.238, -0, 0, 0, 0
21.25, -0, 0, 0, 0
21.262, -0, 0, 0, 0
21.275, -0, 0, 0, 0
21.287, -0, 0, 0, 0
21.299, -0, 0, 0, 0
21.312, -0, 0, 0, 0
21.324, -0, 0, 0, 0
21.336, -0, 0, 0, 0
21.349, -0, 0, 0, 0
21.361, -0, 0, 0, 0
21.373, -0, 0, 0, 0
21.386, -0, 0, 0, 0
21.398, -0, 0, 0, 0
21.41, -0, 0, 0, 0
21.423, -0, 0, 0, 0
21.435, -0, 0, 0, 0
21.447, -0, 0, 0, 0
21.459, -0, 0, 0, 0
21.472, -0, 0, 0, 0
21.484, -0, 0, 0, 0
21.496, -0, 0, 0, 0
21.509, -0, 0, 0, 0
21.521, -0, 0, 0, 0
21.533, -0, 0, 0, 0
21.546, -0, 0, 0, 0
21.558, -0, 0, 0, 0
21.57, -0, 0, 0, 0
21.583, -0, 0, 0, 0
21.595, -0, 0, 0, 0
21.607, -0, 0, 0, 0
21.62, -0, 0, 0, 0
21.632, -0, 0, 0, 0
21.644, -0, 0, 0, 0
21.657, -0, 0, 0, 0
21.669, -0, 0, 0, 0
21.681, -0, 0, 0, 0
21.694, -0, 0, 0, 0
21.706, -0, 0, 0, 0
21.718, -0, 0, 0, 0
21.731, -0, 0, 0, 0
21.743, -0, 0, 0, 0
21.755, -0, 0, 0, 0
21.768, -0, 0, 0, 0
21.78, -0, 0, 0, 0
21.792, -0, 0, 0, 0
21.805, -0, 0, 0, 0
21.817, -0, 0, 0, 0
21.829, -0, 0, 0, 0
21.842, -0, 0, 0, 0
21.854, -0, 0, 0, 0
21.866, -0, 0, 0, 0
21.879, -0, 0, 0, 0
21.891, -0, 0, 0, 0
21.903, -0, 0, 0, 0
21.916, -0, 0, 0, 0
21.928, -0, 0, 0, 0
21.94, -0, 0, 0, 0
21.953, -0, 0, 0, 0
21.965, -0, 0, 0, 0
21.977, -0, 0, 0, 0
21.99, -0, 0, 0, 0
22.002, -0, 0, 0, 0
22.014, -0, 0, 0, 0
22.027, -0, 0, 0, 0
22.039, -0, 0, 0, 0
22.051, -0, 0, 0, 0
22.064, -0, 0, 0, 0
22.076, -0, 0, 0, 0
22.088, -0, 0, 0, 0
22.101, -0, 0, 0, 0
22.113, -0, 0, 0, 0
22.125, -0, 0, 0, 0
22.138, -0, 0, 0, 0
22.15, -0, 0, 0, 0
22.162, -0, 0, 0, 0
22.175, -0, 0, 0, 0
22.187, -0, 0, 0, 0
22.199, -0, 0, 0, 0
22.212, -0, 0, 0, 0
22.224, -0, 0, 0, 0
22.236, -0, 0, 0, 0
22.249, -0, 0, 0, 0
22.261, -0, 0, 0, 0
22.273, -0, 0, 0, 0
22.286, -0, 0, 0, 0
22.298, -0, 0, 0, 0
22.31, -0, 0, 0, 0
22.323, -0, 0, 0, 0
22.335, -0, 0, 0, 0
22.347, -0, 0, 0, 0
22.36, -0, 0, 0, 0
22.372, -0, 0, 0, 0
22.384, -0, 0, 0, 0
22.397, -0, 0, 0, 0
22.409, -0, 0, 0, 0
22.421, -0, 0, 0, 0
22.434, -0, 0, 0, 0
22.446, -0, 0, 0, 0
22.458, -0, 0, 0, 0
22.471, -0, 0, 0, 0
22.483, -0, 0, 0, 0
22.495, -0, 0, 0, 0
22.508, -0, 0, 0, 0
22.52, -0, 0, 0, 0
22.532, -0, 0, 0, 0
22.545, -0, 0, 0, 0
22.557, -0, 0, 0, 0
22.569, -0, 0, 0, 0
22.582, -0, 0, 0, 0
22.594, -0, 0, 0, 0
22.606, -0, 0, 0, 0
22.619, -0, 0, 0, 0
22.631, -0, 0, 0, 0
22.643, -0, 0, 0, 0
22.656, -0, 0, 0, 0
22.668, -0, 0, 0, 0
22.68, -0, 0, 0, 0
22.693, -0, 0, 0, 0
22.705, -0, 0, 0, 0
22.717, -0, 0, 0, 0
22.729, -0, 0, 0, 0
22.742, -0, 0, 0, 0
22.754, -0, 0, 0, 0
22.766, -0, 0, 0, 0
22.779, -0, 0, 0, 0
22.791, -0, 0, 0, 0
22.803, -0, 0, 0, 0
22.816, -0, 0, 0, 0
22.828, -0, 0, 0, 0
22.84, -0, 0, 0, 0
22.853, -0, 0, 0, 0
22.865, -0, 0, 0, 0
22.877, -0, 0, 0, 0
22.89, -0, 0, 0, 0
22.902, -0, 0, 0, 0
22.914, -0, 0, 0, 0
22.927, -0, 0, 0, 0
22.939, -0, 0, 0, 0
22.951, -0, 0, 0, 0
22.964, -0, 0, 0, 0
22.976, -0, 0, 0, 0
22.988, -0, 0, 0, 0
23.001, -0, 0, 0, 0
23.013, -0, 0, 0, 0
23.026, -0, 0, 0, 0
23.038, -0, 0, 0, 0
23.05, -0, 0, 0, 0
23.062, -0, 0, 0, 0
23.075, -0, 0, 0, 0
23.087, -0, 0, 0, 0
23.099, -0, 0, 0, 0
23.112, -0, 0, 0, 0
23.124, -0, 0, 0, 0
23.136, -0, 0, 0, 0
23.149, -0, 0, 0, 0
23.161, -0, 0, 0, 0
23.173, -0, 0, 0, 0
23.186, -0, 0, 0, 0
23.198, -0, 0, 0, 0
23.21, -0, 0, 0, 0
23.223, -0, 0, 0, 0
23.235, -0, 0, 0, 0
23.247, -0, 0, 0, 0
23.26, -0, 0, 0, 0
23.272, -0, 0, 0, 0
23.284, -0, 0, 0, 0
23.297, -0, 0, 0, 0
23.309, -0, 0, 0, 0
23.321, -0, 0, 0, 0
23.334, -0, 0, 0, 0
23.346, -0, 0, 0, 0
23.358, -0, 0, 0, 0
23.371, -0, 0, 0, 0
23.383, -0, 0, 0, 0
23.396, -0, 0, 0, 0
23.408, -0, 0, 0, 0
23.42, -0, 0, 0, 0
23.433, -0, 0, 0, 0
23.445, -0, 0, 0, 0
23.457, -0, 0, 0, 0
23.47, -0, 0, 0, 0
23.482, -0, 0, 0, 0
23.494, -0, 0, 0, 0
23.507, -0, 0, 0, 0
23.519, -0, 0, 0, 0
23.531, -0, 0, 0, 0
23.544, -0, 0, 0, 0
23.556, -0, 0, 0, 0
23.568, -0, 0, 0, 0
23.581, -0, 0, 0, 0
23.593, -0, 0, 0, 0
23.605, -0, 0, 0, 0
23.618, -0, 0, 0, 0
23.63, -0, 0, 0, 0
23.642, -0, 0, 0, 0
23.655, -0, 0, 0, 0
23.667, -0, 0, 0, 0
23.679, -0, 0, 0, 0
23.692, -0, 0, 0, 0
23.704, -0, 0, 0, 0
23.716, -0, 0, 0, 0
23.729, -0, 0, 0, 0
23.741, -0, 0, 0, 0
23.753, -0, 0, 0, 0
23.766, -0, 0, 0, 0
23.778, -0, 0, 0, 0
23.79, -0, 0, 0, 0
23.803, -0, 0, 0, 0
23.815, -0, 0, 0, 0
23.827, -0, 0, 0, 0
23.84, -0, 0, 0, 0
23.852, -0, 0, 0, 0
23.864, -0, 0, 0, 0
23.877, -0, 0, 0, 0
23.889, -0, 0, 0, 0
23.901, -0, 0, 0, 0
23.914, -0, 0, 0, 0
23.926, -0, 0, 0, 0
23.938, -0, 0, 0, 0
23.951, -0, 0, 0, 0
23.963, -0, 0, 0, 0
23.975, -0, 0, 0, 0
23.988, -0, 0, 0, 0
24, -0, 0, 0, 0
24.012, -0, 0, 0, 0
24.025, -0, 0, 0, 0
24.037, -0, 0, 0, 0
24.049, -0, 0, 0, 0
24.062, -0, 0, 0, 0
24.074, -0, 0, 0, 0
24.086, -0, 0, 0, 0
24.099, -0, 0, 0, 0
24.111, -0, 0, 0, 0
24.123, -0, 0, 0, 0
24.136, -0, 0, 0, 0
24.148, -0, 0, 0, 0
24.161, -0, 0, 0, 0
24.173, -0, 0, 0, 0
24.185, -0, 0, 0, 0
24.198, -0, 0, 0, 0
24.21, -0, 0, 0, 0
24.222, -0, 0, 0, 0
24.235, -0, 0, 0, 0
24.247, -0, 0, 0, 0
24.259, -0, 0, 0, 0
24.272, -0, 0, 0, 0
24.284, -0, 0, 0, 0
24.296, -0, 0, 0, 0
24.309, -0, 0, 0, 0
24.321, -0, 0, 0, 0
24.333, -0, 0, 0, 0
24.346, -0, 0, 0, 0
24.358, -0, 0, 0, 0
24.37, -0, 0, 0, 0
24.383, -0, 0, 0, 0
24.395, -0, 0, 0, 0
24.407, -0, 0, 0, 0
24.419, -0, 0, 0, 0
24.432, -0, 0, 0, 0
24.444, -0, 0, 0, 0
24.456, -0, 0, 0, 0
24.469, -0, 0, 0, 0
24.481, -0, 0, 0, 0
24.493, -0, 0, 0, 0
24.506, -0, 0, 0, 0
24.518, -0, 0, 0, 0
24.53, -0, 0, 0, 0
24.543, -0, 0, 0, 0
24.555, -0, 0, 0, 0
24.567, -0, 0, 0, 0
24.579, -0, 0, 0, 0
24.592, -0, 0, 0, 0
24.604, -0, 0, 0, 0
24.616, -0, 0, 0, 0
24.629, -0, 0, 0, 0
24.641, -0, 0, 0, 0
24.653, -0, 0, 0, 0
24.666, -0, 0, 0, 0
24.678, -0, 0, 0, 0
24.69, -0, 0, 0, 0
24.703, -0, 0, 0, 0
24.715, -0, 0, 0, 0
24.727, -0, 0, 0, 0
24.74, -0, 0, 0, 0
24.752, -0, 0, 0, 0
24.764, -0, 0, 0, 0
24.777, -0, 0, 0, 0
24.789, -0, 0, 0, 0
24.801, -0, 0, 0, 0
24.813, -0, 0, 0, 0
24.826, -0, 0, 0, 0
24.838, -0, 0, 0, 0
24.85, -0, 0, 0, 0
24.863, -0, 0, 0, 0
24.875, -0, 0, 0, 0
24.887, -0, 0, 0, 0
24.9, -0, 0, 0, 0
24.912, -0, 0, 0, 0
24.924, -0, 0, 0, 0
24.937, -0, 0, 0, 0
24.949, -0, 0, 0, 0
24.961, -0, 0, 0, 0
24.974, -0, 0, 0, 0
24.986, -0, 0, 0, 0
24.998, -0, 0, 0, 0
25.011, -0, 0, 0, 0
25.023, -0, 0, 0, 0
25.035, -0, 0, 0, 0
25.048, -0, 0, 0, 0
25.06, -0, 0, 0, 0
25.072, -0, 0, 0, 0
25.085, -0, 0, 0, 0
25.097, -0, 0, 0, 0
25.109, -0, 0, 0, 0
25.122, -0, 0, 0, 0
25.134, -0, 0, 0, 0
25.146, -0, 0, 0, 0
25.159, -0, 0, 0, 0
25.171, -0, 0, 0, 0
25.183, -0, 0, 0, 0
25.196, -0, 0, 0, 0
25.208, -0, 0, 0, 0
25.221, -0, 0, 0, 0
25.233, -0, 0, 0, 0
25.245, -0, 0, 0, 0
25.258, -0, 0, 0, 0
25.27, -0, 0, 0, 0
25.282, -0, 0, 0, 0
25.295, -0, 0, 0, 0
25.307, -0, 0, 0, 0
25.319, -0, 0, 0, 0
25.332, -0, 0, 0, 0
25.344, -0, 0, 0, 0
25.357, -0, 0, 0, 0
25.369, -0, 0, 0, 0
25.381, -0, 0, 0, 0
25.393, -0, 0, 0, 0
25.406, -0, 0, 0, 0
25.418, -0, 0, 0, 0
25.43, -0, 0, 0, 0
25.443, -0, 0, 0, 0
25.455, -0, 0, 0, 0
25.468, -0, 0, 0, 0
25.48, -0, 0, 0, 0
25.492, -0, 0, 0, 0
25.505, -0, 0, 0, 0
25.517, -0, 0, 0, 0
25.529, -0, 0, 0, 0
25.542, -0, 0, 0, 0
25.554, -0, 0, 0, 0
25.566, -0, 0, 0, 0
25.579, -0, 0, 0, 0
25.591, -0, 0, 0, 0
25.603, -0, 0, 0, 0
25.616, -0, 0, 0, 0
25.628, -0, 0, 0, 0
25.64, -0, 0, 0, 0
25.653, -0, 0, 0, 0
25.665, -0, 0, 0, 0
25.677, -0, 0, 0, 0
25.69, -0, 0, 0, 0
25.702, -0, 0, 0, 0
25.714, -0, 0, 0, 0
25.727, -0, 0, 0, 0
25.739, -0, 0, 0, 0
25.751, -0, 0, 0, 0
25.764, -0, 0, 0, 0
25.776, -0, 0, 0, 0
25.789, -0, 0, 0, 0
25.801, -0, 0, 0, 0
25.813, -0, 0, 0, 0
25.826, -0, 0, 0, 0
25.838, -0, 0, 0, 0
25.85, -0, 0, 0, 0
25.863, -0, 0, 0, 0
25.875, -0, 0, 0, 0
25.887, -0, 0, 0, 0
25.9, -0, 0, 0, 0
25.912, -0, 0, 0, 0
25.925, -0, 0, 0, 0
25.937, -0, 0, 0, 0
25.949, -0, 0, 0, 0
25.962, -0, 0, 0, 0
25.974, -0, 0, 0, 0
25.986, -0, 0, 0, 0
25.999, -0, 0, 0, 0
26.011, -0, 0, 0, 0
26.023, -0, 0, 0, 0
26.036, -0, 0, 0, 0
26.048, -0, 0, 0, 0
26.06, -0, 0, 0, 0
26.073, -0, 0, 0, 0
26.085, -0, 0, 0, 0
26.097, -0, 0, 0, 0
26.11, -0, 0, 0, 0
26.122, -0, 0, 0, 0
26.134, -0, 0, 0, 0
26.147, -0, 0, 0, 0
26.159, -0, 0, 0, 0
26.172, -0, 0, 0, 0
26.184, -0, 0, 0, 0
26.196, -0, 0, 0, 0
26.209, -0, 0, 0, 0
26.221, -0, 0, 0, 0
26.233, -0, 0, 0, 0
26.246, -0, 0, 0, 0
26.258, -0, 0, 0, 0
26.27, -0, 0, 0, 0
26.283, -0, 0, 0, 0
26.295, -0, 0, 0, 0
26.307, -0, 0, 0, 0
26.32, -0, 0, 0, 0
26.332, -0, 0, 0, 0
26.344, -0, 0, 0, 0
26.357, -0, 0, 0, 0
26.369, -0, 0, 0, 0
26.381, -0, 0, 0, 0
26.394, -0, 0, 0, 0
26.406, -0, 0, 0, 0
26.418, -0, 0, 0, 0
26.431, -0, 0, 0, 0
26.443, -0, 0, 0, 0
26.455, -0, 0, 0, 0
26.468, -0, 0, 0, 0
26.48, -0, 0, 0, 0
26.492, -0, 0, 0, 0
26.505, -0, 0, 0, 0
26.517, -0, 0, 0, 0
26.529, -0, 0, 0, 0
26.542, -0, 0, 0, 0
26.554, -0, 0, 0, 0
26.566, -0, 0, 0, 0
26.579, -0, 0, 0, 0
26.591, -0, 0, 0, 0
26.603, -0, 0, 0, 0
26.616, -0, 0, 0, 0
26.628, -0, 0, 0, 0
26.64, -0, 0, 0, 0
26.653, -0, 0, 0, 0
26.665, -0, 0, 0, 0
26.677, -0, 0, 0, 0
26.69, -0, 0, 0, 0
26.702, -0, 0, 0, 0
26.714, -0, 0, 0, 0
26.726, -0, 0, 0, 0
26.739, -0, 0, 0, 0
26.751, -0, 0, 0, 0
26.763, -0, 0, 0, 0
26.776, -0, 0, 0, 0
26.788, -0, 0, 0, 0
26.8, -0, 0, 0, 0
26.813, -0, 0, 0, 0
26.825, -0, 0, 0, 0
26.837, -0, 0, 0, 0
26.85, -0, 0, 0, 0
26.862, -0, 0, 0, 0
26.874, -0, 0, 0, 0
26.887, -0, 0, 0, 0
26.899, -0, 0, 0, 0
26.911, -0, 0, 0, 0
26.924, -0, 0, 0, 0
26.936, -0, 0, 0, 0
26.948, -0, 0, 0, 0
26.961, -0, 0, 0, 0
26.973, -0, 0, 0, 0
26.985, -0, 0, 0, 0
26.998, -0, 0, 0, 0
27.01, -0, 0, 0, 0
27.022, -0, 0, 0, 0
27.035, -0, 0, 0, 0
27.047, -0, 0, 0, 0
27.059, -0, 0, 0, 0
27.072, -0, 0, 0, 0
27.084, -0, 0, 0, 0
27.096, -0, 0, 0, 0
27.109, -0, 0, 0, 0
27.121, -0, 0, 0, 0
27.133, -0, 0, 0, 0
27.146, -0, 0, 0, 0
27.158, -0, 0, 0, 0
27.17, -0, 0, 0, 0
27.183, -0, 0, 0, 0
27.195, -0, 0, 0, 0
27.207, -0, 0, 0, 0
27.22, -0, 0, 0, 0
27.232, -0, 0, 0, 0
27.244, -0, 0, 0, 0
27.257, -0, 0, 0, 0
27.269, -0, 0, 0, 0
27.281, -0, 0, 0, 0
27.294, -0, 0, 0, 0
27.306, -0, 0, 0, 0
27.318, -0, 0, 0, 0
27.33, -0, 0, 0, 0
27.343, -0, 0, 0, 0
27.355, -0, 0, 0, 0
27.367, -0, 0, 0, 0
27.38, -0, 0, 0, 0
27.392, -0, 0, 0, 0
27.404, -0, 0, 0, 0
27.417, -0, 0, 0, 0
27.429, -0, 0, 0, 0
27.441, -0, 0, 0, 0
27.454, -0, 0, 0, 0
27.466, -0, 0, 0, 0
27.478, -0, 0, 0, 0
27.49, -0, 0, 0, 0
27.503, -0, 0, 0, 0
27.515, -0, 0, 0, 0
27.527, -0, 0, 0, 0
27.54, -0, 0, 0, 0
27.552, -0, 0, 0, 0
27.564, -0, 0, 0, 0
27.577, -0, 0, 0, 0
27.589, -0, 0, 0, 0
27.601, -0, 0, 0, 0
27.614, -0, 0, 0, 0
27.626, -0, 0, 0, 0
27.638, -0, 0, 0, 0
27.651, -0, 0, 0, 0
27.663, -0, 0, 0, 0
27.675, -0, 0, 0, 0
27.687, -0, 0, 0, 0
27.7, -0, 0, 0, 0
27.712, -0, 0, 0, 0
27.724, -0, 0, 0, 0
27.737, -0, 0, 0, 0
27.749, -0, 0, 0, 0
27.761, -0, 0, 0, 0
27.774, -0, 0, 0, 0
27.786, -0, 0, 0, 0
27.798, -0, 0, 0, 0
27.811, -0, 0, 0, 0
27.823, -0, 0, 0, 0
27.835, -0, 0, 0, 0
27.848, -0, 0, 0, 0
27.86, -0, 0, 0, 0
27.872, -0, 0, 0, 0
27.885, -0, 0, 0, 0
27.897, -0, 0, 0, 0
27.909, -0, 0, 0, 0
27.922, -0, 0, 0, 0
27.934, -0, 0, 0, 0
27.946, -0, 0, 0, 0
27.959, -0, 0, 0, 0
27.971, -0, 0, 0, 0
27.983, -0, 0, 0, 0
27.995, -0, 0, 0, 0
28.008, -0, 0, 0, 0
28.02, -0, 0, 0, 0
28.032, -0, 0, 0, 0
28.045, -0, 0, 0, 0
28.057, -0, 0, 0, 0
28.069, -0, 0, 0, 0
28.082, -0, 0, 0, 0
28.094, -0, 0, 0, 0
28.106, -0, 0, 0, 0
28.119, -0, 0, 0, 0
28.131, -0, 0, 0, 0
28.143, -0, 0, 0, 0
28.156, -0, 0, 0, 0
28.168, -0, 0, 0, 0
28.181, -0, 0, 0, 0
28.193, -0, 0, 0, 0
28.205, -0, 0, 0, 0
28.218, -0, 0, 0, 0
28.23, -0, 0, 0, 0
28.242, -0, 0, 0, 0
28.254, -0, 0, 0, 0
28.267, -0, 0, 0, 0
28.279, -0, 0, 0, 0
28.291, -0, 0, 0, 0
28.304, -0, 0, 0, 0
28.316, -0, 0, 0, 0
28.328, -0, 0, 0, 0
28.341, -0, 0, 0, 0
28.353, -0, 0, 0, 0
28.365, -0, 0, 0, 0
28.378, -0, 0, 0, 0
28.39, -0, 0, 0, 0
28.402, -0, 0, 0, 0
28.415, -0, 0, 0, 0
28.427, -0, 0, 0, 0
28.439, -0, 0, 0, 0
28.452, -0, 0, 0, 0
28.464, -0, 0, 0, 0
28.476, -0, 0, 0, 0
28.489, -0, 0, 0, 0
28.501, -0, 0, 0, 0
28.513, -0, 0, 0, 0
28.526, -0, 0, 0, 0
28.538, -0, 0, 0, 0
28.55, -0, 0, 0, 0
28.563, -0, 0, 0, 0
28.575, -0, 0, 0, 0
28.587, -0, 0, 0, 0
28.6, -0, 0, 0, 0
28.612, -0, 0, 0, 0
28.625, -0, 0, 0, 0
28.637, -0, 0, 0, 0
28.649, -0, 0, 0, 0
28.661, -0, 0, 0, 0
28.674, -0, 0, 0, 0
28.686, -0, 0, 0, 0
28.698, -0, 0, 0, 0
28.711, -0, 0, 0, 0
28.723, -0, 0, 0, 0
28.735, -0, 0, 0, 0
28.748, -0, 0, 0, 0
28.76, -0, 0, 0, 0
28.772, -0, 0, 0, 0
28.785, -0, 0, 0, 0
28.797, -0, 0, 0, 0
28.809, -0, 0, 0, 0
28.822, -0, 0, 0, 0
28.834, -0, 0, 0, 0
28.846, -0, 0, 0, 0
28.859, -0, 0, 0, 0
28.871, -0, 0, 0, 0
28.883, -0, 0, 0, 0
28.896, -0, 0, 0, 0
28.908, -0, 0, 0, 0
28.921, -0, 0, 0, 0
28.933, -0, 0, 0, 0
28.945, -0, 0, 0, 0
28.958, -0, 0, 0, 0
28.97, -0, 0, 0, 0
28.982, -0, 0, 0, 0
28.994, -0, 0, 0, 0
29.007, -0, 0, 0, 0
29.019, -0, 0, 0, 0
29.031, -0, 0, 0, 0
29.044, -0, 0, 0, 0
29.056, -0, 0, 0, 0
29.068, -0, 0, 0, 0
29.081, -0, 0, 0, 0
29.093, -0, 0, 0, 0
29.106, -0, 0, 0, 0
29.118, -0, 0, 0, 0
29.13, -0, 0, 0, 0
29.143, -0, 0, 0, 0
29.155, -0, 0, 0, 0
29.167, -0, 0, 0, 0
29.18, -0, 0, 0, 0
29.192, -0, 0, 0, 0
29.204, -0, 0, 0, 0
29.217, -0, 0, 0, 0
29.229, -0, 0, 0, 0
29.241, -0, 0, 0, 0
29.254, -0, 0, 0, 0
29.266, -0, 0, 0, 0
29.278, -0, 0, 0, 0
29.291, -0, 0, 0, 0
29.303, -0, 0, 0, 0
29.315, -0, 0, 0, 0
29.328, -0, 0, 0, 0
29.34, -0, 0, 0, 0
29.352, -0, 0, 0, 0
29.365, -0, 0, 0, 0
29.377, -0, 0, 0, 0
29.389, -0, 0, 0, 0
29.402, -0, 0, 0, 0
29.414, -0, 0, 0, 0
29.426, -0, 0, 0, 0
29.439, -0, 0, 0, 0
29.451, -0, 0, 0, 0
29.463, -0, 0, 0, 0
29.476, -0, 0, 0, 0
29.488, -0, 0, 0, 0
29.5, -0, 0, 0, 0
29.513, -0, 0, 0, 0
29.525, -0, 0, 0, 0
29.537, -0, 0, 0, 0
29.55, -0, 0, 0, 0
29.562, -0, 0, 0, 0
29.575, -0, 0, 0, 0
29.587, -0, 0, 0, 0
29.599, -0, 0, 0, 0
29.611, -0, 0, 0, 0
29.624, -0, 0, 0, 0
29.636, -0, 0, 0, 0
29.649, -0, 0, 0, 0
29.661, -0, 0, 0, 0
29.673, -0, 0, 0, 0
29.686, -0, 0, 0, 0
29.698, -0, 0, 0, 0
29.71, -0, 0, 0, 0
29.723, -0, 0, 0, 0
29.735, -0, 0, 0, 0
29.747, -0, 0, 0, 0
29.76, -0, 0, 0, 0
29.772, -0, 0, 0, 0
29.784, -0, 0, 0, 0
29.797, -0, 0, 0, 0
29.809, -0, 0, 0, 0
29.821, -0, 0, 0, 0
29.834, -0, 0, 0, 0
29.846, -0, 0, 0, 0
29.858, -0, 0, 0, 0
29.871, -0, 0, 0, 0
29.883, -0, 0, 0, 0
29.895, -0, 0, 0, 0
29.908, -0, 0, 0, 0
29.92, -0, 0, 0, 0
29.932, -0, 0, 0, 0
29.945, -0, 0, 0, 0
29.957, -0, 0, 0, 0
29.969, -0, 0, 0, 0
29.982, -0, 0, 0, 0
29.994, -0, 0, 0, 0
30.006, -0, 0, 0, 0
30.019, -0, 0, 0, 0
30.031, -0, 0, 0, 0
30.043, -0, 0, 0, 0
30.056, -0, 0, 0, 0
30.068, -0, 0, 0, 0
30.08, -0, 0, 0, 0
30.093, -0, 0, 0, 0
30.105, -0, 0, 0, 0
30.117, -0, 0, 0, 0
30.13, -0, 0, 0, 0
30.142, -0, 0, 0, 0
30.154, -0, 0, 0, 0
30.167, -0, 0, 0, 0
30.179, -0, 0, 0, 0
30.191, -0, 0, 0, 0
30.204, -0, 0, 0, 0
30.216, -0, 0, 0, 0
30.228, -0, 0, 0, 0
30.241, -0, 0, 0, 0
30.253, -0, 0, 0, 0
30.265, -0, 0, 0, 0
30.278, -0, 0, 0, 0
30.29, -0, 0, 0, 0
30.302, -0, 0, 0, 0
30.315, -0, 0, 0, 0
30.327, -0, 0, 0, 0
30.34, -0, 0, 0, 0
30.352, -0, 0, 0, 0
30.364, -0, 0, 0, 0
30.377, -0, 0, 0, 0
30.389, -0, 0, 0, 0
30.401, -0, 0, 0, 0
30.414, -0, 0, 0, 0
30.426, -0, 0, 0, 0
30.438, -0, 0, 0, 0
30.45, -0, 0, 0, 0
30.463, -0, 0, 0, 0
30.475, -0, 0, 0, 0
30.487, -0, 0, 0, 0
30.5, -0, 0, 0, 0
30.512, -0, 0, 0, 0
30.524, -0, 0, 0, 0
30.537, -0, 0, 0, 0
30.549, -0, 0, 0, 0
30.561, -0, 0, 0, 0
30.574, -0, 0, 0, 0
30.586, -0, 0, 0, 0
30.598, -0, 0, 0, 0
30.611, -0, 0, 0, 0
30.623, -0, 0, 0, 0
30.635, -0, 0, 0, 0
30.648, -0, 0, 0, 0
30.66, -0, 0, 0, 0
30.673, -0, 0, 0, 0
30.685, -0, 0, 0, 0
30.697, -0, 0, 0, 0
30.71, -0, 0, 0, 0
30.722, -0, 0, 0, 0
30.734, -0, 0, 0, 0
30.747, -0, 0, 0, 0
30.759, -0, 0, 0, 0
30.771, -0, 0, 0, 0
30.784, -0, 0, 0, 0
30.796, -0, 0, 0, 0
30.808, -0, 0, 0, 0
30.821, -0, 0, 0, 0
30.833, -0, 0, 0, 0
30.845, -0, 0, 0, 0
30.858, -0, 0, 0, 0
30.87, -0, 0, 0, 0
30.882, -0, 0, 0, 0
30.895, -0, 0, 0, 0
30.907, -0, 0, 0, 0
30.919, -0, 0, 0, 0
30.932, -0, 0, 0, 0
30.944, -0, 0, 0, 0
30.957, -0, 0, 0, 0
30.969, -0, 0, 0, 0
30.981, -0, 0, 0, 0
30.994, -0, 0, 0, 0
31.006, -0, 0, 0, 0
31.018, -0, 0, 0, 0
31.031, -0, 0, 0, 0
31.043, -0, 0, 0, 0
31.055, -0, 0, 0, 0
31.068, -0, 0, 0, 0
31.08, -0, 0, 0, 0
31.092, -0, 0, 0, 0
31.105, -0, 0, 0, 0
31.117, -0, 0, 0, 0
31.129, -0, 0, 0, 0
31.142, -0, 0, 0, 0
31.154, -0, 0, 0, 0
31.166, -0, 0, 0, 0
31.179, -0, 0, 0, 0
31.191, -0, 0, 0, 0
31.204, -0, 0, 0, 0
31.216, -0, 0, 0, 0
31.228, -0, 0, 0, 0
31.241, -0, 0, 0, 0
31.253, -0, 0, 0, 0
31.265, -0, 0, 0, 0
31.278, -0, 0, 0, 0
31.29, -0, 0, 0, 0
31.302, -0, 0, 0, 0
31.315, -0, 0, 0, 0
31.327, -0, 0, 0, 0
31.339, -0, 0, 0, 0
31.352, -0, 0, 0, 0
31.364, -0, 0, 0, 0
31.376, -0, 0, 0, 0
31.389, -0, 0, 0, 0
31.401, -0, 0, 0, 0
31.414, -0, 0, 0, 0
31.426, -0, 0, 0, 0
31.438, -0, 0, 0, 0
31.451, -0, 0, 0, 0
31.463, -0, 0, 0, 0
31.475, -0, 0, 0, 0
31.488, -0, 0, 0, 0
31.5, -0, 0, 0, 0
31.512, -0, 0, 0, 0
31.525, -0, 0, 0, 0
31.538, -0, 0, 0, 0
31.55, -0, 0, 0, 0
31.563, -0, 0, 0, 0
31.575, -0, 0, 0, 0
31.587, -0, 0, 0, 0
