0, 0, 0, 0, 0
0.019, 0, 0, 0, 0
0.036, 0, 0, 0, 0
0.054, 0, 0, 0, 0
0.071, 0, 0, 0, 0
0.088, 0, 0, 0, 0
0.105, 0, 0, 0, 0
0.122, 0, 0, 0, 0
0.138, 0, 0, 0, 0
0.155, 0, 0, 0, 0
0.172, 0, 0, 0, 0
0.189, 0, 0, 0, 0
0.205, 0, 0, 0, 0
0.222, 0, 0, 0, 0
0.239, 0, 0, 0, 0
0.256, 0, 0, 0, 0
0.272, 0, 0, 0, 0
0.289, 0, 0, 0, 0
0.306, 0, 0, 0, 0
0.322, 0, 0, 0, 0
0.339, 0, 0, 0, 0
0.357, 0, 0, 0, 0
0.374, 0, 0, 0, 0
0.39, 0, 0, 0, 0
0.407, 0, 0, 0, 0
0.424, 0, 0, 0, 0
0.44, 0, 0, 0, 0
0.457, 0, 0, 0, 0
0.474, 0, 0, 0, 0
0.49, 0, 0, 0, 0
0.507, 0, 0, 0, 0
0.524, 0, 0, 0, 0
0.54, 0, 0, 0, 0
0.557, 0, 0, 0, 0
0.574, 0, 0, 0, 0
0.591, 0, 0, 0, 0
0.608, 0, 0, 0, 0
0.625, 0, 0, 0, 0
0.642, 0, 0, 0, 0
0.658, 0, 0, 0, 0
0.675, 0, 0, 0, 0
0.692, 0, 0, 0, 0
0.709, 0, 0, 0, 0
0.726, 0, 0, 0, 0
0.742, 0, 0, 0, 0
0.759, 0, 0, 0, 0
0.776, 0, 0, 0, 0
0.792, 0, 0, 0, 0
0.809, 0, 0, 0, 0
0.826, 0, 0, 0, 0
0.843, 0, 0, 0, 0
0.859, 0, 0, 0, 0
0.876, 0, 0, 0, 0
0.9, 0, 0, 0, 0
0.917, 0, 0, 0, 0
0.933, 0, 0, 0, 0
0.95, 0, 0, 0, 0
0.967, 0, 0, 0, 0
0.984, 0, 0, 0, 0
1, 0, 0, 0, 0
1.043, 0, 360, 0, 0
1.083, 0, 360, 0, 0
1.11, 0, 360, 0, 0
1.129, 0, 360, 0, 0
1.16, 0, 360, 0, 0
1.177, 0, 360, 0, 0
1.233, 0, 360, 0, 0
1.258, 0, 360, 0, 0
1.293, 0, 360, 0, 0
1.336, 0, 360, 0, 0
1.363, 0, 360, 0, 0
1.388, 0, 360, 0, 0
1.405, 0, 360, 0, 0
1.43, 0, 360, 0, 0
1.449, 0, 360, 0, 0
1.466, 0, 360, 0, 0
1.483, 0, 360, 0, 0
1.516, 0, 360, 0, 0
1.581, 0, 360, 0, 0
1.634, 0, 360, 0, 0
1.655, 0, 360, 0, 0
1.695, 0, 360, 0, 0
1.725, 0, 360, 0, 0
1.755, 0, 360, 0, 0
1.786, 0, 360, 0, 0
1.825, 0, 360, 0, 0
1.849, 0, 360, 0, 0
1.877, 0, 360, 0, 0
1.911, 0, 360, 0, 0
1.941, 0, 360, 0, 0
1.97, 0, 360, 0, 0
1.999, 0, 360, 0, 0
2.022, 0, 360, 0, 0
2.041, 0, 360, 0, 0
2.058, 0, 360, 0, 0
2.092, 0, 360, 0, 0
2.11, 0, 360, 0, 0
2.145, 0, 360, 0, 0
2.173, 0, 360, 0, 0
2.21, 0, 360, 0, 0
2.253, 0, 360, 0, 0
2.292, 0, 360, 0, 0
2.312, 0, 360, 0, 0
2.338, 0, 360, 0, 0
2.362, 0, 360, 0, 0
2.391, 0, 360, 0, 0
2.419, 0, 360, 0, 0
2.446, 0, 360, 0, 0
2.466, 0, 360, 0, 0
2.488, 0, 360, 0, 0
2.511, 0, 360, 0, 0
2.537, 0, 360, 0, 0
2.553, 0, 360, 0, 0
2.574, 0, 360, 0, 0
2.608, 0, 360, 0, 0
2.626, 0, 360, 0, 0
2.653, 0, 360, 0, 0
2.677, 0, 360, 0, 0
2.695, 0, 360, 0, 0
2.717, 0, 360, 0, 0
2.741, 0, 360, 0, 0
2.77, 0, 360, 0, 0
2.795, 0, 360, 0, 0
2.827, 0, 360, 0, 0
2.847, 0, 360, 0, 0
2.974, 0, 360, 0, 0
3.025, 0, 360, 0, 0
3.075, 0, 360, 0, 0
3.121, 0, 360, 0, 0
3.156, 0, 360, 0, 0
3.185, 0, 360, 0, 0
3.212, 0, 360, 0, 0
3.233, 0, 360, 0, 0
3.259, 0, 360, 0, 0
3.287, 0, 360, 0, 0
3.312, 0, 360, 0, 0
3.332, 0, 360, 0, 0
3.361, 0, 360, 0, 0
3.385, 0, 360, 0, 0
3.406, 0, 360, 0, 0
3.431, 0, 360, 0, 0
3.452, 0, 360, 0, 0
3.476, 0, 360, 0, 0
3.522, 0, 360, 0, 0
3.549, 0, 360, 0, 0
3.569, 0, 360, 0, 0
3.592, 0, 360, 0, 0
3.618, 0, 360, 0, 0
3.651, 0, 360, 0, 0
3.672, 0, 360, 0, 0
3.692, 0, 360, 0, 0
3.727, 0, 360, 0, 0
3.745, 0, 360, 0, 0
3.772, 0, 360, 0, 0
3.799, 0, 360, 0, 0
3.825, 0, 360, 0, 0
3.871, 0, 360, 0, 0
3.908, 0, 360, 0, 0
3.926, 0, 360, 0, 0
3.954, 0, 360, 0, 0
3.978, 0, 360, 0, 0
4.012, 0, 360, 0, 0
4.029, 0, 360, 0, 0
4.062, 0, 360, 0, 0
4.123, 0, 360, 0, 0
4.145, 0, 360, 0, 0
4.17, 0, 360, 0, 0
4.189, 0, 360, 0, 0
4.224, 0, 360, 0, 0
4.243, 0, 360, 0, 0
4.26, 0, 360, 0, 0
4.283, 0, 360, 0, 0
4.31, 0, 360, 0, 0
4.342, 0, 360, 0, 0
4.365, 0, 360, 0, 0
4.392, 0, 360, 0, 0
4.417, 0, 360, 0, 0
4.445, 0, 360, 0, 0
4.468, 0, 360, 0, 0
4.488, 0, 360, 0, 0
4.52, 0, 360, 0, 0
4.539, 0, 360, 0, 0
4.568, 0, 360, 0, 0
4.594, 0, 360, 0, 0
4.618, 0, 360, 0, 0
4.644, 0, 360, 0, 0
4.662, 0, 360, 0, 0
4.693, 0, 360, 0, 0
4.72, 0, 360, 0, 0
4.744, 0, 360, 0, 0
4.77, 0, 360, 0, 0
4.789, 0, 360, 0, 0
4.815, 0, 360, 0, 0
4.844, 0, 360, 0, 0
4.872, 0, 360, 0, 0
4.89, 0, 360, 0, 0
4.916, 0, 360, 0, 0
4.947, 0, 360, 0, 0
4.966, 0, 360, 0, 0
4.996, 0, 360, 0, 0
5.025, 0, 360, 0, 0
5.043, 0, 360, 0, 0
5.077, 0, 360, 0, 0
5.117, 0, 360, 0, 0
5.152, 0, 360, 0, 0
5.179, 0, 360, 0, 0
5.197, 0, 360, 0, 0
5.25, 0, 360, 0, 0
5.276, 0, 360, 0, 0
5.304, 0, 360, 0, 0
5.328, 0, 360, 0, 0
5.353, 0, 360, 0, 0
5.374, 0, 360, 0, 0
5.396, 0, 360, 0, 0
5.422, 0, 360, 0, 0
5.447, 0, 360, 0, 0
5.466, 0, 360, 0, 0
5.495, 0, 360, 0, 0
5.517, 0, 360, 0, 0
5.563, 0, 360, 0, 0
5.583, 0, 360, 0, 0
5.607, 0, 360, 0, 0
5.637, 0, 360, 0, 0
5.663, 0, 360, 0, 0
5.684, 0, 360, 0, 0
5.715, 0, 360, 0, 0
5.736, 0, 360, 0, 0
5.759, 0, 360, 0, 0
5.822, 0, 360, 0, 0
5.843, 0, 360, 0, 0
5.868, 0, 360, 0, 0
5.894, 0, 360, 0, 0
5.923, 0, 360, 0, 0
5.944, 0, 360, 0, 0
5.971, 0, 360, 0, 0
5.994, 0, 360, 0, 0
6.022, 0, 360, 0, 0
6.041, 0, 360, 0, 0
6.068, 0, 360, 0, 0
6.095, 0, 360, 0, 0
6.115, 0, 360, 0, 0
6.146, 0, 360, 0, 0
6.172, 0, 360, 0, 0
6.191, 0, 360, 0, 0
6.218, 0, 360, 0, 0
6.236, 0, 360, 0, 0
6.259, 0, 360, 0, 0
6.29, 0, 360, 0, 0
6.311, 0, 360, 0, 0
6.339, 0, 360, 0, 0
6.371, 0, 360, 0, 0
6.413, 0, 360, 0, 0
6.443, 0, 360, 0, 0
6.463, 0, 360, 0, 0
6.5, 0, 360, 0, 0
6.541, 0, 360, 0, 0
6.563, 0, 360, 0, 0
6.59, 0, 360, 0, 0
6.62, 0, 360, 0, 0
6.652, 0, 360, 0, 0
6.675, 0, 360, 0, 0
6.697, 0, 360, 0, 0
6.755, 0, 360, 0, 0
6.775, 0, 360, 0, 0
6.809, 0, 360, 0, 0
6.836, 0, 360, 0, 0
6.868, 0, 360, 0, 0
6.895, 0, 360, 0, 0
6.921, 0, 360, 0, 0
6.977, 0, 360, 0, 0
6.997, 0, 360, 0, 0
7.029, 0, 360, 0, 0
7.056, 0, 360, 0, 0
7.078, 0, 360, 0, 0
7.105, 0, 360, 0, 0
7.129, 0, 360, 0, 0
7.148, 0, 360, 0, 0
7.175, 0, 360, 0, 0
7.199, 0, 360, 0, 0
7.225, 0, 360, 0, 0
7.25, 0, 360, 0, 0
7.271, 0, 360, 0, 0
7.297, 0, 360, 0, 0
7.765, 0, 360, 0, 0
7.789, 0, 360, 0, 0
7.812, 0, 360, 0, 0
7.837, 0, 360, 0, 0
7.862, 0, 360, 0, 0
7.889, 0, 360, 0, 0
7.915, 0, 360, 0, 0
7.946, 0, 360, 0, 0
7.97, 0, 360, 0, 0
8.019, 0, 360, 0, 0
8.043, 0, 360, 0, 0
8.068, 0, 360, 0, 0
8.098, 0, 360, 0, 0
8.125, 0, 360, 0, 0
8.145, 0, 360, 0, 0
8.172, 0, 360, 0, 0
8.202, 0, 360, 0, 0
8.222, 0, 360, 0, 0
8.246, 0, 360, 0, 0
8.275, 0, 360, 0, 0
8.3, 0, 360, 0, 0
8.331, 0, 360, 0, 0
8.348, 0, 360, 0, 0
8.373, 0, 360, 0, 0
8.398, 0, 360, 0, 0
8.423, 0, 360, 0, 0
8.448, 0, 360, 0, 0
8.476, 0, 360, 0, 0
8.509, 0, 360, 0, 0
8.528, 0, 360, 0, 0
8.556, 0, 360, 0, 0
8.583, 0, 360, 0, 0
8.615, 0, 360, 0, 0
8.644, 0, 360, 0, 0
8.662, 0, 360, 0, 0
8.698, 0, 360, 0, 0
8.717, 0, 360, 0, 0
8.745, 0, 360, 0, 0
8.771, 0, 360, 0, 0
8.799, 0, 360, 0, 0
8.83, 0, 360, 0, 0
8.847, 0, 360, 0, 0
8.872, 0, 360, 0, 0
8.903, 0, 360, 0, 0
8.939, 0, 360, 0, 0
8.966, 0, 360, 0, 0
8.991, 0, 360, 0, 0
9.018, 0, 360, 0, 0
9.052, 0, 360, 0, 0
9.073, 0, 360, 0, 0
9.103, 0, 360, 0, 0
9.124, 0, 360, 0, 0
9.158, 0, 360, 0, 0
9.178, 0, 360, 0, 0
9.211, 0, 360, 0, 0
9.258, 0, 360, 0, 0
9.301, 0, 360, 0, 0
9.324, 0, 360, 0, 0
9.343, 0, 360, 0, 0
9.371, 0, 360, 0, 0
9.405, 0, 360, 0, 0
9.425, 0, 360, 0, 0
9.45, 0, 360, 0, 0
9.486, 0, 360, 0, 0
9.522, 0, 360, 0, 0
9.553, 0, 360, 0, 0
9.575, 0, 360, 0, 0
9.594, 0, 360, 0, 0
9.622, 0, 360, 0, 0
9.65, 0, 360, 0, 0
9.682, 0, 360, 0, 0
9.701, 0, 360, 0, 0
9.731, 0, 360, 0, 0
9.768, 0, 360, 0, 0
9.788, 0, 360, 0, 0
9.82, 0, 360, 0, 0
9.85, 0, 360, 0, 0
9.874, 0, 360, 0, 0
9.895, 0, 360, 0, 0
9.925, 0, 360, 0, 0
9.953, 0, 360, 0, 0
9.984, 0, 360, 0, 0
10.001, 0, 360, 0, 0
10.026, 0, 360, 0, 0
10.064, 0, 360, 0, 0
10.09, 0, 360, 0, 0
10.143, 0, 360, 0, 0
10.198, 0, 360, 0, 0
10.353, 0, 360, 0, 0
10.595, 0, 360, 0, 0
10.955, 0, 360, 0, 0
11.225, 0, 360, 0, 0
11.884, 0, 360, 0, 0
12.221, 0, 360, 0, 0
12.766, 0, 360, 0, 0
13.034, 0, 360, 0, 0
13.269, 0, 360, 0, 0
13.613, 0, 360, 0, 0
13.977, 0, 360, 0, 0
13.994, 0, 360, 0, 0
14.013, 0, 360, 0, 0
14.064, 0, 360, 0, 0
14.087, 0, 360, 0, 0
14.104, 0, 360, 0, 0
14.121, 0, 360, 0, 0
14.187, 0, 360, 0, 0
14.304, 0, 360, 0, 0
14.328, 0, 360, 0, 0
14.345, 0, 360, 0, 0
14.371, 0, 360, 0, 0
14.388, 0, 360, 0, 0
14.442, 0, 360, 0, 0
14.468, 0, 360, 0, 0
14.489, 0, 360, 0, 0
14.525, 0, 360, 0, 0
14.544, 0, 360, 0, 0
