0, 0, 0, 0, 0
2.426, 0, 0, 0, 0
2.44, 0, 0, 0, 0
2.453, 0, 0, 0, 0
2.467, 0, 0, 0, 0
2.48, 0, 0, 0, 0
2.493, 0, 0, 0, 0
2.506, 0, 0, 0, 0
2.519, 0, 0, 0, 0
2.532, 0, 0, 0, 0
2.545, 0, 0, 0, 0
2.558, 0, 0, 0, 0
2.571, 0, 0, 0, 0
2.584, 0, 0, 0, 0
2.597, 0, 0, 0, 0
2.61, 0, 0, 0, 0
2.623, 0, 0, 0, 0
2.636, 0, 0, 0, 0
2.649, 0, 0, 0, 0
2.661, 0, 0, 0, 0
2.674, 0, 0, 0, 0
2.687, 0, 0, 0, 0
2.7, 0, 0, 0, 0
2.713, 0, 0, 0, 0
2.726, 0, 0, 0, 0
2.739, 0, 0, 0, 0
2.752, 0, 0, 0, 0
2.765, 0, 0, 0, 0
2.778, 0, 0, 0, 0
2.79, 0, 0, 0, 0
2.803, 0, 0, 0, 0
2.816, 0, 0, 0, 0
2.829, 0, 0, 0, 0
2.842, 0, 0, 0, 0
2.855, 0, 0, 0, 0
2.868, 0, 0, 0, 0
2.881, 0, 0, 0, 0
2.894, 0, 0, 0, 0
2.907, 0, 0, 0, 0
2.92, 0, 0, 0, 0
2.934, 0, 0, 0, 0
2.947, 0, 0, 0, 0
2.96, 0, 0, 0, 0
2.973, 0, 0, 0, 0
2.985, 0, 0, 0, 0
2.998, 0, 0, 0, 0
3.011, 0, 0, 0, 0
3.024, 0, 0, 0, 0
3.037, 0, 0, 0, 0
3.05, 0, 0, 0, 0
3.062, 0, 0, 0, 0
3.075, 0, 0, 0, 0
3.088, 0, 0, 0, 0
3.1, 0, 0, 0, 0
3.113, 0, 0, 0, 0
3.125, 0, 0, 0, 0
3.138, 0, 0, 0, 0
3.15, 0, 0, 0, 0
3.162, 0, 0, 0, 0
3.176, 0, 0, 0, 0
3.188, 0, 0, 0, 0
3.201, 0, 0, 0, 0
3.213, 0, 0, 0, 0
3.226, 0, 0, 0, 0
3.238, 0, 0, 0, 0
3.25, 0, 0, 0, 0
3.262, 0, 0, 0, 0
3.274, 0, 0, 0, 0
3.287, 0, 0, 0, 0
3.299, 0, 0, 0, 0
3.311, 0, 0, 0, 0
3.324, 0, 0, 0, 0
3.336, 0, 0, 0, 0
3.349, 0, 0, 0, 0
3.361, 0, 0, 0, 0
3.374, 0, 0, 0, 0
3.386, 0, 0, 0, 0
3.399, 0, 0, 0, 0
3.411, 0, 0, 0, 0
3.423, 0, 0, 0, 0
3.436, 0, 0, 0, 0
3.448, 0, 0, 0, 0
3.461, 0, 0, 0, 0
3.473, 0, 0, 0, 0
3.486, 0, 0, 0, 0
3.498, 0, 0, 0, 0
3.511, 0, 0, 0, 0
3.523, 0, 0, 0, 0
3.536, 0, 0, 0, 0
3.549, 0, 0, 0, 0
3.561, 0, 0, 0, 0
3.574, 0, 0, 0, 0
3.587, 0, 0, 0, 0
3.599, 0, 0, 0, 0
3.613, 0, 0, 0, 0
3.626, 0, 0, 0, 0
3.639, 0, 0, 0, 0
3.652, 0, 0, 0, 0
3.665, 0, 0, 0, 0
3.678, 0, 0, 0, 0
3.69, 0, 0, 0, 0
3.703, 0, 0, 0, 0
3.715, 0, 0, 0, 0
3.727, 0, 0, 0, 0
3.74, 0, 0, 0, 0
3.752, 0, 0, 0, 0
3.765, 0, 0, 0, 0
3.777, 0, 0, 0, 0
3.79, 0, 0, 0, 0
3.802, 0, 0, 0, 0
3.814, 0, 0, 0, 0
3.827, 0, 0, 0, 0
3.839, 0, 0, 0, 0
3.852, 0, 0, 0, 0
3.864, 0, 0, 0, 0
3.877, 0, 0, 0, 0
3.889, 0, 0, 0, 0
3.902, 0, 0, 0, 0
3.914, 0, 0, 0, 0
3.927, 0, 0, 0, 0
3.939, 0, 0, 0, 0
3.952, 0, 0, 0, 0
3.964, 0, 0, 0, 0
3.977, 0, 0, 0, 0
3.989, 0, 0, 0, 0
4.002, 0, 0, 0, 0
4.014, 0, 0, 0, 0
4.027, 0, 0, 0, 0
4.039, 0, 0, 0, 0
4.052, 0, 0, 0, 0
4.065, 0, 0, 0, 0
4.078, 0, 0, 0, 0
4.089, 0, 0, 0, 0
4.102, 0, 0, 0, 0
4.114, 0, 0, 0, 0
4.127, 0, 0, 0, 0
4.139, 0, 0, 0, 0
4.153, 0, 0, 0, 0
4.165, 0, 0, 0, 0
4.178, 0, 0, 0, 0
4.191, 0, 0, 0, 0
4.203, 0, 0, 0, 0
4.216, 0, 0, 0, 0
4.229, 0, 0, 0, 0
4.241, 0, 0, 0, 0
4.254, 0, 0, 0, 0
4.267, 0, 0, 0, 0
4.279, 0, 0, 0, 0
4.292, 0, 0, 0, 0
4.305, 0, 0, 0, 0
4.318, 0, 0, 0, 0
4.331, 0, 0, 0, 0
4.344, 0, 0, 0, 0
4.357, 0, 0, 0, 0
4.37, 0, 0, 0, 0
4.383, 0, 0, 0, 0
4.395, 0, 0, 0, 0
4.408, 0, 0, 0, 0
4.421, 0, 0, 0, 0
4.435, 0, 0, 0, 0
4.448, 0, 0, 0, 0
4.461, 0, 0, 0, 0
4.473, 0, 0, 0, 0
4.486, 0, 0, 0, 0
4.5, 0, 0, 0, 0
4.514, 0, 0, 0, 0
4.527, 0, 0, 0, 0
4.539, 0, 0, 0, 0
4.552, 0, 0, 0, 0
4.565, 0, 0, 0, 0
4.578, 0, 0, 0, 0
4.591, 0, 0, 0, 0
4.604, 0, 0, 0, 0
4.617, 0, 0, 0, 0
4.63, 0, 0, 0, 0
4.642, 0, 0, 0, 0
4.655, 0, 0, 0, 0
4.668, 0, 0, 0, 0
4.681, 0, 0, 0, 0
4.694, 0, 0, 0, 0
4.707, 0, 0, 0, 0
4.72, 0, 0, 0, 0
4.733, 0, 0, 0, 0
4.746, 0, 0, 0, 0
4.758, 0, 0, 0, 0
4.771, 0, 0, 0, 0
4.785, 0, 0, 0, 0
4.798, 0, 0, 0, 0
4.811, 0, 0, 0, 0
4.824, 0, 0, 0, 0
4.837, 0, 0, 0, 0
4.85, 0, 0, 0, 0
4.862, 0, 0, 0, 0
4.875, 0, 0, 0, 0
4.887, 0, 0, 0, 0
4.9, 0, 0, 0, 0
4.912, 0, 0, 0, 0
4.925, 0, 0, 0, 0
4.938, 0, 0, 0, 0
4.951, 0, 0, 0, 0
4.964, 0, 0, 0, 0
4.977, 0, 0, 0, 0
4.99, 0, 0, 0, 0
5.002, 0, 0, 0, 0
5.015, 0, 0, 0, 0
5.028, 0, 0, 0, 0
5.04, 0, 0, 0, 0
5.053, 0, 0, 0, 0
5.066, 0, 0, 0, 0
5.08, 0, 0, 0, 0
5.093, 0, 0, 0, 0
5.106, 0, 0, 0, 0
5.118, 0, 0, 0, 0
5.131, 0, 0, 0, 0
5.145, 0, 0, 0, 0
5.158, 0, 0, 0, 0
5.17, 0, 0, 0, 0
5.183, 0, 0, 0, 0
5.196, 0, 0, 0, 0
5.209, 0, 0, 0, 0
5.222, 0, 0, 0, 0
5.235, 0, 0, 0, 0
5.248, 0, 0, 0, 0
5.261, 0, 0, 0, 0
5.274, 0, 0, 0, 0
5.286, 0, 0, 0, 0
5.299, 0, 0, 0, 0
5.312, 0, 0, 0, 0
5.325, 0, 0, 0, 0
5.338, 0, 0, 0, 0
5.352, 0, 0, 0, 0
5.364, 0, 0, 0, 0
5.378, 0, 0, 0, 0
5.391, 0, 0, 0, 0
5.404, 0, 0, 0, 0
5.417, 0, 0, 0, 0
5.43, 0, 0, 0, 0
5.442, 0, 0, 0, 0
5.456, 0, 0, 0, 0
5.469, 0, 0, 0, 0
5.482, 0, 0, 0, 0
5.495, 0, 0, 0, 0
5.508, 0, 0, 0, 0
5.521, 0, 0, 0, 0
5.534, 0, 0, 0, 0
5.547, 0, 0, 0, 0
5.56, 0, 0, 0, 0
5.572, 0, 0, 0, 0
5.585, 0, 0, 0, 0
5.598, 0, 0, 0, 0
5.611, 0, 0, 0, 0
5.624, 0, 0, 0, 0
5.637, 0, 0, 0, 0
5.65, 0, 0, 0, 0
5.663, 0, 0, 0, 0
5.676, 0, 0, 0, 0
5.689, 0, 0, 0, 0
5.702, 0, 0, 0, 0
5.715, 0, 0, 0, 0
5.728, 0, 0, 0, 0
5.74, 0, 0, 0, 0
5.753, 0, 0, 0, 0
5.766, 0, 0, 0, 0
5.779, 0, 0, 0, 0
5.792, 0, 0, 0, 0
5.805, 0, 0, 0, 0
5.817, 0, 0, 0, 0
5.83, 0, 0, 0, 0
5.843, 0, 0, 0, 0
5.856, 0, 0, 0, 0
5.869, 0, 0, 0, 0
5.882, 0, 0, 0, 0
5.894, 0, 0, 0, 0
5.907, 0, 0, 0, 0
5.92, 0, 0, 0, 0
5.933, 0, 0, 0, 0
5.946, 0, 0, 0, 0
5.959, 0, 0, 0, 0
5.971, 0, 0, 0, 0
5.984, 0, 0, 0, 0
5.998, 0, 0, 0, 0
6.011, 0, 0, 0, 0
6.023, 0, 0, 0, 0
6.036, 0, 0, 0, 0
6.049, 0, 0, 0, 0
6.062, 0, 0, 0, 0
6.075, 0, 0, 0, 0
6.088, 0, 0, 0, 0
6.101, 0, 0, 0, 0
6.113, 0, 0, 0, 0
6.127, 0, 0, 0, 0
6.139, 0, 0, 0, 0
6.152, 0, 0, 0, 0
6.165, 0, 0, 0, 0
6.178, 0, 0, 0, 0
6.191, 0, 0, 0, 0
6.203, 0, 0, 0, 0
6.216, 0, 0, 0, 0
6.23, 0, 0, 0, 0
6.243, 0, 0, 0, 0
6.256, 0, 0, 0, 0
6.268, 0, 0, 0, 0
6.282, 0, 0, 0, 0
6.295, 0, 0, 0, 0
6.308, 0, 0, 0, 0
6.321, 0, 0, 0, 0
6.334, 0, 0, 0, 0
6.347, 0, 0, 0, 0
6.36, 0, 0, 0, 0
6.372, 0, 0, 0, 0
6.385, 0, 0, 0, 0
6.398, 0, 0, 0, 0
6.412, 0, 0, 0, 0
6.425, 0, 0, 0, 0
6.438, 0, 0, 0, 0
6.451, 0, 0, 0, 0
6.464, 0, 0, 0, 0
6.477, 0, 0, 0, 0
6.49, 0, 0, 0, 0
6.503, 0, 0, 0, 0
6.515, 0, 0, 0, 0
6.529, 0, 0, 0, 0
6.542, 0, 0, 0, 0
6.555, 0, 0, 0, 0
6.567, 0, 0, 0, 0
6.58, 0, 0, 0, 0
6.593, 0, 0, 0, 0
6.606, 0, 0, 0, 0
6.619, 0, 0, 0, 0
6.632, 0, 0, 0, 0
6.645, 0, 0, 0, 0
6.658, 0, 0, 0, 0
6.67, 0, 0, 0, 0
6.684, 0, 0, 0, 0
6.697, 0, 0, 0, 0
6.71, 0, 0, 0, 0
6.722, 0, 0, 0, 0
6.735, 0, 0, 0, 0
6.748, 0, 0, 0, 0
6.761, 0, 0, 0, 0
6.774, 0, 0, 0, 0
6.787, 0, 0, 0, 0
6.799, 0, 0, 0, 0
6.812, 0, 0, 0, 0
6.825, 0, 0, 0, 0
6.838, 0, 0, 0, 0
6.851, 0, 0, 0, 0
6.864, 0, 0, 0, 0
6.878, 0, 0, 0, 0
6.891, 0, 0, 0, 0
6.904, 0, 0, 0, 0
6.917, 0, 0, 0, 0
6.93, 0, 0, 0, 0
6.943, 0, 0, 0, 0
6.956, 0, 0, 0, 0
6.97, 0, 0, 0, 0
6.982, 0, 0, 0, 0
6.995, 0, 0, 0, 0
7.009, 0, 0, 0, 0
7.021, 0, 0, 0, 0
7.034, 0, 0, 0, 0
7.047, 0, 0, 0, 0
7.06, 0, 0, 0, 0
7.073, 0, 0, 0, 0
7.086, 0, 0, 0, 0
7.099, 0, 0, 0, 0
7.111, 0, 0, 0, 0
7.124, 0, 0, 0, 0
7.137, 0, 0, 0, 0
7.15, 0, 0, 0, 0
7.163, 0, 0, 0, 0
7.176, 0, 0, 0, 0
7.188, 0, 0, 0, 0
7.201, 0, 0, 0, 0
7.214, 0, 0, 0, 0
7.227, 0, 0, 0, 0
7.24, 0, 0, 0, 0
7.253, 0, 0, 0, 0
7.266, 0, 0, 0, 0
7.279, 0, 0, 0, 0
7.292, 0, 0, 0, 0
7.305, 0, 0, 0, 0
7.317, 0, 0, 0, 0
7.33, 0, 0, 0, 0
7.343, 0, 0, 0, 0
7.356, 0, 0, 0, 0
7.369, 0, 0, 0, 0
7.382, 0, 0, 0, 0
7.395, 0, 0, 0, 0
7.408, 0, 0, 0, 0
7.421, 0, 0, 0, 0
7.434, 0, 0, 0, 0
7.447, 0, 0, 0, 0
7.46, 0, 0, 0, 0
7.473, 0, 0, 0, 0
7.486, 0, 0, 0, 0
7.499, 0, 0, 0, 0
7.512, 0, 0, 0, 0
7.525, 0, 0, 0, 0
7.538, 0, 0, 0, 0
7.551, 0, 0, 0, 0
7.564, 0, 0, 0, 0
7.583, 0, 0, 0, 0
7.595, 0, 0, 0, 0
7.609, 0, 0, 0, 0
7.621, 0, 0, 0, 0
7.633, 0, 0, 0, 0
7.646, 0, 0, 0, 0
7.659, 0, 0, 0, 0
7.672, 0, 0, 0, 0
7.685, 0, 0, 0, 0
7.698, 0, 0, 0, 0
7.711, 0, 0, 0, 0
7.724, 0, 0, 0, 0
7.737, 0, 0, 0, 0
7.75, 0, 0, 0, 0
7.762, 0, 0, 0, 0
7.775, 0, 0, 0, 0
7.788, 0, 0, 0, 0
7.8, 0, 0, 0, 0
7.813, 0, 0, 0, 0
7.826, 0, 0, 0, 0
7.838, 0, 0, 0, 0
7.851, 0, 0, 0, 0
7.864, 0, 0, 0, 0
7.876, 0, 0, 0, 0
7.889, 0, 0, 0, 0
7.902, 0, 0, 0, 0
7.914, 0, 0, 0, 0
7.927, 0, 0, 0, 0
7.94, 0, 0, 0, 0
7.953, 0, 0, 0, 0
7.966, 0, 0, 0, 0
7.979, 0, 0, 0, 0
7.992, 0, 0, 0, 0
8.005, 0, 0, 0, 0
8.018, 0, 0, 0, 0
8.031, 0, 0, 0, 0
8.044, 0, 0, 0, 0
8.057, 0, 0, 0, 0
8.07, 0, 0, 0, 0
8.083, 0, 0, 0, 0
8.096, 0, 0, 0, 0
8.109, 0, 0, 0, 0
8.122, 0, 0, 0, 0
8.134, 0, 0, 0, 0
8.147, 0, 0, 0, 0
8.16, 0, 0, 0, 0
8.173, 0, 0, 0, 0
8.186, 0, 0, 0, 0
8.199, 0, 0, 0, 0
8.212, 0, 0, 0, 0
8.225, 0, 0, 0, 0
8.237, 0, 0, 0, 0
8.25, 0, 0, 0, 0
8.263, 0, 0, 0, 0
8.276, 0, 0, 0, 0
8.289, 0, 0, 0, 0
8.302, 0, 0, 0, 0
8.315, 0, 0, 0, 0
8.328, 0, 0, 0, 0
8.342, 0, 0, 0, 0
8.354, 0, 0, 0, 0
8.368, 0, 0, 0, 0
8.381, 0, 0, 0, 0
8.394, 0, 0, 0, 0
8.406, 0, 0, 0, 0
8.419, 0, 0, 0, 0
8.432, 0, 0, 0, 0
8.445, 0, 0, 0, 0
8.458, 0, 0, 0, 0
8.47, 0, 0, 0, 0
8.483, 0, 0, 0, 0
8.496, 0, 0, 0, 0
8.509, 0, 0, 0, 0
8.521, 0, 0, 0, 0
8.534, 0, 0, 0, 0
8.547, 0, 0, 0, 0
8.56, 0, 0, 0, 0
8.573, 0, 0, 0, 0
8.586, 0, 0, 0, 0
8.599, 0, 0, 0, 0
8.611, 0, 0, 0, 0
8.624, 0, 0, 0, 0
8.638, 0, 0, 0, 0
8.651, 0, 0, 0, 0
8.664, 0, 0, 0, 0
8.677, 0, 0, 0, 0
8.69, 0, 0, 0, 0
8.703, 0, 0, 0, 0
8.716, 0, 0, 0, 0
8.728, 0, 0, 0, 0
8.741, 0, 0, 0, 0
8.754, 0, 0, 0, 0
8.767, 0, 0, 0, 0
8.78, 0, 0, 0, 0
8.793, 0, 0, 0, 0
8.806, 0, 0, 0, 0
8.819, 0, 0, 0, 0
8.832, 0, 0, 0, 0
8.845, 0, 0, 0, 0
8.858, 0, 0, 0, 0
8.871, 0, 0, 0, 0
8.884, 0, 0, 0, 0
8.898, 0, 0, 0, 0
8.911, 0, 0, 0, 0
8.924, 0, 0, 0, 0
8.937, 0, 0, 0, 0
8.95, 0, 0, 0, 0
8.962, 0, 0, 0, 0
8.975, 0, 0, 0, 0
8.988, 0, 0, 0, 0
9.001, 0, 0, 0, 0
9.014, 0, 0, 0, 0
9.026, 0, 0, 0, 0
9.039, 0, 0, 0, 0
9.052, 0, 0, 0, 0
9.065, 0, 0, 0, 0
9.078, 0, 0, 0, 0
9.091, 0, 0, 0, 0
9.103, 0, 0, 0, 0
9.116, 0, 0, 0, 0
9.129, 0, 0, 0, 0
9.142, 0, 0, 0, 0
9.155, 0, 0, 0, 0
9.168, 0, 0, 0, 0
9.181, 0, 0, 0, 0
9.194, 0, 0, 0, 0
9.207, 0, 0, 0, 0
9.22, 0, 0, 0, 0
9.234, 0, 0, 0, 0
9.247, 0, 0, 0, 0
9.259, 0, 0, 0, 0
9.271, 0, 0, 0, 0
9.284, 0, 0, 0, 0
9.297, 0, 0, 0, 0
9.31, 0, 0, 0, 0
9.323, 0, 0, 0, 0
9.336, 0, 0, 0, 0
9.349, 0, 0, 0, 0
9.362, 0, 0, 0, 0
9.375, 0, 0, 0, 0
9.387, 0, 0, 0, 0
9.4, 0, 0, 0, 0
9.413, 0, 0, 0, 0
9.426, 0, 0, 0, 0
9.439, 0, 0, 0, 0
9.451, 0, 0, 0, 0
9.465, 0, 0, 0, 0
9.477, 0, 0, 0, 0
9.49, 0, 0, 0, 0
9.503, 0, 0, 0, 0
9.515, 0, 0, 0, 0
9.528, 0, 0, 0, 0
9.541, 0, 0, 0, 0
9.554, 0, 0, 0, 0
9.567, 0, 0, 0, 0
9.58, 0, 0, 0, 0
9.593, 0, 0, 0, 0
9.605, 0, 0, 0, 0
9.618, 0, 0, 0, 0
9.631, 0, 0, 0, 0
9.644, 0, 0, 0, 0
9.657, 0, 0, 0, 0
9.67, 0, 0, 0, 0
9.682, 0, 0, 0, 0
9.695, 0, 0, 0, 0
9.708, 0, 0, 0, 0
9.722, 0, 0, 0, 0
9.735, 0, 0, 0, 0
9.748, 0, 0, 0, 0
9.761, 0, 0, 0, 0
9.774, 0, 0, 0, 0
9.786, 0, 0, 0, 0
9.799, 0, 0, 0, 0
9.813, 0, 0, 0, 0
9.825, 0, 0, 0, 0
9.839, 0, 0, 0, 0
9.852, 0, 0, 0, 0
9.865, 0, 0, 0, 0
9.878, 0, 0, 0, 0
9.891, 0, 0, 0, 0
9.904, 0, 0, 0, 0
9.917, 0, 0, 0, 0
9.93, 0, 0, 0, 0
9.943, 0, 0, 0, 0
9.956, 0, 0, 0, 0
9.969, 0, 0, 0, 0
9.982, 0, 0, 0, 0
9.995, 0, 0, 0, 0
10.008, 0, 0, 0, 0
10.022, 0, 0, 0, 0
10.036, 0, 0, 0, 0
10.049, 0, 0, 0, 0
10.062, 0, 0, 0, 0
10.075, 0, 0, 0, 0
10.088, 0, 0, 0, 0
10.102, 0, 0, 0, 0
10.115, 0, 0, 0, 0
10.128, 0, 0, 0, 0
10.141, 0, 0, 0, 0
10.154, 0, 0, 0, 0
10.166, 0, 0, 0, 0
10.18, 0, 0, 0, 0
10.194, 0, 0, 0, 0
10.206, 0, 0, 0, 0
10.22, 0, 0, 0, 0
10.232, 0, 0, 0, 0
10.245, 0, 0, 0, 0
10.258, 0, 0, 0, 0
10.271, 0, 0, 0, 0
10.284, 0, 0, 0, 0
10.297, 0, 0, 0, 0
10.31, 0, 0, 0, 0
10.323, 0, 0, 0, 0
10.336, 0, 0, 0, 0
10.349, 0, 0, 0, 0
10.362, 0, 0, 0, 0
10.375, 0, 0, 0, 0
10.388, 0, 0, 0, 0
10.401, 0, 0, 0, 0
10.414, 0, 0, 0, 0
10.426, 0, 0, 0, 0
10.439, 0, 0, 0, 0
10.452, 0, 0, 0, 0
10.465, 0, 0, 0, 0
10.478, 0, 0, 0, 0
10.491, 0, 0, 0, 0
10.504, 0, 0, 0, 0
10.517, 0, 0, 0, 0
10.529, 0, 0, 0, 0
10.542, 0, 0, 0, 0
10.555, 0, 0, 0, 0
10.568, 0, 0, 0, 0
10.581, 0, 0, 0, 0
10.594, 0, 0, 0, 0
10.607, 0, 0, 0, 0
10.619, 0, 0, 0, 0
10.632, 0, 0, 0, 0
10.645, 0, 0, 0, 0
10.658, 0, 0, 0, 0
10.672, 0, 0, 0, 0
10.685, 0, 0, 0, 0
10.697, 0, 0, 0, 0
10.71, 0, 0, 0, 0
10.723, 0, 0, 0, 0
10.736, 0, 0, 0, 0
10.749, 0, 0, 0, 0
10.762, 0, 0, 0, 0
10.775, 0, 0, 0, 0
10.788, 0, 0, 0, 0
10.8, 0, 0, 0, 0
10.814, 0, 0, 0, 0
10.826, 0, 0, 0, 0
10.839, 0, 0, 0, 0
10.852, 0, 0, 0, 0
10.865, 0, 0, 0, 0
10.878, 0, 0, 0, 0
10.891, 0, 0, 0, 0
10.904, 0, 0, 0, 0
10.917, 0, 0, 0, 0
10.93, 0, 0, 0, 0
10.943, 0, 0, 0, 0
10.956, 0, 0, 0, 0
10.969, 0, 0, 0, 0
10.982, 0, 0, 0, 0
10.995, 0, 0, 0, 0
11.008, 0, 0, 0, 0
11.022, 0, 0, 0, 0
11.035, 0, 0, 0, 0
11.048, 0, 0, 0, 0
11.061, 0, 0, 0, 0
11.074, 0, 0, 0, 0
11.087, 0, 0, 0, 0
11.1, 0, 0, 0, 0
11.113, 0, 0, 0, 0
11.126, 0, 0, 0, 0
11.139, 0, 0, 0, 0
11.152, 0, 0, 0, 0
11.165, 0, 0, 0, 0
11.178, 0, 0, 0, 0
11.192, 0, 0, 0, 0
11.204, 0, 0, 0, 0
11.217, 0, 0, 0, 0
11.23, 0, 0, 0, 0
11.243, 0, 0, 0, 0
11.255, 0, 0, 0, 0
11.268, 0, 0, 0, 0
11.281, 0, 0, 0, 0
11.294, 0, 0, 0, 0
11.307, 0, 0, 0, 0
11.32, 0, 0, 0, 0
11.333, 0, 0, 0, 0
11.346, 0, 0, 0, 0
11.359, 0, 0, 0, 0
11.371, 0, 0, 0, 0
11.384, 0, 0, 0, 0
11.397, 0, 0, 0, 0
11.41, 0, 0, 0, 0
11.423, 0, 0, 0, 0
11.436, 0, 0, 0, 0
11.448, 0, 0, 0, 0
11.462, 0, 0, 0, 0
11.475, 0, 0, 0, 0
11.488, 0, 0, 0, 0
11.5, 0, 0, 0, 0
11.513, 0, 0, 0, 0
11.526, 0, 0, 0, 0
11.539, 0, 0, 0, 0
11.552, 0, 0, 0, 0
11.565, 0, 0, 0, 0
11.579, 0, 0, 0, 0
11.592, 0, 0, 0, 0
11.604, 0, 0, 0, 0
11.618, 0, 0, 0, 0
11.63, 0, 0, 0, 0
11.643, 0, 0, 0, 0
11.655, 0, 0, 0, 0
11.668, 0, 0, 0, 0
11.68, 0, 0, 0, 0
11.693, 0, 0, 0, 0
11.705, 0, 0, 0, 0
11.718, 0, 0, 0, 0
11.731, 0, 0, 0, 0
11.743, 0, 0, 0, 0
11.756, 0, 0, 0, 0
11.769, 0, 0, 0, 0
11.781, 0, 0, 0, 0
11.794, 0, 0, 0, 0
11.806, 0, 0, 0, 0
11.819, 0, 0, 0, 0
11.832, 0, 0, 0, 0
11.846, 0, 0, 0, 0
11.859, 0, 0, 0, 0
11.871, 0, 0, 0, 0
11.884, 0, 0, 0, 0
11.896, 0, 0, 0, 0
11.908, 0, 0, 0, 0
11.921, 0, 0, 0, 0
11.933, 0, 0, 0, 0
11.946, 0, 0, 0, 0
11.964, 0, 0, 0, 0
11.976, 0, 0, 0, 0
11.989, 0, 0, 0, 0
12.002, 0, 0, 0, 0
12.014, 0, 0, 0, 0
12.027, 0, 0, 0, 0
12.04, 0, 0, 0, 0
12.053, 0, 0, 0, 0
12.066, 0, 0, 0, 0
12.079, 0, 0, 0, 0
12.091, 0, 0, 0, 0
12.104, 0, 0, 0, 0
12.117, 0, 0, 0, 0
12.13, 0, 0, 0, 0
12.143, 0, 0, 0, 0
12.156, 0, 0, 0, 0
12.169, 0, 0, 0, 0
12.182, 0, 0, 0, 0
12.195, 0, 0, 0, 0
12.208, 0, 0, 0, 0
12.222, 0, 0, 0, 0
12.234, 0, 0, 0, 0
12.248, 0, 0, 0, 0
12.261, 0, 0, 0, 0
12.274, 0, 0, 0, 0
12.287, 0, 0, 0, 0
12.3, 0, 0, 0, 0
12.313, 0, 0, 0, 0
12.326, 0, 0, 0, 0
12.339, 0, 0, 0, 0
12.352, 0, 0, 0, 0
12.365, 0, 0, 0, 0
12.378, 0, 0, 0, 0
12.391, 0, 0, 0, 0
12.404, 0, 0, 0, 0
12.417, 0, 0, 0, 0
12.43, 0, 0, 0, 0
12.443, 0, 0, 0, 0
12.456, 0, 0, 0, 0
12.468, 0, 0, 0, 0
12.481, 0, 0, 0, 0
12.494, 0, 0, 0, 0
12.507, 0, 0, 0, 0
12.519, 0, 0, 0, 0
12.532, 0, 0, 0, 0
12.545, 0, 0, 0, 0
12.558, 0, 0, 0, 0
12.571, 0, 0, 0, 0
12.589, 0, 0, 0, 0
12.603, 0, 0, 0, 0
12.616, 0, 0, 0, 0
12.629, 0, 0, 0, 0
12.642, 0, 0, 0, 0
12.655, 0, 0, 0, 0
12.668, 0, 0, 0, 0
12.681, 0, 0, 0, 0
12.694, 0, 0, 0, 0
12.706, 0, 0, 0, 0
12.719, 0, 0, 0, 0
12.732, 0, 0, 0, 0
12.745, 0, 0, 0, 0
12.758, 0, 0, 0, 0
12.771, 0, 0, 0, 0
12.784, 0, 0, 0, 0
12.797, 0, 0, 0, 0
12.81, 0, 0, 0, 0
12.822, 0, 0, 0, 0
12.836, 0, 0, 0, 0
12.849, 0, 0, 0, 0
12.862, 0, 0, 0, 0
12.875, 0, 0, 0, 0
12.888, 0, 0, 0, 0
12.901, 0, 0, 0, 0
12.914, 0, 0, 0, 0
12.927, 0, 0, 0, 0
12.94, 0, 0, 0, 0
12.953, 0, 0, 0, 0
12.966, 0, 0, 0, 0
12.979, 0, 0, 0, 0
12.992, 0, 0, 0, 0
13.005, 0, 0, 0, 0
13.018, 0, 0, 0, 0
13.032, 0, 0, 0, 0
13.044, 0, 0, 0, 0
13.057, 0, 0, 0, 0
13.07, 0, 0, 0, 0
13.083, 0, 0, 0, 0
13.096, 0, 0, 0, 0
13.109, 0, 0, 0, 0
13.122, 0, 0, 0, 0
13.135, 0, 0, 0, 0
13.147, 0, 0, 0, 0
13.16, 0, 0, 0, 0
13.173, 0, 0, 0, 0
13.186, 0, 0, 0, 0
13.199, 0, 0, 0, 0
13.212, 0, 0, 0, 0
13.225, 0, 0, 0, 0
13.238, 0, 0, 0, 0
13.251, 0, 0, 0, 0
13.264, 0, 0, 0, 0
13.277, 0, 0, 0, 0
13.29, 0, 0, 0, 0
13.303, 0, 0, 0, 0
13.316, 0, 0, 0, 0
13.328, 0, 0, 0, 0
13.341, 0, 0, 0, 0
13.354, 0, 0, 0, 0
13.367, 0, 0, 0, 0
13.381, 0, 0, 0, 0
13.394, 0, 0, 0, 0
13.407, 0, 0, 0, 0
13.42, 0, 0, 0, 0
13.433, 0, 0, 0, 0
13.446, 0, 0, 0, 0
13.459, 0, 0, 0, 0
13.471, 0, 0, 0, 0
13.484, 0, 0, 0, 0
13.498, 0, 0, 0, 0
13.51, 0, 0, 0, 0
13.523, 0, 0, 0, 0
13.536, 0, 0, 0, 0
13.549, 0, 0, 0, 0
13.562, 0, 0, 0, 0
13.574, 0, 0, 0, 0
13.587, 0, 0, 0, 0
13.6, 0, 0, 0, 0
13.613, 0, 0, 0, 0
13.625, 0, 0, 0, 0
13.638, 0, 0, 0, 0
13.651, 0, 0, 0, 0
13.663, 0, 0, 0, 0
13.676, 0, 0, 0, 0
13.689, 0, 0, 0, 0
13.702, 0, 0, 0, 0
13.714, 0, 0, 0, 0
13.727, 0, 0, 0, 0
13.74, 0, 0, 0, 0
13.753, 0, 0, 0, 0
13.766, 0, 0, 0, 0
13.777, 0, 0, 0, 0
13.791, 0, 0, 0, 0
13.803, 0, 0, 0, 0
13.816, 0, 0, 0, 0
13.829, 0, 0, 0, 0
13.842, 0, 0, 0, 0
13.855, 0, 0, 0, 0
13.867, 0, 0, 0, 0
13.881, 0, 0, 0, 0
13.893, 0, 0, 0, 0
13.906, 0, 0, 0, 0
13.919, 0, 0, 0, 0
13.932, 0, 0, 0, 0
13.945, 0, 0, 0, 0
13.958, 0, 0, 0, 0
13.971, 0, 0, 0, 0
13.984, 0, 0, 0, 0
13.997, 0, 0, 0, 0
14.009, 0, 0, 0, 0
14.022, 0, 0, 0, 0
14.035, 0, 0, 0, 0
14.048, 0, 0, 0, 0
14.061, 0, 0, 0, 0
14.074, 0, 0, 0, 0
14.087, 0, 0, 0, 0
14.1, 0, 0, 0, 0
14.113, 0, 0, 0, 0
14.126, 0, 0, 0, 0
14.139, 0, 0, 0, 0
14.152, 0, 0, 0, 0
14.165, 0, 0, 0, 0
14.178, 0, 0, 0, 0
14.191, 0, 0, 0, 0
14.204, 0, 0, 0, 0
14.216, 0, 0, 0, 0
14.229, 0, 0, 0, 0
14.243, 0, 0, 0, 0
14.255, 0, 0, 0, 0
14.268, 0, 0, 0, 0
14.281, 0, 0, 0, 0
14.294, 0, 0, 0, 0
14.307, 0, 0, 0, 0
14.319, 0, 0, 0, 0
14.332, 0, 0, 0, 0
14.346, 0, 0, 0, 0
14.358, 0, 0, 0, 0
14.371, 0, 0, 0, 0
14.384, 0, 0, 0, 0
14.397, 0, 0, 0, 0
14.41, 0, 0, 0, 0
14.423, 0, 0, 0, 0
14.436, 0, 0, 0, 0
14.449, 0, 0, 0, 0
14.463, 0, 0, 0, 0
14.475, 0, 0, 0, 0
14.488, 0, 0, 0, 0
14.502, 0, 0, 0, 0
14.515, 0, 0, 0, 0
14.527, 0, 0, 0, 0
14.541, 0, 0, 0, 0
14.555, 1, -10, 0.136778, 0
14.566, 1, -10, 0.615502, 1.5138
14.578, 1, -10, 1.231, 0
14.59, 1, -10, 2.05167, 110.305
14.601, 1, -10, 2.80395, 0
14.612, 1, -10, 3.62462, 0
14.624, 1, -10, 4.71884, 59.8853
14.636, 1, -10, 5.74468, 60.361
14.649, 1, -10, 6.70213, 125.369
14.66, 1, -10, 7.65957, 0
14.671, 1, -10, 8.68541, 58.7031
14.684, 1, -10, 9.71125, 0
14.695, 1, -10, 10.7371, 0
14.706, 1, -10, 11.8313, 60.5213
14.719, 1, -10, 12.9939, 132.153
14.731, 1, -10, 14.2249, 0
14.744, 1, -10, 15.4559, 0
14.755, 1, -10, 16.6869, 0
14.766, 1, -10, 17.7812, 182371
14.779, 1, -10, 18.6702, 0
14.789, 1, -10, 19.7644, 0
14.799, 1, -10, 20.7903, 0
14.81, 1, -10, 21.8845, 0
14.82, 1, -10, 22.8419, 0
14.83, 1, -10, 23.7994, 0
14.841, 1, -10, 24.6884, 0
14.851, 1, -10, 25.9195, 0
14.861, 1, -10, 26.6033, 0
14.871, 1, -10, 27.5608, 0
14.882, 1, -10, 28.4498, 0
14.892, 1, -10, 29.6809, 0
14.902, 1, -10, 30.5699, 0
14.912, 1, -10, 31.5274, 2973.44
14.923, 1, -10, 32.5532, 0
14.933, 1, -10, 33.3739, 0
14.943, 1, -10, 34.4681, 0
14.953, 1, -10, 35.0836, 0
14.963, 1, -10, 35.9726, 0
14.974, 1, -10, 36.8617, 0
14.984, 1, -10, 37.7508, 0
14.994, 1, -10, 0, 1.84325e+06
15.004, 1, -10, 39.3921, 0
15.015, 1, -10, 40.2128, 4884.93
15.026, 1, -10, 41.3754, 0
15.037, 1, -10, 0, 0
15.047, 1, -10, 42.6748, 9325.78
15.057, 1, -10, 43.3587, 11398.2
15.067, 1, -10, 44.1109, 10798.3
15.077, 1, -10, 44.7264, 9325.78
15.088, 1, -10, 45.3419, 8206.69
15.098, 1, -10, 46.0258, -6.83891e+06
15.108, 1, -10, 46.7097, 0
15.118, 1, -10, 47.1884, 0
15.128, 1, -10, 47.6672, 0
15.139, 1, -10, 48.0091, 0
15.149, 1, -10, 48.3511, 0
15.159, 1, -10, 48.7614, 0
15.169, 1, -10, 49.1033, 0
15.18, 1, -10, 49.5137, 0
15.191, 1, -10, 49.7872, 0
15.201, 1, -10, 50.1292, 0
15.211, 1, -10, 50.4027, 0
15.221, 1, -10, 50.7447, 0
15.232, 1, -10, 51.0182, 0
15.242, 1, -10, 51.3602, 0
15.252, 1, -10, 51.6337, 0
15.262, 1, -10, 51.9757, 2973.44
15.273, 1, -10, 52.3176, 0
15.283, 1, -10, 52.6596, 31.7589
15.293, 1, -10, 52.8647, 0
15.303, 1, -10, 52.9331, 0
15.314, 1, -10, 53.0015, 0
15.324, 1, -10, 53.0015, 0
15.334, 1, -10, 53.0699, 0
15.345, 1, -10, 53.0699, 0
15.355, 1, -10, 53.0699, 0
15.366, 1, -10, 53.0699, 0
15.376, 1, -10, 53.0699, 0
15.386, 1, -10, 53.0699, 0
15.398, 1, -10, 53.0699, 0
15.408, 1, -10, 53.0699, 0
15.418, 1, -10, 53.0699, 0
15.429, 1, -10, 53.0699, 0
15.439, 1, -10, 53.0699, 0
15.449, 1, -10, 53.0699, 0
