0, 0, 0, 0, 0
0.012, 1, 360, 0.136778, 325.662
0.025, 1, 360, 0.615502, 0
0.038, 1, 360, 1.64134, 0
0.05, 1, 360, 2.46201, 48.4685
0.063, 1, 360, 3.35106, 125.369
0.075, 1, 360, 4.17173, 186.516
0.087, 1, 360, 5.12918, 233.41
0.1, 1, 360, 6.01824, -1.91489e+06
0.111, 1, 360, 7.18085, 0
0.124, 1, 360, 8.06991, 118.525
0.136, 1, 360, 9.09574, 59.109
0.149, 1, 360, 10.1216, 0
0.162, 1, 360, 10.7371, 71.9885
0.174, 1, 360, 12.1049, 56.241
0.189, 1, 360, 13.2675, 2.70137e+07
0.202, 1, 360, 14.0198, 165.993
0.215, 1, 360, 15.114, 60.3078
0.227, 1, 360, 16.0714, 125.6
0.239, 1, 360, 16.9605, 186.855
0.252, 1, 360, 17.9179, 182.696
0.264, 1, 360, 18.8754, 115.133
0.277, 1, 360, 19.8328, 0
0.29, 1, 360, 20.8587, 170.83
0.303, 1, 360, 21.8845, 119.666
0.315, 1, 360, 22.9103, 116.209
0.328, 1, 360, 23.0471, 58.804
0.342, 1, 360, 25.1672, 116.705
0.357, 1, 360, 4.85562, 8521.58
0.372, 1, 360, 27.424, 163.61
0.386, 1, 360, 28.655, 51.0366
0.402, 1, 360, 29.8176, 79.2457
0.417, 1, 360, 31.5274, 77.5093
0.442, 1, 360, 33.5106, 89.2225
0.466, 1, 360, 35.5623, 82.7525
0.498, 1, 360, 38.0927, 73.6819
0.524, 1, 360, 6.08663, 13538.1
0.547, 1, 360, 40.5547, -5498.31
0.559, 1, 360, 42.4696, -152221
0.574, 1, 360, 43.5638, 169.52
0.593, 1, 360, 45.0684, -3419.45
0.607, 1, 360, 46.1626, 66.4986
0.629, 1, 360, 48.4195, 89.2808
0.65, 1, 360, 49.5821, 93.8122
0.666, 1, 360, 50.7447, 94.9189
0.68, 1, 360, 51.9073, 95.783
0.696, 1, 360, 53.1383, 4846.47
0.711, 1, 360, 54.3009, 87.0828
0.726, 1, 360, 55.6003, 30.1008
0.741, 1, 360, 56.6945, 110.841
0.755, 1, 360, 57.7888, 87.5287
0.77, 1, 360, 59.0198, 58.5774
0.785, 1, 360, 60.1824, 58.253
0.8, 1, 360, 61.345, 0
0.815, 1, 360, 62.5076, -6.8617e+06
0.828, 1, 360, 63.6018, 0
0.843, 1, 360, 64.7644, 97.6987
0.858, 1, 360, 65.9271, 0
0.871, 1, 360, 67.0213, 0
0.886, 1, 360, 68.1839, 122.781
0.899, 1, 360, 69.2097, 61.723
0.914, 1, 360, 70.3723, 40.4191
0.927, 1, 360, 71.535, 94.0271
0.943, 1, 360, 72.6292, 79.1771
0.957, 1, 360, 73.7234, 123.557
0.97, 1, 360, 74.8176, 322.59
0.985, 1, 360, 75.9802, 181.725
0.998, 1, 360, 77.4164, 62.3703
1.017, 1, 360, 78.921, -51.7185
1.039, 1, 360, 80.4255, 61.4733
1.054, 1, 360, 81.5198, 33.4257
1.068, 1, 360, 82.6824, 90.9832
1.083, 1, 360, 83.845, 25.2731
1.097, 1, 360, 85.3495, 85.2554
1.122, 1, 360, 87.4012, 73.1121
1.145, 1, 360, 88.9058, 62.2851
1.16, 1, 360, 90.4787, inf
1.182, 1, 360, 91.8465, 309.453
1.196, 1, 360, 93.0091, 86.2409
1.211, 1, 360, 94.1717, 124.684
1.224, 1, 360, 95.266, 60.9528
1.24, 1, 360, 96.4286, 182.858
1.253, 1, 360, 97.5228, 367.683
1.268, 1, 360, 98.7538, 719.885
1.283, 1, 360, 99.9164, 224.964
1.298, 1, 360, 101.079, 61.6395
1.312, 1, 360, 102.173, 105.784
1.327, 1, 360, 103.404, 62.771
1.341, 1, 360, 104.567, 61.584
1.356, 1, 360, 105.661, 47.8245
1.369, 1, 360, 106.755, 122.451
1.383, 1, 360, 107.85, 190.499
1.398, 1, 360, 108.944, -49565
1.412, 1, 360, 110.448, 95.716
1.438, 1, 360, 112.568, 92.8779
1.457, 1, 360, 114.141, 65.9648
1.479, 1, 360, 115.919, 61.9186
1.498, 1, 360, 117.424, 75.5091
1.532, 1, 360, 120.365, 90.3025
1.558, 1, 360, 122.348, 75.4846
1.58, 1, 360, 124.195, 81.7464
1.604, 1, 360, 125.973, 92.1685
1.623, 1, 360, 127.546, 83.1377
1.645, 1, 360, 129.392, 83.442
1.668, 1, 360, 131.17, 54.7003
1.691, 1, 360, 133.017, 68.4027
1.714, 1, 360, 135.342, 71.1941
1.742, 1, 360, 137.12, 92.4176
1.764, 1, 360, 138.967, 29.657
1.782, 1, 360, 140.471, 68.9823
1.805, 1, 360, 142.318, 66.708
1.829, 1, 360, 144.301, 61.0344
1.848, 1, 360, 145.805, 83.3166
1.871, 1, 360, 147.789, 82.8356
1.895, 1, 360, 149.567, 93.6195
1.918, 1, 360, 151.55, 171.245
1.94, 1, 360, 153.26, 67.3651
1.963, 1, 360, 155.175, 92.6681
1.991, 1, 360, 157.363, 92.0445
2.01, 1, 360, 159.278, 90.0053
2.037, 1, 360, 161.193, 63.0314
2.057, 1, 360, 161.33, 116.11
2.071, 1, 360, 163.45, 168.723
2.084, 1, 360, 165.023, 67.8867
2.108, 1, 360, 166.527, 91185.4
2.122, 1, 360, 167.622, 627.423
2.137, 1, 360, 168.853, 77.8033
2.155, 1, 360, 170.699, 65.179
2.178, 1, 360, 172.477, 78.2663
2.2, 1, 360, 174.666, 74.7912
2.228, 1, 360, 175.144, 766.76
2.25, 1, 360, 178.359, 84.2749
2.274, 1, 360, 180.274, 77.8475
2.298, 1, 360, 182.257, 92.941
2.321, 1, 360, 184.103, 67.645
2.345, 1, 360, 186.018, 83.6563
2.368, 1, 360, 187.454, 90.6215
2.383, 1, 360, 189.096, 69.1357
2.406, 1, 360, 191.011, 88.0924
2.43, 1, 360, 192.926, 79.723
2.454, 1, 360, 194.909, 69.2477
2.479, 1, 360, 196.96, 74.6605
2.503, 1, 360, 199.012, 0
2.523, 1, 360, 200.106, 73.1564
2.541, 1, 360, 202.158, 61.1162
2.562, 1, 360, 203.321, 0
2.575, 1, 360, 204.757, 83.6198
2.6, 1, 360, 207.356, 77.2467
2.631, 1, 360, 209.339, 60.2972
2.656, 1, 360, 211.391, 159574
2.681, 1, 360, 212.895, 77.0581
2.695, 1, 360, 214.058, 54.5367
2.709, 1, 360, 215.22, 101.997
2.724, 1, 360, 216.383, 32.1679
2.738, 1, 360, 217.546, 86.2047
2.753, 1, 360, 218.845, 58.4023
2.769, 1, 360, 220.076, 4.55623e+06
2.783, 1, 360, 221.102, 66.2171
2.8, 1, 360, 223.017, 28160.2
2.82, 1, 360, 224.111, -14.6506
2.838, 1, 360, 226.231, 112.605
2.861, 1, 360, 227.462, 101.117
2.876, 1, 360, 229.24, -31564.2
2.904, 1, 360, 230.881, 36.8277
2.918, 1, 360, 232.112, 86.605
2.934, 1, 360, 233.754, 98.0254
2.972, 1, 360, 440.084, -84036.2
2.991, 1, 360, 237.994, 57.8832
3.006, 1, 360, 340.714, -417006
3.018, 1, 360, 240.114, 39.5541
3.032, 1, 360, 241.277, 85.7364
3.048, 1, 360, 242.918, 76.6407
3.073, 1, 360, 245.106, -547112
3.098, 1, 360, 246.543, 66.0126
3.112, 1, 360, 247.705, 76.1006
3.128, 1, 360, 249.005, 77.4801
3.146, 1, 360, 250.919, 76.5121
3.17, 1, 360, 252.971, 77.8033
3.196, 1, 360, 253.587, 659.517
3.21, 1, 360, 255.775, 58.253
3.225, 1, 360, 256.938, 43.1477
3.239, 1, 360, 258.1, 87.009
3.254, 1, 360, 259.4, 103.698
3.269, 1, 360, 260.494, 148.349
3.283, 1, 360, 261.793, 28.4599
3.301, 1, 360, 263.093, 52.3653
3.316, 1, 360, 264.324, 49.1301
3.33, 1, 360, 265.418, 121.581
3.344, 1, 360, 266.512, 251.43
3.358, 1, 360, 267.675, 0
3.373, 1, 360, 268.837, 123.781
3.386, 1, 360, 269.932, 62.8287
3.401, 1, 360, 270.957, 31.9724
3.414, 1, 360, 272.188, 63.0604
3.429, 1, 360, 273.283, 90.4218
3.445, 1, 360, 274.992, 65.4284
3.468, 1, 360, 276.702, 68.9267
3.49, 1, 360, 278.617, 84.223
3.512, 1, 360, 280.737, 85.8261
3.54, 1, 360, 282.652, 84.2645
3.562, 1, 360, 284.362, 591.601
3.58, 1, 360, 285.456, 86.024
3.594, 1, 360, 286.619, 40.7078
3.608, 1, 360, 287.781, 94.6343
3.623, 1, 360, 288.944, 42.2155
3.637, 1, 360, 290.038, 61.2805
3.65, 1, 360, 291.132, 138.16
3.665, 1, 360, 292.226, 79.3193
3.683, 1, 360, 294.141, 80.8063
3.706, 1, 360, 296.056, 87.2866
3.73, 1, 360, 297.903, 80.1904
3.754, 1, 360, 299.886, 93.3548
3.778, 1, 360, 301.801, 79.1387
3.802, 1, 360, 303.716, 69.6426
3.827, 1, 360, 305.904, 73.5234
3.859, 1, 360, 308.435, -6618.3
3.884, 1, 360, 310.008, 58.8799
3.898, 1, 360, 311.17, 441.22
3.913, 1, 360, 312.401, 560.566
3.928, 1, 360, 313.564, 127.592
3.942, 1, 360, 314.726, 183.842
3.956, 1, 360, 315.821, 94.6343
3.97, 1, 360, 316.915, 33.4094
3.984, 1, 360, 318.078, 63.0895
3.998, 1, 360, 319.172, 63.0314
4.011, 1, 360, 320.608, 83.4013
4.033, 1, 360, 322.386, 80.6357
4.057, 1, 360, 324.233, 104.983
4.079, 1, 360, 326.079, 84.3788
4.102, 1, 360, 327.994, 69.2197
4.125, 1, 360, 329.84, 69.6284
4.148, 1, 360, 331.687, 65.5539
4.17, 1, 360, 333.123, 93.6409
4.185, 1, 360, 334.696, 1.403e+08
4.207, 1, 360, 336.132, 111.565
4.222, 1, 360, 337.295, 121.15
4.235, 1, 360, 338.731, 83.7896
4.257, 1, 360, 340.509, 82.5955
4.279, 1, 360, 342.287, 90.6015
4.301, 1, 360, 344.134, 88.225
4.324, 1, 360, 346.049, 73.8224
4.348, 1, 360, 347.827, 70.7375
4.371, 1, 360, 349.673, 81.2801
4.393, 1, 360, 351.52, 62.656
4.412, 1, 360, 353.024, 68.6637
4.435, 1, 360, 354.939, 80.9721
4.457, 1, 360, 357.128, 72.6153
4.485, 1, 360, 358.974, 65.3191
4.507, 0.478723, 360, 359.932, 14.7232
4.529, 0.0341945, 360, 360.137, 0
4.551, 0.0683891, 360, 360.137, 0
4.574, 0.0683891, 360, 360.137, 66.5403
4.596, 0.0683891, 360, 360.137, 0
4.619, 0.0683891, 360, 360.137, 0
4.643, 0.0683891, 360, 360.137, 0
4.666, 0.0683891, 360, 360.137, 0
4.689, 0.0683891, 360, 360.137, 0
4.712, 0.0683891, 360, 360.137, 0
4.735, 0.0683891, 360, 360.137, 0
4.753, 0.0683891, 360, 360.137, 0
4.766, 0.0683891, 360, 360.137, 0
4.781, 0.0683891, 360, 360.137, 0
4.795, 0.0683891, 360, 360.137, 0
4.809, 0.0683891, 360, 360.137, 0
4.831, 0.0683891, 360, 360.137, 0
4.85, 0.0683891, 360, 360.137, 0
4.873, 0.0683891, 360, 360.137, 0
4.9, 0.0683891, 360, 360.137, 0
4.919, 0.0683891, 360, 360.137, 0
4.94, 0.0683891, 360, 360.137, 0
4.963, 0.0683891, 360, 360.137, 0
4.986, 0.0683891, 360, 360.137, 0
5.008, 0.0683891, 360, 360.137, 0
5.03, 0.0683891, 360, 360.137, 0
5.053, 0.0683891, 360, 360.137, 0
5.075, 0.0683891, 360, 360.137, 0
5.094, 0.0683891, 360, 360.137, 0
5.117, 0.0683891, 360, 360.137, 0
5.14, 0.0683891, 360, 360.137, 0
5.163, 0.0683891, 360, 360.137, 0
5.186, 0.0683891, 360, 360.137, 0
5.2, 0.0683891, 360, 360.137, 0
5.214, 0.0683891, 360, 360.137, 0
5.228, 0.0683891, 360, 360.137, 0
5.243, 0.0683891, 360, 360.137, 0
5.26, 0.0683891, 360, 360.137, 0
5.283, 0.0683891, 360, 360.137, 0
5.305, 0.0683891, 360, 360.137, 0
5.327, 0.0683891, 360, 360.137, 0
5.341, 0.0683891, 360, 360.137, 0
5.354, 0.0683891, 360, 360.137, 0
5.369, 0.0683891, 360, 360.137, 0
5.383, 0.0683891, 360, 360.137, 0
5.397, 0.0683891, 360, 360.137, 0
5.41, 0.0683891, 360, 360.137, 0
5.425, 0.0683891, 360, 360.137, 0
5.439, 0.0683891, 360, 360.137, 0
5.453, 0.0683891, 360, 360.137, 0
5.476, 0.0683891, 360, 360.137, 0
5.498, 0.0683891, 360, 360.137, 0
5.517, 0.0683891, 360, 360.137, 0
5.53, 0.0683891, 360, 360.137, 0
5.545, 0.0683891, 360, 360.137, 0
5.559, 0.0683891, 360, 360.137, 0
5.573, 0.0683891, 360, 360.137, 0
5.587, 0.0683891, 360, 360.137, 0
5.609, 0.0683891, 360, 360.137, 0
5.628, 0.0683891, 360, 360.137, 0
5.652, 0.0683891, 360, 360.137, 0
5.675, 0.0683891, 360, 360.137, 0
5.698, 0.0683891, 360, 360.137, 0
5.723, 0.0683891, 360, 360.137, 0
5.742, 0.0683891, 360, 0, 163922
5.765, 0.0683891, 360, 360.137, 0
5.779, 0.0683891, 360, 360.137, 0
5.793, 0.0683891, 360, 360.137, 0
5.807, 0.0683891, 360, 360.137, 0
5.821, 0.0683891, 360, 360.137, 0
5.836, 0.0683891, 360, 360.137, 0
5.85, 0.0683891, 360, 360.137, 0
5.865, 0.0683891, 360, 360.137, 0
5.879, 0.0683891, 360, 360.137, 0
5.893, 0.0683891, 360, 360.137, 0
5.906, 0.0683891, 360, 360.137, 0
5.921, 0.0683891, 360, 360.137, 0
5.935, 0.0683891, 360, 360.137, 0
5.949, 0.0683891, 360, 360.137, 0
5.963, 0.0683891, 360, 360.137, 0
5.975, 0.0683891, 360, 360.137, 0
5.989, 0.0683891, 360, 360.137, 0
6.001, 0.0683891, 360, 360.205, 60.7363
6.014, 0.170973, 360, 360.342, 0
6.026, 0.170973, 360, 360.342, 0
6.039, 0.170973, 360, 360.342, 0
6.051, 0.170973, 360, 360.342, 0
6.063, 0.170973, 360, 360.342, 0
6.076, 0.170973, 360, 360.342, 0
6.088, 0.170973, 360, 360.342, 0
6.101, 0.170973, 360, 360.342, 0
6.113, 0.170973, 360, 360.342, 0
6.125, 0.170973, 360, 360.342, 0
6.138, 0.170973, 360, 360.342, 0
6.15, 0.170973, 360, 360.342, 0
6.163, 0.170973, 360, 360.342, 0
6.176, 0.170973, 360, 360.342, 0
6.191, 0.170973, 360, 360.342, 0
6.204, 0.170973, 360, 360.342, 0
6.218, 0.170973, 360, 360.342, 0
6.231, 0.170973, 360, 360.342, 0
6.253, 0.170973, 360, 360.342, 0
6.275, 0.170973, 360, 360.342, 0
6.298, 0.170973, 360, 360.342, 0
6.321, 0.170973, 360, 360.342, 0
6.344, 0.170973, 360, 360.342, 0
6.366, 0.170973, 360, 360.342, 0
6.385, 0.170973, 360, 360.342, 0
6.408, 0.170973, 360, 360.342, 0
6.427, 0.170973, 360, 360.342, 0
6.452, 0.170973, 360, 360.342, 0
6.476, 0.170973, 360, 360.342, 0
6.5, 0.170973, 360, 360.342, 0
6.525, 0.170973, 360, 360.342, 0
6.551, 0.170973, 360, 360.342, 0
6.572, 0.170973, 360, 360.342, 0
6.588, 0.170973, 360, 360.342, 0
6.602, 0.170973, 360, 360.342, 0
6.627, 0.170973, 360, 360.342, 0
6.643, 0.170973, 360, 360.342, -314172
6.663, 0.170973, 360, 360.342, 0
6.683, 0.170973, 360, 360.342, 0
6.709, 0.170973, 360, 360.342, 0
6.739, 0.170973, 360, 360.342, 0
6.757, 0.170973, 360, 360.342, 0
6.783, 0.170973, 360, 360.342, 0
6.81, 0.170973, 360, 360.342, 0
6.835, 0.170973, 360, 360.342, 0
6.852, 0.170973, 360, 360.342, 0
6.867, 0.170973, 360, 360.342, 0
6.891, 0.170973, 360, 360.342, 0
6.918, 0.170973, 360, 360.342, 0
6.934, 0.170973, 360, 360087, -1.4755e+08
6.949, 0.170973, 360, 360.342, 0
6.963, 0.170973, 360, 360.342, 0
6.981, 0.170973, 360, 360.342, 0
7.007, 0.170973, 360, 360.342, 0
7.045, 0.170973, 360, 360.342, 0
7.069, 0.170973, 360, 360.342, 0
7.095, 0.170973, 360, 360.342, 0
7.116, 0.170973, 360, 360.342, 228498
7.131, 0.170973, 360, 360.616, 0
7.16, 0.307751, 360, 360.616, 0
7.191, 0.307751, 360, 360.616, 0
7.205, 0.307751, 360, 360.616, 0
7.22, 0.307751, 360, 360.616, 0
7.235, 0.307751, 360, 360.616, 0
7.251, 0.307751, 360, 360.616, 0
7.269, 0.307751, 360, 360.616, 0
7.282, 0.307751, 360, 360.616, 0
7.297, 0.307751, 360, 360.616, 0
7.312, 0.307751, 360, 360.616, 0
7.326, 0.307751, 360, 360.616, 0
7.341, 0.307751, 360, 360.616, 0
7.356, 0.307751, 360, 360.616, 0
7.369, 0.307751, 360, 360.616, 0
7.385, 0.307751, 360, 360.616, 0
7.4, 0.307751, 360, 360.616, 7.30039e+07
7.415, 0.307751, 360, 360.684, 0
7.431, 0.37614, 360, 360.752, 0
7.445, 0.37614, 360, 360.752, 0
7.46, 0.37614, 360, 360.752, 0
7.48, 0.37614, 360, 360.752, 0
7.501, 0.37614, 360, 360.752, 0
7.527, 0.37614, 360, 360.752, 0
7.552, 0.37614, 360, 360.752, -74840.3
7.576, 0.37614, 360, 360.752, 296428
7.59, 0.37614, 360, 360.889, 0
7.604, 0.478723, 360, 360.957, 0
7.62, 0.478723, 360, 360.957, 0
7.644, 0.478723, 360, 360.889, 0
7.665, 0.444529, 360, 360.889, -56356.9
7.679, 0.444529, 360, 360.684, -28.844
7.695, 0.273556, 360, 360.479, 0
7.711, 0.239362, 360, 360.41, -1.6473e+06
7.725, 0.205167, 360, 360.41, 0
7.742, 0.205167, 360, 360.41, 600684
7.756, 0.205167, 360, 360.547, 97.0058
7.77, 0.205167, 360, 360.616, 229123
7.785, 0.341945, 360, 360.957, 12.7806
7.808, 0.512918, 360, 361.094, 0
7.832, 0.547112, 360, 361.026, -60.6824
7.854, 0.512918, 360, 360.957, 0
7.869, 0.444529, 360, 360.889, 0
7.884, 0.444529, 360, 360.889, 0
7.899, 0.444529, 360, 360.889, 0
7.914, 0.444529, 360, 360.889, 0
7.929, 0.444529, 360, 360.889, -3.79939e+06
7.942, 0.444529, 360, 360.889, 0
7.954, 0.410334, 360, 360.821, 0
7.968, 0.410334, 360, 360.752, 0
7.984, 0.37614, 360, 360.752, 0
7.998, 0.37614, 360, 360.752, 0
8.014, 0.37614, 360, 360.752, 0
8.029, 0.37614, 360, 360.752, 0
8.045, 0.37614, 360, 360.752, 0
8.069, 0.37614, 360, 360.752, -301380
8.093, 0.37614, 360, 360.752, 0
8.108, 0.37614, 360, 360.752, 0
8.123, 0.37614, 360, 360.752, 0
8.138, 0.37614, 360, 360.752, 0
8.16, 0.37614, 360, 360.752, 0
8.19, 0.37614, 360, 360.821, 0
8.205, 0.478723, 360, 360.957, 81.3187
8.219, 0.478723, 360, 361.026, 0
8.243, 0.478723, 360, 360.889, 0
8.264, 0.444529, 360, 360.889, 282675
8.285, 0.444529, 360, 361.026, 26.0828
8.3, 0.581307, 360, 361.163, 0
8.315, 0.581307, 360, 361.163, 0
8.329, 0.547112, 360, 361.094, 0
8.344, 0.512918, 360, 361.026, 0
8.359, 0.478723, 360, 361.026, 0
8.377, 0.444529, 360, 360.889, 0
8.393, 0.444529, 360, 360.889, 0
8.407, 0.444529, 360, 360.889, 0
8.423, 0.444529, 360, 360.889, 0
8.439, 0.444529, 360, 360.889, 0
8.46, 0.444529, 360, 360.889, 0
8.499, 0.410334, 360, 360.752, 0
8.526, 0.37614, 360, 360.752, 0
8.557, 0.37614, 360, 360.752, 0
8.582, 0.37614, 360, 360.752, 290695
8.596, 0.37614, 360, 360.889, 0
8.611, 0.478723, 360, 360.957, 0
8.626, 0.478723, 360, 360.957, 0
8.638, 0.478723, 360, 360.957, -80.5525
8.652, 0.444529, 360, 360.889, 0
8.673, 0.444529, 360, 360.889, 0
8.687, 0.444529, 360, 360.821, -295.417
8.702, 0.307751, 360, 360.547, 0
8.717, 0.239362, 360, 360.41, 0
8.731, 0.205167, 360, 360.41, 0
8.745, 0.205167, 360, 360.41, 0
8.76, 0.205167, 360, 360.479, 29.1017
8.775, 0.307751, 360, 360.547, 0
8.787, 0.307751, 360, 360.547, 0
8.798, 0.307751, 360, 360.616, 0
8.817, 0.307751, 360, 360.616, 0
8.841, 0.307751, 360, 360.616, 0
8.866, 0.307751, 360, 360.616, 0
8.882, 0.307751, 360, 360.616, 0
8.898, 0.307751, 360, 360.616, 0
8.913, 0.307751, 360, 360.616, 0
8.927, 0.307751, 360, 360.616, 0
8.956, 0.307751, 360, 360.616, 0
8.99, 0.307751, 360, 360.684, 0
9.004, 0.410334, 360, 360.957, 26.652
9.021, 0.581307, 360, 361.163, 0
9.037, 0.581307, 360, 361.163, 0
9.06, 0.581307, 360, 361.026, -10.6343
9.085, 0.512918, 360, 360.889, 0
9.112, 0.444529, 360, 360.889, 0
9.135, 0.444529, 360, 360.821, 0
9.162, 0.37614, 360, 360.752, 0
9.181, 0.37614, 360, 360.957, 0
9.215, 0.478723, 360, 360.957, 0
9.231, 0.478723, 360, 360.957, 0
9.246, 0.444529, 360, 360.957, 0
9.258, 0.444529, 360, 360.889, 0
9.271, 0.444529, 360, 360.889, 0
9.287, 0.444529, 360, 360.889, 0
9.301, 0.444529, 360, 5.26596, 148115
9.316, 0.444529, 360, 360.889, 0
9.332, 0.444529, 360, 360.889, 0
9.346, 0.444529, 360, 360.889, 0
9.376, 0.444529, 360, 360.889, 216970
9.391, 0.37614, 360, 360.889, 0
9.407, 0.478723, 360, 360.957, 254234
9.42, 0.478723, 360, 361.094, 0
9.434, 0.581307, 360, 361.231, 101.167
9.448, 0.683891, 360, 361.436, 72.8318
9.462, 0.718085, 360, 361.436, 789162
9.477, 0.718085, 360, 361.436, 77.1015
9.491, 0.786474, 360, 361.573, 0
9.506, 0.786474, 360, 361.573, 336528
9.52, 0.683891, 360, 361.368, 10.5004
9.539, 0.683891, 360, 361.368, 0
9.555, 0.649696, 360, 361.231, -375889
9.568, 0.581307, 360, 361.163, 0
9.582, 0.547112, 360, 361.026, 0
9.598, 0.512918, 360, 361.163, 0
9.614, 0.581307, 360, 361.163, 0
9.626, 0.581307, 360, 361.163, 0
9.639, 0.581307, 360, 361.163, 1053.3
9.652, 0.547112, 360, 361.094, 0
9.669, 0.512918, 360, 361.026, 0
9.681, 0.512918, 360, 360.957, 0
9.694, 0.478723, 360, 360.957, 0
9.708, 0.444529, 360, 360.889, -1.46952e+06
9.723, 0.444529, 360, 360.889, 0
9.738, 0.444529, 360, 360.889, 0
9.751, 0.444529, 360, 361.026, 0
9.775, 0.547112, 360, 361.094, 0
9.796, 0.547112, 360, 361.094, -31.0014
9.81, 0.512918, 360, 361.026, -28.9784
9.825, 0.478723, 360, 360.957, 0
9.845, 0.444529, 360, 360.889, 0
9.868, 0.444529, 360, 360.889, 0
9.884, 0.444529, 360, 18.9438, 119729
9.899, 0.444529, 360, 360.889, 0
9.916, 0.444529, 360, 360.889, 0
9.931, 0.410334, 360, 360.821, 0
9.949, 0.37614, 360, 360.752, 4.71649e+06
9.962, 0.37614, 360, 360.752, 0
9.976, 0.37614, 360, 360.752, 0
9.992, 0.37614, 360, 360.752, 0
10.009, 0.37614, 360, 360.752, 0
10.025, 0.37614, 360, 360.752, 0
10.04, 0.37614, 360, 360.752, 0
10.054, 0.37614, 360, 360.752, 0
10.081, 0.37614, 360, 360.752, 0
10.123, 0.37614, 360, 360.752, 0
10.144, 0.37614, 360, 360.752, 0
10.159, 0.37614, 360, 360.752, 0
10.175, 0.37614, 360, 360.752, 0
10.19, 0.37614, 360, 360.752, 0
10.204, 0.37614, 360, 360.752, 0
10.22, 0.37614, 360, 360.752, 0
10.243, 0.37614, 360, 360.752, 0
10.262, 0.37614, 360, 360.752, 0
10.276, 0.37614, 360, 360.752, 0
10.29, 0.37614, 360, 360.752, 0
10.304, 0.37614, 360, 360.752, 0
10.32, 0.37614, 360, 360.752, 0
10.348, 0.37614, 360, 360.752, 0
10.372, 0.37614, 360, 360.752, 0
10.398, 0.37614, 360, 360.752, 0
10.423, 0.37614, 360, 360.752, 0
10.449, 0.37614, 360, 360.752, 0
10.469, 0.37614, 360, 360.752, 0
10.484, 0.37614, 360, 360.752, 0
10.495, 0.37614, 360, 360.752, 0
10.508, 0.37614, 360, 360.752, 0
10.523, 0.37614, 360, 360.752, 0
10.537, 0.37614, 360, 360.752, 0
10.552, 0.37614, 360, 360.752, 0
10.566, 0.37614, 360, 360.752, 0
10.58, 0.37614, 360, 360.752, 0
10.594, 0.37614, 360, 360.752, 0
10.608, 0.37614, 360, 360.752, 0
10.623, 0.37614, 360, 360.752, 0
10.637, 0.37614, 360, 360.752, 0
10.661, 0.37614, 360, 360.752, 0
10.686, 0.37614, 360, 360.752, 0
10.71, 0.37614, 360, 360.752, 0
10.734, 0.37614, 360, 360.752, 0
10.754, 0.37614, 360, 360.752, 0
10.785, 0.37614, 360, 360.752, 0
10.799, 0.37614, 360, 360.752, 0
10.812, 0.37614, 360, 360.752, 0
10.838, 0.37614, 360, 360.889, 0
10.854, 0.478723, 360, 360.957, 0
10.868, 0.478723, 360, 360.957, 0
10.884, 0.478723, 360, 360.957, 0
10.899, 0.444529, 360, 360.889, 0
10.918, 0.444529, 360, 360.889, 0
10.933, 0.444529, 360, 360.889, 0
10.953, 0.444529, 360, 360.889, -15.7108
10.978, 0.444529, 360, 360.752, 0
11.003, 0.37614, 360, 360.752, 0
11.028, 0.37614, 360, 360.752, 0
11.047, 0.37614, 360, 360.752, 0
11.061, 0.37614, 360, 360.752, 0
11.075, 0.37614, 360, 360.752, 0
11.091, 0.37614, 360, 360.752, 0
11.106, 0.37614, 360, 360.752, 0
11.119, 0.37614, 360, 360.889, 0
11.135, 0.478723, 360, 360.957, 0
11.148, 0.478723, 360, 360.957, 292510
11.162, 0.444529, 360, 361.026, 28.0053
11.177, 0.581307, 360, 361.163, 0
11.191, 0.581307, 360, 3780.62, -1.42954e+06
11.206, 0.547112, 360, 361.094, 0
11.221, 0.512918, 360, 361.026, 0
11.235, 0.478723, 360, 360.957, 0
11.25, 0.444529, 360, 360.889, 0
11.264, 0.444529, 360, 360.889, 0
11.291, 0.444529, 360, 360.889, 0
11.316, 0.444529, 360, 360.889, 0
11.343, 0.37614, 360, 360.752, 0
11.374, 0.37614, 360, 360.752, 0
11.388, 0.37614, 360, 360.752, 0
11.406, 0.37614, 360, 360.752, 0
11.423, 0.37614, 360, 360.752, 0
11.439, 0.37614, 360, 360.752, 0
11.454, 0.37614, 360, 360.752, 0
11.472, 0.37614, 360, 360.752, 0
11.488, 0.37614, 360, 360.752, 0
11.502, 0.37614, 360, 360.752, 0
11.518, 0.37614, 360, 360.752, 0
11.533, 0.37614, 360, 360.752, 0
11.552, 0.37614, 360, 360.752, 0
11.575, 0.37614, 360, 360.752, 0
11.602, 0.37614, 360, 360.752, 263844
11.616, 0.37614, 360, 360.889, 0
11.632, 0.478723, 360, 360.957, 0
11.647, 0.478723, 360, 360.957, 0
11.663, 0.444529, 360, 360.889, 0
11.678, 0.444529, 360, 360.889, 0
11.694, 0.444529, 360, 3.60925e+06, -1.77516e+09
11.71, 0.444529, 360, 361.094, 0
11.723, 0.444529, 360, 361.163, 62.9589
11.74, 0.444529, 360, 361.163, 0
11.764, 0.581307, 360, 361.094, -11.6984
11.785, 0.547112, 360, 360.957, -10.5816
11.81, 0.478723, 360, 360.889, 0
11.824, 0.444529, 360, 360.889, 0
11.84, 0.410334, 360, 360.752, 0
11.863, 0.37614, 360, 360.752, 0
11.895, 0.37614, 360, 360.752, 0
11.909, 0.37614, 360, 360.752, 0
11.924, 0.37614, 360, 360.752, 0
11.938, 0.37614, 360, 360.752, 0
11.953, 0.37614, 360, 360.752, 0
11.969, 0.37614, 360, 360.752, 2.05949e+06
11.983, 0.37614, 360, 360.957, 0
12.006, 0.512918, 360, 361.026, 0
12.025, 0.512918, 360, 361.026, -11.8628
12.043, 0.512918, 360, 360.889, 0
12.068, 0.444529, 360, 360.889, 0
12.095, 0.444529, 360, 360.752, 0
12.12, 0.37614, 360, 360.752, 0
12.144, 0.37614, 360, 360.752, 0
12.165, 0.37614, 360, 360.752, 0
12.179, 0.37614, 360, 360.821, 0
12.195, 0.478723, 360, 360.957, 0
12.212, 0.478723, 360, 360.957, 0.350772
12.238, 0.478723, 360, 360.957, 205920
12.252, 0.444529, 360, 361.026, 0
12.267, 0.547112, 360, 361.094, 0
12.283, 0.547112, 360, 361.094, 0
12.297, 0.547112, 360, 361.026, 0
12.324, 0.512918, 360, 360.889, -27.4434
12.345, 0.444529, 360, 360.889, 0
12.36, 0.444529, 360, 360.889, 0
12.374, 0.444529, 360, 360.889, 0
12.388, 0.444529, 360, 360.821, 358818
12.401, 0.410334, 360, 360.752, 0
12.415, 0.37614, 360, 360.752, 0
12.43, 0.37614, 360, 360.752, 0
12.444, 0.37614, 360, 360.752, -314769
12.464, 0.37614, 360, 360.752, 0
12.478, 0.37614, 360, 360.752, 0
12.493, 0.37614, 360, 360.752, 0
12.509, 0.37614, 360, 360.752, 0
12.522, 0.37614, 360, 360.752, 0
12.537, 0.37614, 360, 360.752, 0
12.551, 0.37614, 360, 360.752, 0
12.566, 0.37614, 360, 360.752, 0
12.581, 0.37614, 360, 360.821, 0
12.594, 0.444529, 360, 360.889, 0
12.608, 0.444529, 360, 360.889, 0
12.627, 0.444529, 360, 360.889, 8548.63
12.641, 0.410334, 360, 360.821, -38.3777
12.655, 0.37614, 360, 360.752, 0
12.671, 0.37614, 360, 360.752, 0
12.687, 0.37614, 360, 360.752, 0
12.703, 0.37614, 360, 360.752, 0
12.721, 0.37614, 360, 360.752, 0
12.738, 0.37614, 360, 360.752, 0
12.763, 0.37614, 360, 360.752, 0
12.79, 0.37614, 360, 360.752, -281668
12.815, 0.37614, 360, 360.752, 0
12.83, 0.37614, 360, 360.752, 0
12.846, 0.37614, 360, 360.752, 0
12.862, 0.37614, 360, 360.752, 0
12.878, 0.37614, 360, 360.752, 0
12.892, 0.37614, 360, 360.752, 0
12.906, 0.37614, 360, 360.752, 0
12.923, 0.37614, 360, 360.752, 0
12.936, 0.37614, 360, 360.752, 0
12.951, 0.37614, 360, 360.752, 0
12.967, 0.37614, 360, 360.752, 0
12.982, 0.37614, 360, 360.752, 0
12.998, 0.37614, 360, 360.752, 0
13.013, 0.37614, 360, 360.752, 0
13.028, 0.37614, 360, 360.752, 0
13.043, 0.37614, 360, 360.752, 0
13.058, 0.37614, 360, 360.752, 0
13.074, 0.37614, 360, 360.752, 0
13.091, 0.37614, 360, 360.752, 0
13.11, 0.37614, 360, 360.752, 0
13.136, 0.37614, 360, 360.752, 0
13.161, 0.37614, 360, 360.752, 0
13.187, 0.37614, 360, 360.752, 0
13.207, 0.37614, 360, 360.752, -305463
13.224, 0.37614, 360, 360.752, 0
13.238, 0.37614, 360, 360.752, 0
13.254, 0.37614, 360, 360.752, 0
13.269, 0.37614, 360, 360.752, 0
13.284, 0.37614, 360, 360.752, 0
13.299, 0.37614, 360, 360.752, -233648
13.315, 0.37614, 360, 360.752, 0
13.33, 0.37614, 360, 360.752, 0
13.346, 0.37614, 360, 360.752, 0
13.359, 0.37614, 360, 360.752, 80131.6
13.377, 0.444529, 360, 361.026, 53.765
13.391, 0.615502, 360, 361.299, 0
13.415, 0.649696, 360, 361.163, 0
13.44, 0.581307, 360, 361.026, -59.314
13.461, 0.478723, 360, 360.957, -28.7833
13.477, 0.444529, 360, 360.889, 0
13.49, 0.444529, 360, 360.889, 0
13.511, 0.444529, 360, 360.821, 0
13.527, 0.410334, 360, 360.752, 0
13.54, 0.410334, 360, 360.752, 292107
13.554, 0.37614, 360, 360.889, 0
13.57, 0.478723, 360, 360.957, 0
13.585, 0.478723, 360, 360.889, -25.3012
13.607, 0.444529, 360, 360.889, 0
13.622, 0.444529, 360, 360.889, 0
13.636, 0.444529, 360, 360.889, 0
13.658, 0.444529, 360, 360.889, 0
13.674, 0.444529, 360, 360.752, 0
13.704, 0.37614, 360, 360.752, 0
13.729, 0.37614, 360, 360.752, 0
13.745, 0.37614, 360, 360.752, 0
13.759, 0.37614, 360, 360.752, 0
13.78, 0.37614, 360, 360.752, 0
13.801, 0.37614, 360, 360.752, 0
13.816, 0.37614, 360, 360.752, 0
13.837, 0.37614, 360, 360.752, 0
13.862, 0.37614, 360, 360.752, 0
13.882, 0.37614, 360, 360.752, -0.317572
13.908, 0.37614, 360, 0.341945, 120781
13.924, 0.37614, 360, 360.752, 0
13.939, 0.37614, 360, 360.752, 0
13.958, 0.37614, 360, 360.752, 0
13.976, 0.37614, 360, 360.752, 0
13.992, 0.37614, 360, 360.752, 0
14.006, 0.37614, 360, 360.752, 0
14.021, 0.37614, 360, 360.752, 0
14.041, 0.37614, 360, 360.752, 0
14.061, 0.37614, 360, 360.889, 0
14.078, 0.478723, 360, 361.026, 0
14.093, 0.512918, 360, 361.026, 0
14.108, 0.478723, 360, 360.957, 0
14.127, 0.444529, 360, 360.889, 0
14.142, 0.444529, 360, 360.889, 0
14.156, 0.444529, 360, 360.889, 0
14.17, 0.444529, 360, 360.889, 0
14.186, 0.444529, 360, 3780.27, 25.8169
14.21, 0.410334, 360, 360.957, 0
14.222, 0.547112, 360, 361.094, 0
14.236, 0.547112, 360, 361.094, 0
14.255, 0.512918, 360, 360.957, 0
14.275, 0.512918, 360, 360.889, 0
14.297, 0.444529, 360, 360.889, 0.391077
14.327, 0.444529, 360, 360.752, 0
14.351, 0.37614, 360, 360.752, 0
14.367, 0.37614, 360, 360.752, 0
14.382, 0.37614, 360, 360.752, 0
14.397, 0.37614, 360, 360.752, 0
14.411, 0.37614, 360, 360.752, 0
14.442, 0.37614, 360, 360.752, 0
14.47, 0.37614, 360, 360.752, 0
14.482, 0.37614, 360, 360.752, 0
14.497, 0.37614, 360, 360.752, 0
14.519, 0.37614, 360, 360.752, 0
14.541, 0.37614, 360, 360.752, 0
14.559, 0.37614, 360, 360.752, 0
14.57, 0.37614, 360, 360.752, 0
14.584, 0.37614, 360, 360.752, 0
14.601, 0.37614, 360, 360.752, -2.22042e+06
14.616, 0.37614, 360, 360.752, 0
14.631, 0.37614, 360, 360.752, 0
14.648, 0.37614, 360, 360.752, 0
14.664, 0.37614, 360, 360.752, 0
14.678, 0.37614, 360, 360.752, 0
14.696, 0.37614, 360, 3.60788e+06, 92857.7
14.72, 0.547112, 360, 361.163, 0
14.734, 0.649696, 360, 361.299, 0
14.749, 0.649696, 360, 361.231, 0
14.767, 0.615502, 360, 361.094, 0
14.792, 0.547112, 360, 360.889, 0
14.818, 0.444529, 360, 360.889, -11.3227
14.846, 0.444529, 360, 360.752, 0
14.872, 0.37614, 360, 360.684, 0
14.891, 0.341945, 360, 360.684, 0
14.921, 0.341945, 360, 360.684, 0
14.946, 0.341945, 360, 360.684, 0
14.972, 0.341945, 360, 360.684, 0
14.998, 0.341945, 360, 360.684, -56033.6
15.019, 0.307751, 360, 360.547, 0
15.032, 0.307751, 360, 360.342, 0
15.059, 0.170973, 360, 360.342, 0
15.078, 0.170973, 360, 360.342, 0
15.103, 0.170973, 360, 360.342, 0
15.124, 0.170973, 360, 360.342, 0
15.14, 0.170973, 360, 360.342, 0
15.154, 0.170973, 360, 360.342, 0
15.169, 0.170973, 360, 360.342, 0
15.188, 0.170973, 360, 360.342, 0
15.212, 0.170973, 360, 360.342, 0
15.236, 0.170973, 360, 360.342, 0
15.26, 0.170973, 360, 360.342, 0
15.278, 0.170973, 360, 360.342, 0
15.304, 0.170973, 360, 360.342, 0
15.324, 0.170973, 360, 360.547, -73711
15.348, 0.273556, 360, 360.616, 0
15.372, 0.307751, 360, 360.684, 294436
15.391, 0.410334, 360, 360.957, 12.3624
15.409, 0.478723, 360, 361.094, 0
15.437, 0.547112, 360, 0, 142192
15.46, 0.512918, 360, 360.957, 0
15.476, 0.478723, 360, 360.889, 0
15.492, 0.444529, 360, 360.889, 0
15.509, 0.444529, 360, 360.889, 276879
15.523, 0.478723, 360, 361.026, 28.4008
15.538, 0.581307, 360, 361.163, 0
15.563, 0.581307, 360, 361.026, 0
15.589, 0.512918, 360, 360.889, 0
15.615, 0.444529, 360, 360.889, 0
15.629, 0.444529, 360, 360.889, 0
15.645, 0.444529, 360, 360.821, 0
15.66, 0.37614, 360, 360.752, 0
15.681, 0.37614, 360, 360.752, 0
15.701, 0.37614, 360, 360.752, 0
15.717, 0.37614, 360, 360.752, 0
15.732, 0.37614, 360, 360.752, 0
15.747, 0.37614, 360, 360.752, 0
15.76, 0.37614, 360, 360.752, 0
15.782, 0.37614, 360, 360.752, 0
15.814, 0.37614, 360, 360.752, 288790
15.828, 0.37614, 360, 360.889, 0
15.842, 0.478723, 360, 360.957, 0
15.857, 0.478723, 360, 360.957, 0
15.872, 0.478723, 360, 360.889, 0
15.886, 0.444529, 360, 360.889, 0
15.9, 0.444529, 360, 497.667, 0
15.919, 0.444529, 360, 360.889, 0
15.934, 0.444529, 360, 360.889, 0
15.948, 0.444529, 360, 360.889, 0
15.963, 0.410334, 360, 360.752, 0
15.977, 0.37614, 360, 360.752, 0
15.992, 0.37614, 360, 360.752, 0
16.006, 0.37614, 360, 360.752, 0
16.021, 0.37614, 360, 360.752, 0
16.035, 0.37614, 360, 360.752, 0
16.052, 0.37614, 360, 360.752, 0
16.075, 0.37614, 360, 360.752, 0
16.088, 0.37614, 360, 360.752, 0
16.104, 0.37614, 360, 360.752, 0
16.119, 0.37614, 360, 360.752, 0
16.138, 0.37614, 360, 18.807, 380785
16.154, 0.37614, 360, 360.752, 0
16.17, 0.37614, 360, 360.752, 0
16.187, 0.37614, 360, 360.752, 265985
16.206, 0.37614, 360, 360.889, 0
16.222, 0.478723, 360, 360.957, 0
16.24, 0.478723, 360, 360.957, 3.41945e+07
16.259, 0.444529, 360, 360.821, -35.9564
16.273, 0.341945, 360, 360.616, -281900
16.288, 0.273556, 360, 360.547, -30.3547
16.304, 0.239362, 360, 360.479, 256885
16.322, 0.239362, 360, 360.616, 28.4126
16.338, 0.37614, 360, 360.684, 0
16.35, 0.37614, 360, 360.752, 0
16.362, 0.37614, 360, 360.752, 0
16.376, 0.37614, 360, 360.752, 0
16.39, 0.37614, 360, 360.752, 0
16.415, 0.37614, 360, 360.752, 0
16.43, 0.37614, 360, 360.752, 0
16.445, 0.37614, 360, 360.752, 0
16.461, 0.37614, 360, 360.752, 0
16.474, 0.37614, 360, 360.752, 0
16.488, 0.37614, 360, 360.752, 0
16.503, 0.37614, 360, 360.752, 0
16.518, 0.37614, 360, 360.752, 0
16.542, 0.37614, 360, 360.752, 0
16.562, 0.37614, 360, 360.752, 0
16.577, 0.37614, 360, 360.752, 0
16.591, 0.37614, 360, 360.752, 0
16.609, 0.37614, 360, 360.752, 0
16.623, 0.37614, 360, 360.752, 0
16.639, 0.37614, 360, 360.752, 0
16.654, 0.37614, 360, 360.752, 0
16.674, 0.37614, 360, 360.752, 0
16.697, 0.37614, 360, 360.752, 0
16.723, 0.37614, 360, 360.752, 0
16.747, 0.37614, 360, 360.752, 0
16.779, 0.37614, 360, 360.752, 0
16.793, 0.37614, 360, 360.752, 0
16.809, 0.37614, 360, 360.752, 0
16.825, 0.37614, 360, 360.752, 0
16.84, 0.37614, 360, 360.752, -14430.7
16.855, 0.37614, 360, 3.55623, 0
16.867, 0.444529, 360, 360.957, 0
16.88, 0.478723, 360, 360.957, 0
16.893, 0.478723, 360, 360.957, 0
16.922, 0.444529, 360, 395.084, -12048.8
16.945, 0.444529, 360, 361.094, 0
16.96, 0.581307, 360, 361.163, 0
16.974, 0.581307, 360, 361.094, 0
16.999, 0.547112, 360, 360.957, 0
17.025, 0.478723, 360, 360.957, -25.8364
17.046, 0.444529, 360, 360.889, 0
17.06, 0.444529, 360, 360.889, 188257
17.074, 0.444529, 360, 360.889, 0
17.089, 0.512918, 360, 361.094, 0
17.104, 0.547112, 360, 361.094, 0
17.115, 0.547112, 360, 361.094, -52.3653
17.129, 0.512918, 360, 361.026, 0
17.143, 0.512918, 360, 360.957, -49.2008
17.158, 0.444529, 360, 360.889, 0
17.174, 0.444529, 360, 360.889, 0
17.188, 0.444529, 360, 360.889, -264970
17.204, 0.444529, 360, 360.889, 0
17.217, 0.410334, 360, 360.821, 0
17.23, 0.37614, 360, 360.752, 0
17.244, 0.37614, 360, 360.752, 0
17.258, 0.37614, 360, 360.752, 0
17.276, 0.37614, 360, 360.752, 0
17.291, 0.37614, 360, 360.752, 0
17.304, 0.37614, 360, 360.752, 0
17.33, 0.37614, 360, 360.752, 0
17.362, 0.37614, 360, 360.752, 0
17.388, 0.37614, 360, 360.752, 0
17.412, 0.37614, 360, 360.752, 0
17.426, 0.37614, 360, 360.752, 0
17.439, 0.37614, 360, 360.752, 0
17.464, 0.37614, 360, 360.752, 0
17.489, 0.37614, 360, 360.752, 0
17.504, 0.37614, 360, 360.752, 0
17.517, 0.37614, 360, 360.752, 0
17.532, 0.37614, 360, 360.752, 0
