0.003, 0, 0, 0, 0
0.116, 1, 0, 0, 0
0.337, 1, 0, 0, 0
0.872, 1, 0, 0, 0
1.405, 1, 0, 0, 0
1.421, 1, 0, 0, 0
1.435, 1, 0, 0, 0
1.449, 1, 0, 0, 0
1.463, 1, 0, 0, 0
1.475, 1, 0, 0, 0
1.488, 1, 0, 0, 0
1.501, 1, 0, 0, 0
1.514, 1, 0, 0, 0
1.527, 1, 0, 0, 0
1.539, 1, 0, 0, 0
1.552, 1, 0, 0, 0
1.565, 1, 0, 0, 0
1.578, 1, 0, 0, 0
1.591, 1, 0, 0, 0
1.604, 1, 0, 0, 0
1.617, 1, 0, 0, 0
1.63, 1, 0, 0, 0
1.643, 1, 0, 0, 0
1.656, 1, 0, 0, 0
1.669, 1, 0, 0, 0
1.681, 1, 0, 0, 0
1.694, 1, 0, 0, 0
1.707, 1, 0, 0, 0
1.72, 1, 0, 0, 0
1.733, 1, 0, 0, 0
1.746, 1, 0, 0, 0
1.759, 1, 0, 0, 0
1.772, 1, 0, 0, 0
1.785, 1, 0, 0, 0
1.798, 1, 0, 0, 0
1.81, 1, 0, 0, 0
1.823, 1, 0, 0, 0
1.836, 1, 0, 0, 0
1.849, 1, 0, 0, 0
1.862, 1, 0, 0, 0
1.875, 1, 0, 0, 0
1.888, 1, 0, 0, 0
1.901, 1, 0, 0, 0
1.914, 1, 0, 0, 0
1.927, 1, 0, 0, 0
1.94, 1, 0, 0, 0
1.953, 1, 0, 0, 0
1.966, 1, 0, 0, 0
1.979, 1, 0, 0, 0
1.991, 1, 0, 0, 0
2.004, 1, 0, 0, 0
2.017, 1, 0, 0, 0
2.03, 1, 0, 0, 0
2.042, 1, 0, 0, 0
2.055, 1, 0, 0, 0
2.067, 1, 0, 0, 0
2.08, 1, 0, 0, 0
2.093, 1, 0, 0, 0
2.106, 1, 0, 0, 0
2.119, 1, 0, 0, 0
2.132, 1, 0, 0, 0
2.145, 1, 0, 0, 0
2.158, 1, 0, 0, 0
2.171, 1, 0, 0, 0
2.183, 1, 0, 0, 0
2.196, 1, 0, 0, 0
2.209, 1, 0, 0, 0
2.222, 1, 0, 0, 0
2.235, 1, 0, 0, 0
2.248, 1, 0, 0, 0
2.261, 1, 0, 0, 0
2.274, 1, 0, 0, 0
2.286, 1, 0, 0, 0
2.299, 1, 0, 0, 0
2.313, 1, 0, 0, 0
2.326, 1, 0, 0, 0
2.339, 1, 0, 0, 0
2.352, 1, 0, 0, 0
2.364, 1, 0, 0, 0
2.377, 1, 0, 0, 0
2.39, 1, 0, 0, 0
2.403, 1, 0, 0, 0
2.416, 1, 0, 0, 0
2.429, 1, 0, 0, 0
2.442, 1, 0, 0, 0
2.454, 1, 0, 0, 0
2.467, 1, 0, 0, 0
2.48, 1, 0, 0, 0
2.493, 1, 0, 0, 0
2.506, 1, 0, 0, 0
2.519, 1, 0, 0, 0
2.532, 1, 0, 0, 0
2.545, 1, 0, 0, 0
2.558, 1, 0, 0, 0
2.571, 1, 0, 0, 0
2.584, 1, 0, 0, 0
2.596, 1, 0, 0, 0
2.609, 1, 0, 0, 0
2.622, 1, 0, 0, 0
2.635, 1, 0, 0, 0
2.648, 1, 0, 0, 0
2.661, 1, 0, 0, 0
2.673, 1, 0, 0, 0
2.686, 1, 0, 0, 0
2.698, 1, 0, 0, 0
2.711, 1, 0, 0, 0
2.724, 1, 0, 0, 0
2.736, 1, 0, 0, 0
2.749, 1, 0, 0, 0
2.762, 1, 0, 0, 0
2.775, 1, 0, 0, 0
2.787, 1, 0, 0, 0
2.8, 1, 0, 0, 0
2.813, 1, 0, 0, 0
2.826, 1, 0, 0, 0
2.839, 1, 0, 0, 0
2.851, 1, 0, 0, 0
2.864, 1, 0, 0, 0
2.878, 1, 0, 0, 0
2.89, 1, 0, 0, 0
2.903, 1, 0, 0, 0
2.916, 1, 0, 0, 0
2.929, 1, 0, 0, 0
2.942, 1, 0, 0, 0
2.956, 1, 0, 0, 0
2.969, 1, 0, 0, 0
2.981, 1, 0, 0, 0
2.994, 1, 0, 0, 0
3.007, 1, 0, 0, 0
3.02, 1, 0, 0, 0
3.033, 1, 0, 0, 0
3.047, 1, 0, 0, 0
3.059, 1, 0, 0, 0
3.072, 1, 0, 0, 0
3.085, 1, 0, 0, 0
3.097, 1, 0, 0, 0
3.109, 1, 0, 0, 0
3.122, 1, 0, 0, 0
3.134, 1, 0, 0, 0
3.146, 1, 0, 0, 0
3.159, 1, 0, 0, 0
3.171, 1, 0, 0, 0
3.184, 1, 0, 0, 0
3.196, 1, 0, 0, 0
3.209, 1, 0, 0, 0
3.221, 1, 0, 0, 0
3.233, 1, 0, 0, 0
3.246, 1, 0, 0, 0
3.258, 1, 0, 0, 0
3.271, 1, 0, 0, 0
3.283, 1, 0, 0, 0
3.295, 1, 0, 0, 0
3.308, 1, 0, 0, 0
3.32, 1, 0, 0, 0
3.333, 1, 0, 0, 0
3.345, 1, 0, 0, 0
3.357, 1, 0, 0, 0
3.37, 1, 0, 0, 0
3.382, 1, 0, 0, 0
3.395, 1, 0, 0, 0
3.407, 1, 0, 0, 0
3.419, 1, 0, 0, 0
3.432, 1, 0, 0, 0
3.444, 1, 0, 0, 0
3.457, 1, 0, 0, 0
3.469, 1, 0, 0, 0
3.481, 1, 0, 0, 0
3.494, 1, 0, 0, 0
3.506, 1, 0, 0, 0
3.519, 1, 0, 0, 0
3.532, 1, 0, 0, 0
3.544, 1, 0, 0, 0
3.557, 1, 0, 0, 0
3.57, 1, 0, 0, 0
3.583, 1, 0, 0, 0
3.596, 1, 0, 0, 0
3.609, 1, 0, 0, 0
3.622, 1, 0, 0, 0
3.634, 1, 0, 0, 0
3.648, 1, 0, 0, 0
3.66, 1, 0, 0, 0
3.675, 1, 0, 0, 0
3.688, 1, 0, 0, 0
3.701, 1, 0, 0, 0
3.713, 1, 0, 0, 0
3.726, 1, 0, 0, 0
3.738, 1, 0, 0, 0
3.75, 1, 0, 0, 0
3.762, 1, 0, 0, 0
3.775, 1, 0, 0, 0
3.787, 1, 0, 0, 0
3.8, 1, 0, 0, 0
3.812, 1, 0, 0, 0
3.825, 1, 0, 0, 0
3.837, 1, 0, 0, 0
3.849, 1, 0, 0, 0
3.862, 1, 0, 0, 0
3.874, 1, 0, 0, 0
3.887, 1, 0, 0, 0
3.899, 1, 0, 0, 0
3.912, 1, 0, 0, 0
3.924, 1, 0, 0, 0
3.937, 1, 0, 0, 0
3.949, 1, 0, 0, 0
3.962, 1, 0, 0, 0
3.974, 1, 0, 0, 0
3.986, 1, 0, 0, 0
3.999, 1, 0, 0, 0
4.012, 1, 0, 0, 0
4.025, 1, 0, 0, 0
4.037, 1, 0, 0, 0
4.05, 1, 0, 0, 0
4.063, 1, 0, 0, 0
4.076, 1, 0, 0, 0
4.089, 1, 0, 0, 0
4.101, 1, 0, 0, 0
4.114, 1, 0, 0, 0
4.127, 1, 0, 0, 0
4.14, 1, 0, 0, 0
4.152, 1, 0, 0, 0
4.165, 1, 0, 0, 0
4.178, 1, 0, 0, 0
4.191, 1, 0, 0, 0
4.204, 1, 0, 0, 0
4.217, 1, 0, 0, 0
4.23, 1, 0, 0, 0
4.243, 1, 0, 0, 0
4.256, 1, 0, 0, 0
4.266, 1, 0, 0, 0
4.279, 1, 0, 0, 0
4.292, 1, 0, 0, 0
4.305, 1, 0, 0, 0
4.318, 1, 0, 0, 0
4.331, 1, 0, 0, 0
4.344, 1, 0, 0, 0
4.357, 1, 0, 0, 0
4.37, 1, 0, 0, 0
4.382, 1, 0, 0, 0
4.395, 1, 0, 0, 0
4.408, 1, 0, 0, 0
4.421, 1, 0, 0, 0
4.434, 1, 0, 0, 0
4.446, 1, 0, 0, 0
4.46, 1, 0, 0, 0
4.471, 1, 0, 0, 0
4.484, 1, 0, 0, 0
4.498, 1, 0, 0, 0
4.511, 1, 0, 0, 0
4.524, 1, 0, 0, 0
4.537, 1, 0, 0, 0
4.55, 1, 0, 0, 0
4.562, 1, 0, 0, 0
4.574, 1, 0, 0, 0
4.587, 1, 0, 0, 0
4.599, -0, 0, 0, 0
