0.002, 0, 0, 0, 0
0.017, 1, 360, 0, 30.654
0.038, 1, 360, 0.820669, 0
0.05, 1, 360, 1.70973, 83.6734
0.066, 1, 360, 2.73556, 35.2339
0.079, 1, 360, 3.82979, 118.014
0.093, 1, 360, 5.47112, 30.9453
0.115, 1, 360, 6.56535, 0
0.129, 1, 360, 7.59119, 93.0042
0.144, 1, 360, 8.7538, 37.9939
0.157, 1, 360, 9.91641, 30.4628
0.172, 1, 360, 11.0106, 52.9737
0.186, 1, 360, 11.7629, 299860
0.198, 1, 360, 12.9255, 69.9275
0.211, 1, 360, 14.0881, 79.3377
0.225, 1, 360, 15.114, 179.342
0.239, 1, 360, 16.2082, 93.3427
0.253, 1, 360, 17.3024, 66.9824
0.267, 1, 360, 18.465, 61.7973
0.284, 1, 360, 19.9012, 80.401
0.303, 1, 360, 21.6793, 59.109
0.322, 1, 360, 22.7736, 121.473
0.335, 1, 360, 24.2781, 607.903
0.358, 1, 360, 25.7827, 84.3008
0.375, 1, 360, 27.5608, 74.4573
0.396, 1, 360, 29.0653, 88.541
0.416, 1, 360, 31.117, 97.7685
0.443, 1, 360, 32.9635, 122.342
0.461, 1, 360, 34.2629, 89.8083
0.482, 1, 360, 36.1094, 121.689
0.5, 1, 360, 37.614, 81.4543
0.522, 1, 360, 38.9818, 60.0431
0.537, 1, 360, 40.2812, 70.6791
0.557, 1, 360, 42.0593, 410.217
0.575, 1, 360, 43.2219, 119.666
0.589, 1, 360, 44.5897, 117.912
0.608, 1, 360, 46.231, 90.223
0.629, 1, 360, 47.5988, 69.7492
0.646, 1, 360, 49.1033, 74.1747
0.667, 1, 360, 50.9498, 91.9208
0.686, 1, 360, 52.0441, 89.3585
0.704, 1, 360, 53.959, 51.712
0.725, 1, 360, 55.3951, 0
0.742, 1, 360, 56.8313, 65.3971
0.763, 1, 360, 58.6094, 89.6514
0.785, 1, 360, 60.3875, 0
0.804, 1, 360, 61.8921, 81.6293
0.826, 1, 360, 63.7386, 81.0937
0.847, 1, 360, 65.1748, 92.1685
0.864, 1, 360, 66.7477, 95.2052
0.887, 1, 360, 68.2523, 93.3002
0.901, 1, 360, 69.8252, 122.178
0.922, 1, 360, 71.4666, -105.647
0.941, 1, 360, 72.8343, 53.3872
0.956, 1, 360, 73.9286, 84.9026
0.973, 1, 360, 75.3647, 81.5515
0.993, 1, 360, 77.2796, 76.242
1.017, 1, 360, 0.273556, 103.541
1.042, 1, 360, 81.041, 87.0459
1.064, 1, 360, 82.8875, 78.7892
1.083, 1, 360, 84.3237, 70.2868
1.105, 1, 360, 86.1018, 76.8589
1.127, 1, 360, 87.8799, 71.1201
1.15, 1, 360, 89.3161, 59.2369
1.167, 1, 360, 91.1626, 57.9078
1.191, 1, 360, 93.3511, 80.5209
1.215, 1, 360, 94.7188, 37.9518
1.232, 1, 360, 96.5653, 104.133
1.255, 1, 360, 98.0015, 93.6836
1.272, 1, 360, 99.4377, 67.1534
1.294, 1, 360, 101.284, 72.4921
1.317, 1, 360, 103.267, 96.052
1.34, 1, 360, 105.114, 62.7423
1.368, 1, 360, 107.781, 66.4455
1.395, 1, 360, 109.422, 430.12
1.418, 1, 360, 110.927, 79.5684
1.434, 1, 360, 112.295, 1082.27
1.449, 1, 360, 113.526, 60.361
1.464, 1, 360, 114.688, 30.7091
1.478, 1, 360, 116.125, 0
1.497, 1, 360, 117.629, 102.456
1.517, 1, 360, 119.065, 73.8702
1.538, 1, 360, 120.98, 95.1169
1.557, 1, 360, 122.485, 65.1118
1.578, 1, 360, 124.195, 90.8523
1.599, 1, 360, 125.631, 38931.4
1.618, 1, 360, 127.067, 88.7018
1.633, 1, 360, 128.229, 50.5089
1.647, 1, 360, 129.324, 120.086
1.66, 1, 360, 130.35, 179.029
1.674, 1, 360, 131.444, 82.0209
1.692, 1, 360, 132.948, 94.0056
1.711, 1, 360, 134.453, 77.4289
1.729, 1, 360, 136.299, 108.9
1.753, 1, 360, 138.078, 141.202
1.776, 1, 360, 139.992, 116.209
1.793, 1, 360, 141.018, 81.0297
1.811, 1, 360, 143.138, 94.2647
1.834, 1, 360, 144.711, 43.2295
1.852, 1, 360, 146.011, 81.2222
1.873, 1, 360, 147.447, 58.6024
1.887, 1, 360, 148.746, 316.031
1.907, 1, 360, 150.251, 56.8961
1.921, 1, 360, 151.345, 125.947
1.934, 1, 360, 152.439, 657.587
1.95, 1, 360, 153.602, 0
1.965, 1, 360, 154.764, 121.689
1.978, 1, 360, 155.79, 0
1.993, 1, 360, 157.09, 117.709
2.008, 1, 360, 158.116, 61.8766
2.026, 1, 360, 160.646, 75.7522
2.068, 1, 360, 164.749, 561.248
2.107, 1, 360, 166.596, 84.7798
2.13, 1, 360, 168.1, 91.7153
2.146, 1, 360, 169.4, 86.7148
2.163, 1, 360, 171.041, 53.9062
2.185, 1, 360, 172.546, 184.006
2.201, 1, 360, 173.777, 64.7011
2.217, 1, 360, 175.418, 64.1548
2.238, 1, 360, 177.128, 0
2.262, 1, 360, 178.632, 111.519
2.278, 1, 360, 180.137, 65.4754
2.298, 1, 360, 182.325, 85.4329
2.328, 1, 360, 184.309, 65.9489
2.349, 1, 360, 526.596, 0
2.362, 1, 360, 186.634, 74.8239
2.375, 1, 360, 187.728, 64.3965
2.391, 1, 360, 188.959, 0
2.405, 1, 360, 190.122, 117.406
2.419, 1, 360, 191.216, 30.8337
2.432, 1, 360, 192.652, 66.3714
2.456, 1, 360, 193.131, 0
2.471, 1, 360, 195.388, 0
2.486, 1, 360, 196.755, 97.2817
2.506, 1, 360, 198.191, 107.361
2.52, 1, 360, 199.491, 0
2.537, 1, 360, 200.859, 599.904
2.555, 1, 360, 202.295, 96.5947
2.576, 1, 360, 203.799, 0
2.59, 1, 360, 204.894, 60.8173
2.605, 1, 360, 205.988, 45.8065
2.618, 1, 360, 207.082, 125.026
2.632, 1, 360, 208.176, 57.6474
2.649, 1, 360, 208.518, 86.3317
2.672, 1, 360, 211.391, 117.912
2.686, 1, 360, 212.895, 213.716
2.709, 1, 360, 214.81, 71.1645
2.741, 1, 360, 217.34, 69.0659
2.764, 1, 360, 218.777, 92.4593
2.779, 1, 360, 220.008, 68.103
2.797, 1, 360, 221.854, 60.8714
2.816, 1, 360, 223.359, 126.764
2.839, 1, 360, 224.795, 117.811
2.852, 1, 360, 229.377, 88.3199
2.925, 1, 360, 230.881, 69.1637
2.955, 1, 360, 234.574, 56.3453
2.977, 1, 360, 236.353, 96.1956
3.041, 1, 360, 241.55, 77.4508
3.071, 1, 360, 244.628, 90.3581
3.109, 1, 360, 247.774, -190.575
3.142, 1, 360, 249.483, 80.922
3.156, 1, 360, 250.646, 30.1008
3.171, 1, 360, 251.74, 36.8476
3.184, 1, 360, 252.834, 59.9904
3.198, 1, 360, 254.202, 73.3788
3.219, 1, 360, 255.638, 81.9031
3.235, 1, 360, 257.143, 69.999
3.257, 1, 360, 259.058, 119.876
3.276, 1, 360, 260.22, 0
3.289, 1, 360, 261.246, 29.4992
3.309, 1, 360, 262.751, -230483
3.321, 1, 360, 263.503, 0
3.333, 1, 360, 264.05, 183.022
3.345, 1, 360, 264.871, 283.185
3.358, 1, 360, 26254.3, -1.16328e+07
3.377, 1, 360, 267.675, 89.2613
3.398, 1, 360, 269.179, 0
3.412, 1, 360, 270.274, 32.5352
3.426, 1, 360, 271.368, 37.9307
3.439, 1, 360, 272.462, 116.407
3.453, 1, 360, 273.488, 61.0072
3.465, 1, 360, 274.514, 331.986
3.48, 1, 360, 275.745, 133.053
3.495, 1, 360, 276.771, 63.9748
3.508, 1, 360, 277.865, 51.3817
3.522, 1, 360, 279.096, 29.9296
3.537, 1, 360, 280.122, 36.0892
3.55, 1, 360, 281.284, 108.9
3.565, 1, 360, 282.378, 59.6763
3.578, 1, 360, 283.404, 37.784
3.592, 1, 360, 284.567, 0
3.605, 1, 360, 285.661, 59.5205
3.62, 1, 360, 286.755, 65.4754
3.634, 1, 360, 287.85, 123.224
3.647, 1, 360, 288.944, 167.62
3.662, 1, 360, 290.106, 0
3.677, 1, 360, 291.269, 0
3.691, 1, 360, 292.363, 44.4085
3.707, 1, 360, 293.663, 92.2929
3.722, 1, 360, 294.757, 66.5587
3.737, 1, 360, 296.056, 62.3988
3.751, 1, 360, 297.15, 94.3297
3.766, 1, 360, 298.313, 93.7693
3.781, 1, 360, 299.544, 30.6815
3.795, 1, 360, 300.638, 57.7123
3.81, 1, 360, 301.733, 0
3.823, 1, 360, 302.827, 188.4
3.838, 1, 360, 303.989, 84.5353
3.852, 1, 360, 305.152, 0
3.867, 1, 360, 306.315, 123.446
3.881, 1, 360, 307.272, 55.5106
3.894, 1, 360, 308.503, 57.9078
3.907, 1, 360, 309.734, 85.1493
3.928, 1, 360, 311.581, 77.4216
3.952, 1, 360, 313.427, 80.6158
3.972, 1, 360, 314.658, 93.0886
3.986, 1, 360, 316.231, 0
4.005, 1, 360, 317.394, 60.6286
4.019, 1, 360, 318.419, 777.148
4.034, 1, 360, 319.582, 123.335
4.047, 1, 360, 320.95, 81.1066
4.068, 1, 360, 322.66, 91.8385
4.087, 1, 360, 324.233, 117.305
4.105, 1, 360, 325.395, 78.6081
4.121, 1, 360, 326.695, 88.7018
4.137, 1, 360, 327.926, 124.118
4.15, 1, 360, 329.362, 229.493
4.174, 1, 360, 331.619, 97.351
4.198, 1, 360, 332.85, 63.7066
4.212, 1, 360, 196.208, 769854
4.223, 1, 360, 334.764, 96.052
4.241, 1, 360, 336.611, 71.8222
4.264, 1, 360, 338.457, 118.32
4.282, 1, 360, 339.62, 71.7167
4.301, 1, 360, 341.467, 100.13
4.323, 1, 360, 342.971, 120.086
4.34, 1, 360, 344.544, 92.376
4.365, 1, 360, 346.185, 0
4.378, 1, 360, 348.853, -144.586
4.412, 1, 360, 350.289, 69.5152
4.434, 1, 360, 352.135, 180.129
4.452, 1, 360, 353.298, 80.4104
4.468, 1, 360, 354.802, 71.3724
4.489, 1, 360, 356.581, 73.1277
4.513, 1, 360, 359.384, 28.7809
4.562, 0.339362, 360, 360.41, 0
4.608, 0.139362, 360, 360.479, 0
4.627, 0.139362, 360, 360.479, 0
4.664, 0.139362, 360, 360.479, 0
4.718, 0.139362, 360, 360.479, 0
4.776, 0.139362, 360, 360.479, 0
4.82, 0.139362, 360, 360.479, 0
4.846, 0.139362, 360, 360.479, 0
4.881, 0.139362, 360, 360.479, 0
4.91, 0.139362, 360, 360.479, 0
4.954, 0.139362, 360, 360.479, 0
5.036, 0.139362, 360, 360.479, 0
5.073, 0.139362, 360, 360.479, 0
5.107, 0.139362, 360, 360.479, 0
5.172, 0.139362, 360, 360.479, 0
5.229, 0.139362, 360, 360.479, 0
5.252, 0.139362, 360, 360.479, 0
5.272, 0.139362, 360, 360.479, 0
5.292, 0.139362, 360, 360.479, 0
5.314, 0.139362, 360, 360.479, 0
5.333, 0.139362, 360, 360.479, 0
5.355, 0.139362, 360, 360.479, 0
5.378, 0.139362, 360, 360.479, 0
5.401, 0.139362, 360, 360.479, 0
5.417, 0.139362, 360, 360.479, 0
5.444, 0.139362, 360, 360.479, 0
5.467, 0.139362, 360, 360.479, 0
5.483, 0.139362, 360, 360.479, 0
5.497, 0.139362, 360, 360.479, 0
5.518, 0.139362, 360, 360.479, 0
5.538, 0.139362, 360, 360.479, 0
5.555, 0.139362, 360, 360.479, 0
5.583, 0.139362, 360, 360.479, 0
5.6, 0.139362, 360, 360.479, 0
5.622, 0.139362, 360, 360.479, 0
5.637, 0.139362, 360, 360.479, 0
5.65, 0.139362, 360, 360.479, 0
5.673, 0.139362, 360, 360.479, 0
5.696, 0.139362, 360, 360.479, 0
5.714, 0.139362, 360, 360.479, 0
5.729, 0.139362, 360, 360.479, 0
5.743, 0.139362, 360, 360.479, -1.0058e+09
5.759, 1, 360, 361.094, 33.9063
5.779, 0.481307, 360, 361.505, 0
5.801, 0.65228, 360, 361.505, 0
5.817, 0.618085, 360, 361.368, 0
5.841, 0.549696, 360, 361.163, 0
5.864, 0.481307, 360, 361.094, 0
5.882, 0.447112, 360, 361.026, 0
5.906, 0.378723, 360, 361.026, 0
5.922, 0.344529, 360, 360.889, 0
5.935, 0.344529, 360, 360.889, 0
5.949, 0.344529, 360, 360.889, 0
5.964, 0.344529, 360, 360.889, 0
5.978, 0.344529, 360, 360.889, 0
5.993, 0.344529, 360, 360.889, 0
6.008, 0.344529, 360, 360.889, 0
6.022, 0.344529, 360, 360.889, 0
6.036, 0.344529, 360, 360.889, 0
6.05, 0.344529, 360, 360.889, 0
6.062, 0.344529, 360, 155.722, 91838.5
6.079, 0.344529, 360, 360.889, 0
6.095, 0.344529, 360, 18.9438, 0
6.145, 0.344529, 360, 360.889, 0
6.181, 0.344529, 360, 360.889, 0
6.196, 0.344529, 360, 360.889, 0
6.21, 0.344529, 360, 360.889, 0
6.225, 0.344529, 360, 360.889, 0
6.239, 0.344529, 360, 360.889, 0
6.252, 0.344529, 360, 360.889, 0
6.267, 0.344529, 360, 360.889, 0
6.28, 0.344529, 360, 360.889, 0
6.295, 0.344529, 360, 360.889, 0
6.309, 0.344529, 360, 360.889, 0
6.323, 0.344529, 360, 360.889, 0
6.345, 0.344529, 360, 360.889, 0
6.363, 0.344529, 360, 360.889, 0
6.379, 0.344529, 360, 360.889, 0
6.4, 0.344529, 360, 360.889, 0
6.423, 0.344529, 360, 360.889, 0
6.446, 0.344529, 360, 360.889, 0
6.478, 0.344529, 360, 360.889, 0
6.498, 0.344529, 360, 360.889, 0
6.515, 0.344529, 360, 360.889, 9.26194e+06
6.543, 0.207751, 360, 360.616, 0
6.563, 0.207751, 360, 360.547, 0
6.586, 0.173556, 360, 360.547, 0
6.604, 0.173556, 360, 360.547, 0
6.623, 0.173556, 360, 360.547, 0
6.644, 0.173556, 360, 360.547, 0
6.666, 0.173556, 360, 360.547, 0
6.689, 0.173556, 360, 360.547, 0
6.704, 0.173556, 360, 360.547, 0
6.723, 0.173556, 360, 360.547, 0
6.751, 0.173556, 360, 360.547, 0
6.772, 0.173556, 360, 360.547, 0
6.786, 0.173556, 360, 360.547, 0
6.799, 0.173556, 360, 360.547, 0
6.813, 0.173556, 360, 360.547, 0
6.827, 0.173556, 360, 360.547, 0
6.84, 0.173556, 360, 360.547, 0
6.854, 0.173556, 360, 360.547, 0
6.867, 0.173556, 360, 360.547, 0
6.882, 0.173556, 360, 360.547, 0
6.896, 0.173556, 360, 360.547, 0
6.91, 0.173556, 360, 360.547, 0
6.924, 0.173556, 360, 360.547, 0
6.938, 0.173556, 360, 360.547, 0
6.952, 0.173556, 360, 360.547, 0
6.967, 0.173556, 360, 360.547, 0
6.983, 0.173556, 360, 360.547, 0
6.997, 0.173556, 360, 360.547, 0
7.011, 0.173556, 360, 360.547, 0
7.025, 0.173556, 360, 360.547, 0
7.038, 0.173556, 360, 360.547, 0
7.054, 0.173556, 360, 360.547, 0
7.068, 0.173556, 360, 360.547, 0
7.091, 0.173556, 360, 360.547, 0
7.107, 0.173556, 360, 360.547, 0
7.129, 0.173556, 360, 360.547, 0
7.147, 0.173556, 360, 360.547, 0
7.169, 0.173556, 360, 360.547, 0
7.186, 0.173556, 360, 360.547, 0
7.202, 0.173556, 360, 360.547, 0
7.224, 0.173556, 360, 360.547, 0
7.265, 0.173556, 360, 360.547, 0
7.306, 0.173556, 360, 360.547, 0
7.347, 0.173556, 360, 360.547, 0
7.374, 0.173556, 360, 360.547, 0
7.394, 0.173556, 360, 360.547, 0
7.409, 0.173556, 360, 360.547, 0
7.43, 0.173556, 360, 360.547, 0
7.452, 0.173556, 360, 360.547, 0
7.471, 0.173556, 360, 360.547, 0
7.487, 0.173556, 360, 360.547, 0
7.507, 0.173556, 360, 360.547, 0
7.524, 0.173556, 360, 360.547, 0
7.543, 0.173556, 360, 360.547, 0
7.56, 0.173556, 360, 360.547, 0
7.577, 0.173556, 360, 360.547, 0
7.601, 0.173556, 360, 360.547, 0
7.614, 0.173556, 360, 360.547, 0
7.629, 0.173556, 360, 360.547, 0
7.644, 0.173556, 360, 360.547, 0
7.658, 0.173556, 360, 360.547, 0
7.672, 0.173556, 360, 360.547, 0
7.686, 0.173556, 360, 360.547, 0
7.701, 0.173556, 360, 360.547, 0
7.716, 0.173556, 360, 360.547, 0
7.73, 0.173556, 360, 360.547, 0
7.749, 0.173556, 360, 360.547, 0
7.77, 0.173556, 360, 360.547, 0
7.819, 0.173556, 360, 360.547, 0
7.853, 0.173556, 360, 360.547, 0
7.883, 0.173556, 360, 360.547, 0
7.929, 0.173556, 360, 360.547, 0
7.976, 0.173556, 360, 360.547, 0
8.027, 0.173556, 360, 360.547, 0
8.068, 0.173556, 360, 360.547, 0
8.11, 0.173556, 360, 360.547, 0
8.145, 0.173556, 360, 360.547, 0
8.174, 0.173556, 360, 360.547, 0
8.221, 0.173556, 360, 360.547, 0
8.242, 0.173556, 360, 360.547, 0
8.277, 0.173556, 360, 360.547, 0
8.297, 0.173556, 360, 360.547, 0
8.317, 0.173556, 360, 360.547, 0
8.37, 0.173556, 360, 360.547, 0
8.399, 0.173556, 360, 360.547, 0
8.433, 0.173556, 360, 360.547, 0
8.447, 0.173556, 360, 360.547, 0
8.46, 0.173556, 360, 360.547, 0
8.475, 0.173556, 360, 360.547, 0
8.49, 0.173556, 360, 360.547, 0
8.505, 0.173556, 360, 360.547, 0
8.518, 0.173556, 360, 360.547, 0
8.533, 0.173556, 360, 360.547, 0
8.547, 0.173556, 360, 360.547, 0
8.561, 0.173556, 360, 360.547, 0
8.579, 0.173556, 360, 360.547, 0
8.593, 0.173556, 360, 360.547, 0
8.641, 0.173556, 360, 360.547, 0
8.702, 0.173556, 360, 360.547, 0
8.718, 0.173556, 360, 360.547, 0
8.735, 0.173556, 360, 360.547, 0
8.756, 0.173556, 360, 360.547, 0
8.778, 0.173556, 360, 360.547, 0
8.795, 0.173556, 360, 360.547, 118197
8.81, 0.173556, 360, 360.547, 0
8.829, 0.173556, 360, 360.547, 0
8.862, 0.173556, 360, 360.547, 0
8.908, 0.173556, 360, 360.547, 0
8.959, 0.173556, 360, 360.547, 0
8.994, 0.173556, 360, 360.547, 0
9.033, 0.173556, 360, 360.547, 0
9.052, 0.173556, 360, 360.547, 0
9.073, 0.173556, 360, 360.547, 0
9.089, 0.173556, 360, 360.547, 0
9.106, 0.173556, 360, 360.547, 0
9.126, 0.173556, 360, 360.547, 0
9.146, 0.173556, 360, 360.547, -335705
9.159, 0.173556, 360, 360.547, 0
9.173, 0.173556, 360, 360.547, 0
9.188, 0.173556, 360, 360.547, 0
9.201, 0.173556, 360, 360.547, 0
9.223, 0.173556, 360, 360.547, 0
9.239, 0.173556, 360, 360.547, 0
9.266, 0.173556, 360, 360.547, 0
9.287, 0.173556, 360, 360.547, 0
9.306, 0.173556, 360, 360.547, 0
9.326, 0.173556, 360, 360.547, 0
9.346, 0.173556, 360, 360.547, 0
9.362, 0.173556, 360, 360.547, 0
9.384, 0.173556, 360, 360.547, 0
9.402, 0.173556, 360, 360.547, -31.2421
9.425, 0.0709726, 360, 360.274, 0
9.439, 0.0367781, 360, 360.205, 0
9.459, 0.00258359, 360, 360.205, 0
9.474, 0.00258359, 360, 360.205, 0
9.488, 0.00258359, 360, 360.205, 0
9.503, 0.00258359, 360, 360.205, 0
9.516, 0.00258359, 360, 360.205, -328355
9.53, 0.00258359, 360, 360.068, 0
9.544, 0.1, 360, 359.932, 0
9.559, 0.134195, 360, 359.932, 0
9.572, 0.134195, 360, 359.932, 0
9.586, 0.134195, 360, 359.932, 0
9.6, 0.134195, 360, 359.932, 0
9.613, 0.134195, 360, 359.932, 0
9.627, 0.134195, 360, 359.932, 0
9.641, 0.134195, 360, 359.932, 0
9.656, 0.134195, 360, 359.932, 0
9.67, 0.134195, 360, 359.932, 0
9.684, 0.134195, 360, 359.932, -1.36352
9.701, 0.134195, 360, 359.932, 0
9.722, 0.134195, 360, 359.932, 0
9.738, 0.134195, 360, 359.932, 0
9.751, 0.134195, 360, 359.932, 0
9.772, 0.134195, 360, 359.932, 0
9.793, 0.134195, 360, 359.932, 0
9.808, 0.134195, 360, 359.932, 0
9.827, 0.134195, 360, 359.932, 0
9.85, 0.134195, 360, 359.932, 0
9.868, 0.134195, 360, 359.932, 0
9.89, 0.134195, 360, 359.932, 0
9.909, 0.134195, 360, 359.932, 0
9.924, 0.134195, 360, 359.932, 0
9.937, 0.134195, 360, 359.932, 0
9.959, 0.134195, 360, 359.932, 0
9.981, 0.134195, 360, 359.932, 336823
9.996, 0.0658055, 360, 360.068, 0
10.009, 0.0316109, 360, 360.205, 0
10.024, 0.00258359, 360, 360.205, 0
10.036, 0.00258359, 360, 360.205, 0
10.051, 0.00258359, 360, 360.205, 0
10.066, 0.00258359, 360, 360.205, 0
10.079, 0.00258359, 360, 360.205, 0
10.093, 0.00258359, 360, 360.205, 0
10.107, 0.00258359, 360, 360.205, 0
10.128, 0.00258359, 360, 360.205, 0
10.15, 0.00258359, 360, 360.205, 0
10.191, 0.00258359, 360, 360.205, 0
10.211, 0.00258359, 360, 360.205, 0
10.225, 0.00258359, 360, 360.205, 0
10.239, 0.00258359, 360, 360.205, 0
10.252, 0.00258359, 360, 360.205, 0
10.265, 0.00258359, 360, 360.205, 0
10.28, 0.00258359, 360, 360.205, 0
10.304, 0.00258359, 360, 360.205, 0
10.324, 0.00258359, 360, 360.205, 0
10.344, 0.00258359, 360, 360.205, 0
10.36, 0.00258359, 360, 360.205, 0
10.407, 0.00258359, 360, 360.205, 0
10.439, 0.00258359, 360, 360.205, 0
10.456, 0.00258359, 360, 360.205, 0
10.476, 0.00258359, 360, 360.205, 0
10.496, 0.00258359, 360, 360.205, 0
10.511, 0.00258359, 360, 360.205, 0
10.53, 0.00258359, 360, 360.205, 0
10.551, 0.00258359, 360, 360.205, 0
10.568, 0.00258359, 360, 360.205, -20.5003
10.595, 0.134195, 360, 359.863, 0
10.608, 0.168389, 360, 359.863, 0
10.631, 0.168389, 360, 359.863, 0
10.654, 0.168389, 360, 359.863, 0
10.673, 0.168389, 360, 359.863, 0
10.693, 0.168389, 360, 359.863, 0
10.707, 0.168389, 360, 359.863, 0
10.724, 0.168389, 360, 359.863, 0
10.74, 0.168389, 360, 359.863, 0
10.756, 0.168389, 360, 359.863, 0
10.778, 0.168389, 360, 359.863, 0
10.797, 0.168389, 360, 359.863, 0
10.813, 0.168389, 360, 359.863, 0
10.831, 0.168389, 360, 359.863, 0
10.851, 0.168389, 360, 359.863, 0
10.876, 0.168389, 360, 359.863, 0
10.895, 0.168389, 360, 359.863, 0
10.916, 0.168389, 360, 359.863, 0
10.934, 0.168389, 360, 359.863, 0
10.961, 0.168389, 360, 359.863, 0
10.977, 0.168389, 360, 359.863, 0
10.997, 0.168389, 360, 359.863, 0
11.017, 0.168389, 360, 359.863, 0
11.04, 0.168389, 360, 359.863, 0
11.055, 0.168389, 360, 359.863, 0
11.076, 0.168389, 360, 359.863, 0
11.097, 0.168389, 360, 359.863, 0
11.117, 0.168389, 360, 359.863, 0
11.189, 0.168389, 360, 359.863, 0
11.236, 0.168389, 360, 359.863, 0
11.274, 0.168389, 360, 359.863, 0
11.303, 0.168389, 360, 359.863, 0
11.344, 0.168389, 360, 359.863, 0
11.402, 0.168389, 360, 359.863, 0
11.461, 0.168389, 360, 359.863, 0
11.508, 0.168389, 360, 359.863, 0
11.548, 0.168389, 360, 359.863, 0
11.568, 0.168389, 360, 359.863, 0
11.588, 0.168389, 360, 359.863, 0
11.611, 0.168389, 360, 359.863, 0
11.638, 0.168389, 360, 359.863, 0
11.657, 0.168389, 360, 359.863, 0
11.672, 0.168389, 360, 359.863, 0
11.69, 0.168389, 360, 359.863, 0
11.718, 0.168389, 360, 359.863, 0
11.736, 0.168389, 360, 359.863, 0
11.756, 0.168389, 360, 359.863, 0
11.778, 0.168389, 360, 359.863, 0
11.797, 0.168389, 360, 359.863, 0
11.819, 0.168389, 360, 359.863, 0
11.84, 0.168389, 360, 359.863, 0
11.857, 0.168389, 360, 359.863, 0
11.876, 0.168389, 360, 359.863, 0
11.892, 0.168389, 360, 359.863, 0
11.905, 0.168389, 360, 359.863, 0
11.917, 0.168389, 360, 359.863, 0
11.929, 0.168389, 360, 359.863, 0
11.942, 0.168389, 360, 359.863, 0
11.956, 0.168389, 360, 359.863, 0
11.97, 0.168389, 360, 359.863, 0
11.984, 0.168389, 360, 359.863, 0
12.006, 0.168389, 360, 359.863, 0
12.026, 0.168389, 360, 359.863, 0
12.042, 0.168389, 360, 359.863, 0
12.06, 0.168389, 360, 359.863, 0
12.081, 0.168389, 360, 359.863, 0
12.098, 0.168389, 360, 359.863, 0
12.114, 0.168389, 360, 359.863, 0
12.131, 0.168389, 360, 359.863, 0
12.146, 0.168389, 360, 359.863, 0
12.165, 0.168389, 360, 359.863, 0
12.177, 0.168389, 360, 359.863, 0
12.192, 0.168389, 360, 359.863, 0
12.206, 0.168389, 360, 359.863, 0
12.22, 0.168389, 360, 359.863, 0
12.235, 0.168389, 360, 359.863, 0
12.249, 0.168389, 360, 359.863, 0
12.262, 0.168389, 360, 359.863, 0
12.277, 0.168389, 360, 359.863, 0
12.291, 0.168389, 360, 359.863, 0
12.306, 0.168389, 360, 359.863, 0
12.32, 0.168389, 360, 359.863, 0
12.334, 0.168389, 360, 359.863, 0
12.346, 0.168389, 360, 359.863, 0
12.361, 0.168389, 360, 359.863, 0
12.374, 0.168389, 360, 359.863, 0
12.387, 0.168389, 360, 359.863, 0
12.401, 0.168389, 360, 359.863, 0
12.415, 0.168389, 360, 359.863, 0
12.43, 0.168389, 360, 359.863, 0
12.447, 0.168389, 360, 359.863, 0
12.465, 0.168389, 360, 359.863, 0
12.488, 0.168389, 360, 359.863, 0
12.501, 0.168389, 360, 359.863, 0
12.516, 0.168389, 360, 359.863, 0
12.531, 0.168389, 360, 359.863, 0
12.545, 0.168389, 360, 359.863, 0
12.564, 0.168389, 360, 359.863, 0
12.586, 0.168389, 360, 359.863, 0
12.605, 0.168389, 360, 359.863, 0
12.627, 0.168389, 360, 359.863, 0
12.648, 0.168389, 360, 359.863, 0
12.668, 0.168389, 360, 359.863, 0
12.686, 0.168389, 360, 359.863, 0
12.708, 0.168389, 360, 359.863, 0
12.727, 0.168389, 360, 359.863, 0
12.744, 0.168389, 360, 359.863, 0
12.76, 0.168389, 360, 359.863, 0
12.775, 0.168389, 360, 359.863, 0
12.796, 0.168389, 360, 359.863, 0
12.821, 0.168389, 360, 359.863, 0
12.845, 0.168389, 360, 359.863, 0
12.862, 0.168389, 360, 359.863, 0
12.875, 0.168389, 360, 359.863, 0
12.89, 0.168389, 360, 359.863, 0
12.905, 0.168389, 360, 359.863, 0
12.919, 0.168389, 360, 359.863, 0
12.935, 0.168389, 360, 359.863, 0
12.954, 0.168389, 360, 359.863, 0
12.974, 0.168389, 360, 359.863, 0
12.995, 0.168389, 360, 359.863, 0
13.019, 0.168389, 360, 359.863, 0
13.04, 0.168389, 360, 359.863, 0
13.053, 0.168389, 360, 359.863, 0
13.068, 0.168389, 360, 359.863, 0
13.082, 0.168389, 360, 359.863, 0
13.107, 0.168389, 360, 359.863, 0
13.127, 0.168389, 360, 359.863, 0
13.147, 0.168389, 360, 359.863, 0
13.162, 0.168389, 360, 359.863, 0
13.177, 0.168389, 360, 359.863, 0
13.19, 0.168389, 360, 359.863, 0
13.204, 0.168389, 360, 359.863, 0
13.218, 0.168389, 360, 359.863, 0
13.232, 0.168389, 360, 359.863, 0
13.245, 0.168389, 360, 359.863, 0
13.262, 0.168389, 360, 359.863, 0
13.275, 0.168389, 360, 359.863, 0
13.291, 0.168389, 360, 359.863, 0
13.304, 0.168389, 360, 359.863, 0
13.321, 0.168389, 360, 359.863, 0
13.335, 0.168389, 360, 359.863, 0
13.359, 0.168389, 360, 359.863, 0
13.375, 0.168389, 360, 359.863, 0
13.424, 0.168389, 360, 359.863, 0
13.498, 0.168389, 360, 359.863, 0
13.544, 0.168389, 360, 359.863, 0
13.579, 0.168389, 360, 359.863, 0
13.623, 0.168389, 360, 359.863, 0
13.666, 0.168389, 360, 359.863, 0
13.707, 0.168389, 360, 359.863, 0
13.73, 0.168389, 360, 359.863, 0
13.748, 0.168389, 360, 359.863, 0
13.763, 0.168389, 360, 359.863, 0
13.791, 0.168389, 360, 359.863, 0
13.812, 0.168389, 360, 359.863, 0
13.829, 0.168389, 360, 359.863, 0
13.85, 0.168389, 360, 359.863, 0
13.87, 0.168389, 360, 359.863, 0
13.895, 0.168389, 360, 359.863, 0
13.914, 0.168389, 360, 359.863, 0
13.93, 0.168389, 360, 359.863, 0
13.946, 0.168389, 360, 359.863, 0
13.963, 0.168389, 360, 359.863, 0
13.982, 0.168389, 360, 359.863, 0
14.003, 0.168389, 360, 359.863, 0
14.019, 0.168389, 360, 359.863, 0
14.035, 0.168389, 360, 359.863, 0
14.049, 0.168389, 360, 359.863, 0
14.075, 0.168389, 360, 359.863, 0
14.099, 0.168389, 360, 359.863, 0
14.111, 0.168389, 360, 359.863, 0
14.125, 0.168389, 360, 359.863, 0
14.138, 0.168389, 360, 359.863, 0
14.152, 0.168389, 360, 359.863, 0
14.169, 0.168389, 360, 359.863, 0
14.193, 0.168389, 360, 359.863, 0
14.215, 0.168389, 360, 359.863, 0
14.233, 0.168389, 360, 359.863, 0
14.252, 0.168389, 360, 359.863, 0
14.273, 0.168389, 360, 359.863, 0
14.29, 0.168389, 360, 359.863, 0
14.311, 0.168389, 360, 359.863, 0
14.329, 0.168389, 360, 359.863, 0
14.351, 0.168389, 360, 359.863, 0
14.374, 0.168389, 360, 359.863, 0
14.396, 0.168389, 360, 359.863, 0
14.43, 0.168389, 360, 17.9179, 0
14.487, 0.168389, 360, 359.863, 0
14.533, 0.168389, 360, 359.863, 0
14.566, 0.168389, 360, 359.863, 0
14.614, 0.168389, 360, 359.863, 0
14.636, 0.168389, 360, 359.863, 0
14.652, 0.168389, 360, 359.863, 0
14.674, 0.168389, 360, 359.863, 0
14.693, 0.168389, 360, 359.863, 0
14.71, 0.168389, 360, 359.863, 0
14.733, 0.168389, 360, 359.863, 0
14.748, 0.168389, 360, 359.863, 0
14.769, 0.168389, 360, 359.863, 0
14.787, 0.168389, 360, 359.863, 0
14.805, 0.168389, 360, 359.863, 0
14.818, 0.168389, 360, 359.863, 0
14.833, 0.168389, 360, 359.863, 0
14.847, 0.168389, 360, 359.863, 0
14.861, 0.168389, 360, 359.863, 0
14.875, 0.168389, 360, 359.863, 0
14.893, 0.168389, 360, 359.863, 0
14.909, 0.168389, 360, 359.863, -152859
14.925, 0.202584, 360, 359.726, 0
14.94, 0.305167, 360, 359.59, 0
14.953, 0.305167, 360, 359.59, 0
14.968, 0.305167, 360, 359.59, 0
14.99, 0.305167, 360, 359.59, 0
15.009, 0.305167, 360, 359.59, 0
15.024, 0.305167, 360, 359.59, 0
15.039, 0.305167, 360, 359.59, 0
15.056, 0.305167, 360, 359.59, 0
15.075, 0.305167, 360, 359.59, 0
15.098, 0.305167, 360, 359.59, 0
15.113, 0.305167, 360, 359.59, 0
15.134, 0.305167, 360, 359.59, 0
15.154, 0.305167, 360, 359.59, 0
15.171, 0.305167, 360, 359.59, 0
15.194, 0.305167, 360, 359.59, 0
15.216, 0.305167, 360, 359.59, 0
15.238, 0.305167, 360, 359.59, 0
15.257, 0.305167, 360, 359.59, 0
15.279, 0.305167, 360, 359.59, 0
15.296, 0.305167, 360, 359.59, 0
15.317, 0.305167, 360, 359.59, 0
15.336, 0.305167, 360, 359.59, 0
15.355, 0.305167, 360, 359.59, 0
15.38, 0.305167, 360, 359.59, 7.85723e+08
15.401, 0.236778, 360, 360.068, 0
15.424, 0.0316109, 360, 360.137, 0
15.438, 0.0367781, 360, 360.274, 0
15.453, 0.0367781, 360, 360.274, 0
15.466, 0.0367781, 360, 360.274, 0
15.482, 0.0367781, 360, 360.274, 0
15.495, 0.0367781, 360, 360.274, 0
15.52, 0.0367781, 360, 360.274, 0
15.542, 0.0367781, 360, 360.274, 0
15.561, 0.0367781, 360, 360.274, 0
15.597, 0.0367781, 360, 360.274, 0
15.635, 0.0367781, 360, 360.274, 0
15.685, 0.0367781, 360, 360.274, 0
15.708, 0.0367781, 360, 360.274, 0
15.755, 0.0367781, 360, 360.274, 0
15.773, 0.0367781, 360, 360.274, 0
15.794, 0.0367781, 360, 360.274, 0
15.811, 0.0367781, 360, 360.274, 0
15.84, 0.0367781, 360, 360.274, 0
15.894, 0.0367781, 360, 360.274, 0
15.917, 0.0367781, 360, 360.274, 0
15.939, 0.0367781, 360, 360.274, 0
15.958, 0.0367781, 360, 360.274, 0
15.98, 0.0367781, 360, 360.274, 0
15.996, 0.0367781, 360, 360.274, 0
16.012, 0.0367781, 360, 360.274, 0
16.043, 0.0367781, 360, 360.274, 0
16.077, 0.0367781, 360, 360.274, 0
16.12, 0.0367781, 360, 360.274, 0
16.15, 0.0367781, 360, 360.274, 0
16.195, 0.0367781, 360, 360.274, 0
16.224, 0.0367781, 360, 360.274, 0
16.274, 0.0367781, 360, 360.274, 0
16.333, 0.0367781, 360, 360.274, 0
16.404, 0.0367781, 360, 360.274, 0
16.467, 0.0367781, 360, 360.274, 0
16.508, 0.0367781, 360, 360.274, 0
16.549, 0.0367781, 360, 0, 0
16.59, 0.0367781, 360, 360.274, 0
16.64, 0.0367781, 360, 360.274, 0
16.652, 0.0367781, 360, 360.274, 0
16.666, 0.0367781, 360, 360.274, 0
16.679, 0.0367781, 360, 360.274, 0
16.693, 0.0367781, 360, 360.274, 0
16.706, 0.0367781, 360, 360.274, 0
16.72, 0.0367781, 360, 360.274, 0
16.735, 0.0367781, 360, 360.274, 0
16.755, 0.0367781, 360, 360.274, 0
16.777, 0.0367781, 360, 360.274, 0
16.8, 0.0367781, 360, 360.274, 0
16.818, 0.0367781, 360, 3.6031e+06, -1.19851e+09
16.843, 0.105167, 360, 360.821, 51.3817
16.863, 0.310334, 360, 360.957, 0
16.881, 0.378723, 360, 360.957, 0
16.892, 0.378723, 360, 360.889, 8.4208e+08
16.907, 0.344529, 360, 360.889, 0
16.921, 0.344529, 360, 360.889, 0
16.936, 0.344529, 360, 360.889, 0
16.948, 0.344529, 360, 360.889, 0
16.963, 0.344529, 360, 360.889, 0
16.975, 0.344529, 360, 360.889, 0
16.989, 0.344529, 360, 360.889, 0
17.003, 0.344529, 360, 360.889, 0
17.023, 0.344529, 360, 360.889, 0
17.043, 0.344529, 360, 360.889, 0
17.064, 0.344529, 360, 360.889, 0
17.082, 0.344529, 360, 360.889, 0
17.095, 0.344529, 360, 360.889, 0
17.116, 0.344529, 360, 360.889, 0
17.135, 0.344529, 360, 360.889, 0
17.153, 0.344529, 360, 360.889, 0
17.172, 0.344529, 360, 360.889, 0
17.191, 0.344529, 360, 360.889, 0
17.204, 0.344529, 360, 360.889, 0
17.218, 0.344529, 360, 360.889, 0
17.232, 0.344529, 360, 360.889, 0
17.247, 0.344529, 360, 360.889, 0
17.263, 0.344529, 360, 360.889, 0
17.277, 0.344529, 360, 360.889, 0
17.291, 0.344529, 360, 360.889, 0
17.304, 0.344529, 360, 360.889, 0
17.318, 0.344529, 360, 360.889, 0
17.331, 0.344529, 360, 360.889, 0
17.344, 0.344529, 360, 360.889, 0
17.358, 0.344529, 360, 360.889, 0
17.372, 0.344529, 360, 360.889, 0
17.396, 0.344529, 360, 360.889, 0
17.416, 0.344529, 360, 360.889, 0
17.433, 0.344529, 360, 360.889, 0
17.451, 0.344529, 360, 360.889, 0
17.47, 0.344529, 360, 360.889, 0
17.489, 0.344529, 360, 360.889, 0
17.516, 0.344529, 360, 360.889, 0
17.534, 0.344529, 360, 360.889, 0
17.562, 0.344529, 360, 360.889, 0
17.58, 0.344529, 360, 360.889, 0
17.595, 0.344529, 360, 360.889, 0
17.613, 0.344529, 360, 360.889, 0
17.635, 0.344529, 360, 360.889, 0
17.65, 0.344529, 360, 360.889, 0
17.663, 0.344529, 360, 360.889, 0
17.68, 0.344529, 360, 360.889, 0
17.693, 0.344529, 360, 360.889, -332175
17.708, 0.344529, 360, 360.889, 0
17.72, 0.344529, 360, 360.889, 0
17.733, 0.344529, 360, 360.889, 0
17.745, 0.344529, 360, 360.889, 0
17.76, 0.344529, 360, 360.889, 0
17.777, 0.344529, 360, 360.889, 0
17.79, 0.344529, 360, 360.889, 0
17.803, 0.344529, 360, 360.889, 0
17.818, 0.344529, 360, 360.889, 0
17.832, 0.344529, 360, 360.889, 0
17.846, 0.344529, 360, 360.889, 0
17.86, 0.344529, 360, 360.889, 0
17.873, 0.344529, 360, 360.889, 0
17.888, 0.344529, 360, 360.889, 0
17.902, 0.344529, 360, 360.889, 0
17.917, 0.344529, 360, 360.889, 0
17.932, 0.344529, 360, 360.889, 0
17.946, 0.344529, 360, 360.889, 0
17.96, 0.344529, 360, 360.889, 0
17.974, 0.344529, 360, 360.889, 0
17.986, 0.344529, 360, 360.889, 0
18, 0.344529, 360, 360.889, 0
18.021, 0.344529, 360, 360.889, 0
18.041, 0.344529, 360, 360.889, 0
18.062, 0.344529, 360, 360.889, 0
18.079, 0.344529, 360, 360.889, 0
18.101, 0.344529, 360, 360.889, 0
18.143, 0.344529, 360, 360.889, 0
18.164, 0.344529, 360, 360.889, 0
18.188, 0.344529, 360, 360.889, 0
18.21, 0.344529, 360, 360.889, 0
18.228, 0.344529, 360, 360.889, 0
18.252, 0.344529, 360, 360.889, 0
18.276, 0.344529, 360, 360.889, 0
18.297, 0.344529, 360, 360.889, 0
18.313, 0.344529, 360, 360.889, 0
18.334, 0.344529, 360, 360.889, 0
18.355, 0.344529, 360, 360.889, 0
18.372, 0.344529, 360, 360.889, 0
18.388, 0.344529, 360, 360.889, 0
18.409, 0.344529, 360, 360.889, 0
18.433, 0.344529, 360, 360.889, 0
18.452, 0.344529, 360, 360.889, 0
18.47, 0.344529, 360, 360.889, 0
18.489, 0.344529, 360, 360.889, 0
18.505, 0.344529, 360, 360.889, 0
18.566, 0.344529, 360, 360.889, 0
18.638, 0.344529, 360, 360.889, 0
18.666, 0.344529, 360, 360.889, 0
18.687, 0.344529, 360, 360.889, 0
18.71, 0.344529, 360, 360.889, 0
18.728, 0.344529, 360, 360.889, 0
18.751, 0.344529, 360, 360.889, 0
18.765, 0.310334, 360, 360.684, -59.2113
18.788, 0.241945, 360, 360.616, 0
18.81, 0.207751, 360, 360.616, 0
18.83, 0.207751, 360, 360.616, 78582.6
18.872, 1, 360, 361.915, 44.4085
18.906, 0.891641, 360, 362.188, 0
18.945, 0.857447, 360, 361.573, -33.6395
18.968, 0.618085, 360, 361.299, -16.8197
18.985, 0.481307, 360, 361.163, 0
19.006, 0.412918, 360, 360.889, 0
19.033, 0.412918, 360, 360.889, 0
19.055, 0.344529, 360, 360.889, 0
19.073, 0.344529, 360, 360.889, 0
19.092, 0.344529, 360, 360.889, 0
19.107, 0.344529, 360, 360.889, -312773
19.125, 0.344529, 360, 360.889, 0
19.139, 0.344529, 360, 360.889, 0
19.153, 0.344529, 360, 360.889, 0
19.167, 0.344529, 360, 360.889, 0
19.181, 0.344529, 360, 360.889, 0
19.197, 0.344529, 360, 360.889, 0
19.21, 0.344529, 360, 360.889, 0
19.222, 0.344529, 360, 360.889, 0
19.238, 0.344529, 360, 360.889, 0
19.25, 0.344529, 360, 360.889, 0
19.265, 0.344529, 360, 360.889, 0
19.28, 0.344529, 360, 360.889, 0
19.294, 0.344529, 360, 360.889, 0
19.308, 0.344529, 360, 360.889, 0
19.331, 0.344529, 360, 360.889, 0
19.352, 0.344529, 360, 360.889, 0
19.368, 0.344529, 360, 360.889, 0
19.385, 0.344529, 360, 360.889, 0
19.409, 0.344529, 360, 360.889, 0
19.435, 0.344529, 360, 360.889, 0
19.459, 0.344529, 360, 360.889, 0
19.478, 0.344529, 360, 360.889, 83694.1
19.501, 1, 360, 361.436, -3.16792e+08
19.529, 0.515502, 360, 361.71, -14.7295
19.575, 0.720669, 360, 361.436, 3.40578e+07
19.593, 0.618085, 360, 361.163, 0
19.625, 0.481307, 360, 361.026, 0
19.646, 0.412918, 360, 360.957, 0
19.663, 0.344529, 360, 360.889, 0
19.683, 0.344529, 360, 360.889, 0
19.702, 0.344529, 360, 360.889, 0
19.719, 0.344529, 360, 360.889, 0
19.737, 0.344529, 360, 360.889, 0
19.756, 0.344529, 360, 360.889, 0
19.776, 0.344529, 360, 360.889, 0
19.793, 0.344529, 360, 360.889, 0
19.817, 0.344529, 360, 360.889, 0
19.838, 0.344529, 360, 360.889, 0
19.851, 0.344529, 360, 360.889, 0
19.873, 0.344529, 360, 360.889, 0
19.893, 0.344529, 360, 360.889, 0
19.913, 0.344529, 360, 360.889, 0
19.933, 0.344529, 360, 360.889, 0
19.953, 0.344529, 360, 360.889, 0
19.974, 0.344529, 360, 360.889, 0
19.988, 0.344529, 360, 360.889, 0
20.002, 0.344529, 360, 360.889, 0
20.016, 0.344529, 360, 360.889, 0
20.031, 0.344529, 360, 360.889, 0
20.045, 0.344529, 360, 360.889, 0
20.059, 0.344529, 360, 360.889, 0
20.073, 0.344529, 360, 360.889, 0
20.087, 0.344529, 360, 360.889, 0
20.101, 0.344529, 360, 360.889, 0
20.114, 0.344529, 360, 360.889, 0
20.128, 0.344529, 360, 360.889, 0
20.143, 0.344529, 360, 360.889, 0
20.156, 0.344529, 360, 360.889, 0
20.171, 0.344529, 360, 360.889, 0
20.185, 0.344529, 360, 360.889, 0
20.2, 0.344529, 360, 360.889, 0
20.214, 0.344529, 360, 360.889, 0
20.228, 0.344529, 360, 360.889, 0
20.243, 0.344529, 360, 360.889, 0
20.258, 0.344529, 360, 360.889, 0
20.273, 0.344529, 360, 360.889, 0
20.287, 0.344529, 360, 360.889, 0
20.301, 0.344529, 360, 360.889, 0
20.317, 0.344529, 360, 360.889, 0
20.332, 0.344529, 360, 360.889, 0
20.345, 0.344529, 360, 360.889, 0
20.359, 0.344529, 360, 360.889, 0
20.373, 0.344529, 360, 360.889, 0
20.387, 0.344529, 360, 360.889, 0
20.401, 0.344529, 360, 360.889, 0
20.421, 0.344529, 360, 360.889, 0
20.434, 0.344529, 360, 360.889, 0
20.448, 0.344529, 360, 360.889, 0
20.462, 0.344529, 360, 360.889, -2.57436e+07
20.476, 0.344529, 360, 360.889, 0
20.491, 0.344529, 360, 360.889, 0
20.504, 0.344529, 360, 360.889, 0
20.518, 0.344529, 360, 360.889, 0
20.531, 0.344529, 360, 360.889, 0
20.545, 0.344529, 360, 360.889, 0
20.559, 0.344529, 360, 360.889, 0
20.572, 0.344529, 360, 360.889, 0
20.588, 0.344529, 360, 360.889, 0
20.602, 0.344529, 360, 360.889, 0
20.626, 0.344529, 360, 360.889, 0
20.645, 0.344529, 360, 360.889, 0
20.66, 0.344529, 360, 360.889, 0
20.682, 0.344529, 360, 360.889, 0
20.704, 0.344529, 360, 360.889, 0
20.742, 0.344529, 360, 360.889, 0
20.777, 0.344529, 360, 360.889, 0
20.824, 0.344529, 360, 360.889, 0
20.846, 0.344529, 360, 360.889, 0
20.885, 0.344529, 360, 360.889, 0
20.935, 0.344529, 360, 360.889, 0
20.995, 0.344529, 360, 360.889, 0
21.019, 0.344529, 360, 360.889, 0
21.036, 0.344529, 360, 360.889, 0
21.053, 0.344529, 360, 360.889, 0
21.073, 0.344529, 360, 360.889, 0
21.092, 0.344529, 360, 360.889, 0
21.116, 0.344529, 360, 360.889, 0
21.138, 0.344529, 360, 360.889, 0
21.156, 0.344529, 360, 360.889, 0
21.223, 0.344529, 360, 360.889, 0
21.268, 0.344529, 360, 360.889, 0
21.314, 0.344529, 360, 360.889, 0
21.336, 0.344529, 360, 360.889, 0
21.357, 0.344529, 360, 360.889, 0
21.374, 0.344529, 360, 360.889, 0
21.397, 0.344529, 360, 360.889, 0
21.413, 0.344529, 360, 360.889, 0
21.428, 0.344529, 360, 360.889, 0
21.443, 0.344529, 360, 360.889, 0
21.457, 0.344529, 360, 360.889, 0
21.47, 0.344529, 360, 360.889, 0
21.487, 0.344529, 360, 360.889, 0
21.502, 0.344529, 360, 360.889, 0
21.516, 0.344529, 360, 360.889, 0
21.53, 0.344529, 360, 360.889, 0
21.552, 0.344529, 360, 360.889, 0
21.596, 0.344529, 360, 360.889, 0
21.694, 0.344529, 360, 360.889, 0
21.744, 0.344529, 360, 360.889, 0
21.818, 0.344529, 360, 360.889, 0
21.845, 0.344529, 360, 360.889, 0
21.867, 0.344529, 360, 360.889, 0
21.886, 0.344529, 360, 360.889, 0
21.905, 0.344529, 360, 360.889, 0
21.926, 0.344529, 360, 360.889, 0
21.946, 0.344529, 360, 360.889, 0
21.967, 0.344529, 360, 360.889, 0
21.994, 0.344529, 360, 360.889, 0
22.034, 0.344529, 360, 360.889, 0
22.061, 0.344529, 360, 360.889, 0
22.082, 0.344529, 360, 360.889, 0
22.104, 0.344529, 360, 360.889, 0
22.132, 0.344529, 360, 360.889, 0
22.157, 0.344529, 360, 360.889, 0
22.178, 0.344529, 360, 360.889, 0
22.203, 0.344529, 360, 360.889, 0
22.223, 0.344529, 360, 360.889, 0
22.243, 0.344529, 360, 360.889, 0
22.26, 0.344529, 360, 360.889, 0
22.274, 0.344529, 360, 360.889, 0
22.297, 0.344529, 360, 360.889, 0
22.314, 0.344529, 360, 360.889, 0
22.339, 0.344529, 360, 360.889, 0
22.356, 0.344529, 360, 360.889, 0
22.379, 0.344529, 360, 360.889, 0
22.406, 0.344529, 360, 360.889, 0
22.424, 0.344529, 360, 360.889, 0
22.444, 0.344529, 360, 360.889, 0
22.468, 0.344529, 360, 360.889, 0
22.492, 0.344529, 360, 360.889, 0
22.511, 0.344529, 360, 360.889, 0
22.529, 0.344529, 360, 360.889, 0
22.551, 0.344529, 360, 360.889, 0
22.572, 0.344529, 360, 360.957, 0.452953
22.585, 0.481307, 360, 361.163, 0
22.603, 0.481307, 360, 361.094, 0
22.632, 0.447112, 360, 361.026, 0
22.665, 0.447112, 360, 360.957, 0
22.707, 0.378723, 360, 360.889, 0
22.749, 0.344529, 360, 360.889, 0
22.782, 0.344529, 360, 360.889, 0
22.833, 0.344529, 360, 360.889, 0
22.856, 0.344529, 360, 360.889, 0
22.898, 0.344529, 360, 360.889, 0
22.945, 0.344529, 360, 360.889, 0
22.977, 0.344529, 360, 360.889, 0
22.993, 0.344529, 360, 360.889, 0
23.01, 0.344529, 360, 360.889, 0
23.029, 0.344529, 360, 360.889, 0
23.05, 0.344529, 360, 360.889, 0
23.068, 0.344529, 360, 360.889, 0
23.089, 0.344529, 360, 360.889, 0
23.118, 0.344529, 360, 360.889, 0
23.14, 0.344529, 360, 360.889, 0
23.154, 0.344529, 360, 360.889, 0
23.168, 0.344529, 360, 360.889, 0
23.183, 0.344529, 360, 360.889, 0
23.196, 0.344529, 360, 360.889, 0
23.211, 0.344529, 360, 360.889, 0
23.225, 0.344529, 360, 360.889, 0
23.239, 0.344529, 360, 360.889, 0
23.253, 0.344529, 360, 360.889, 0
23.269, 0.344529, 360, 360.889, 0
23.283, 0.344529, 360, 360.889, 0
23.297, 0.344529, 360, 360.889, 0
23.325, 0.344529, 360, 360.889, 0
23.349, 0.344529, 360, 360.889, 0
23.372, 0.344529, 360, 360.889, 0
23.394, 0.344529, 360, 360.889, 0
23.411, 0.344529, 360, 360.889, 0
23.425, 0.344529, 360, 360.889, 0
23.451, 0.344529, 360, 360.889, 0
23.475, 0.344529, 360, 360.889, 0
23.494, 0.344529, 360, 360.889, 0
23.519, 0.344529, 360, 360.889, 0
23.534, 0.344529, 360, 360.889, 0
23.556, 0.344529, 360, 360.889, 0
23.579, 0.344529, 360, 360.889, 0
23.597, 0.344529, 360, 360.889, 0
23.615, 0.344529, 360, 360.889, 0
23.637, 0.344529, 360, 360.889, 0
23.659, 0.344529, 360, 360.889, 0
23.677, 0.344529, 360, 360.889, 0
23.705, 0.344529, 360, 360.889, 0
23.733, 0.344529, 360, 360.889, 0
23.755, 0.344529, 360, 360.889, 0
23.774, 0.344529, 360, 360.889, 0
23.795, 0.344529, 360, 360.889, 0
23.815, 0.344529, 360, 360.889, 0
23.836, 0.344529, 360, 360.889, 0
23.857, 0.344529, 360, 360.889, 0
23.885, 0.344529, 360, 360.889, 0
23.908, 0.344529, 360, 360.889, 0
23.931, 0.344529, 360, 360.889, 0
23.954, 0.344529, 360, 360.889, 0
23.972, 0.344529, 360, 360.889, 0
23.99, 0.344529, 360, 360.889, 0
24.01, 0.344529, 360, 360.889, 0
24.027, 0.344529, 360, 360.889, 0
24.046, 0.344529, 360, 0, -8.38497e+08
24.066, 0.344529, 360, 360.684, 0
24.08, 0.241945, 360, 360.616, 0
24.103, 0.207751, 360, 360.616, 0
24.118, 0.207751, 360, 360.616, 0
24.137, 0.207751, 360, 360.616, 0
24.158, 0.207751, 360, 360.616, 0
24.177, 0.207751, 360, 360.616, 0
24.2, 0.207751, 360, 360.616, 0
24.216, 0.207751, 360, 360.616, 0
24.238, 0.207751, 360, 360.616, 0
24.26, 0.207751, 360, 360.616, 0
24.28, 0.207751, 360, 360.616, 0
24.3, 0.207751, 360, 360.616, 0
24.317, 0.207751, 360, 360.616, 0
24.34, 0.207751, 360, 360.616, 0
24.36, 0.207751, 360, 360.616, 0
24.382, 0.207751, 360, 360.616, 0
24.433, 0.207751, 360, 360.616, 0
24.447, 0.207751, 360, 360.616, 0
24.464, 0.207751, 360, 360.616, 0
24.485, 0.207751, 360, 360.616, 0
24.505, 0.207751, 360, 360.616, 0
24.524, 0.207751, 360, 360.752, 0
24.553, 0.27614, 360, 0, -8.62631e+08
24.571, 0.27614, 360, 18.807, -46.5232
24.589, -0, 360, 360.547, 0
