0, 0, 0, 0, 0
0.019, 1, 1080, 0.205167, 61.9466
0.034, 1, 1080, 0.957447, 0
0.051, 1, 1080, 2.12006, 67.9137
0.066, 1, 1080, 3.41945, 65.9808
0.085, 1, 1080, 5.12918, 0
0.107, 1, 1080, 6.90729, 83.6871
0.129, 1, 1080, 8.61702, 92.376
0.151, 1, 1080, 10.3951, 54.6238
0.169, 1, 1080, 11.7629, 85.061
0.19, 1, 1080, 14.0881, 71.7769
0.252, 1, 1080, 19.5593, 80.5186
0.294, 1, 1080, 21.6109, 0
0.308, 1, 1080, 23.1155, 75.4638
0.329, 1, 1080, 24.5517, 84.1194
0.348, 1, 1080, 26.3298, 59.9116
0.367, 1, 1080, 27.5608, 92.3345
0.382, 1, 1080, 28.7918, 97.4666
0.41, 1, 1080, 31.3222, 79.9946
0.43, 1, 1080, 32.69, 76.1571
0.446, 1, 1080, 34.1261, 63.4554
0.467, 1, 1080, 35.9726, 84.0987
0.489, 1, 1080, 37.4088, 81.2222
0.508, 1, 1080, 39.2553, 70.4316
0.529, 1, 1080, 40.6915, 40.0404
0.546, 1, 1080, 42.196, 80.1591
0.567, 1, 1080, 43.6322, 107.602
0.585, 1, 1080, 45.4787, 87.3647
0.607, 1, 1080, 47.2568, 79.4298
0.636, 1, 1080, 49.5821, 57.1099
0.655, 1, 1080, 51.0866, 111.838
0.674, 1, 1080, 52.6596, 88.4723
0.694, 1, 1080, 54.2325, 62.6847
0.714, 1, 1080, 55.5319, 105.865
0.734, 1, 1080, 57.4468, 871.992
0.754, 1, 1080, 57.7204, 819.358
0.766, 1, 1080, 59.6353, 60.9528
0.779, 1, 1080, 60.5243, 120.936
0.791, 1, 1080, 61.6185, 61.5563
0.803, 1, 1080, 62.576, 188.054
0.816, 1, 1080, 63.6702, 62.5414
0.83, 1, 1080, 64.8328, 63.7363
0.845, 1, 1080, 65.8587, 0
0.856, 1, 1080, 66.5426, 148.349
0.869, 1, 1080, 67.5, 119.981
0.881, 1, 1080, 68.7994, 0
0.893, 1, 1080, 69.6884, 61.6673
0.906, 1, 1080, 70.6459, 61.723
0.918, 1, 1080, 71.6033, 123.669
0.93, 1, 1080, 72.5608, 61.8346
0.943, 1, 1080, 73.655, 1290.36
0.957, 1, 1080, 74.8176, 0
0.972, 1, 1080, 75.9119, 53.4707
0.985, 1, 1080, 77.0061, 0
1, 1, 1080, 78.1687, 91.3885
1.014, 1, 1080, 79.3313, 213.716
1.029, 1, 1080, 80.4939, 125.255
1.042, 1, 1080, 81.5198, 93.6836
1.057, 1, 1080, 82.6824, 61.8346
1.07, 1, 1080, 84.1185, 63.766
1.092, 1, 1080, 85.4863, 112.482
1.106, 1, 1080, 86.5805, 32.3812
1.12, 1, 1080, 87.7432, 61.4457
1.134, 1, 1080, 88.9058, 62.0872
1.149, 1, 1080, 90.0684, 62.2851
1.161, 1, 1080, 91.4362, 68.2185
1.182, 1, 1080, 92.8723, 84.6749
1.203, 1, 1080, 94.7872, 79.8938
1.222, 1, 1080, 96.2234, 119.561
1.239, 1, 1080, 97.3176, 66.9496
1.255, 1, 1080, 98.8906, 61.1435
1.273, 1, 1080, 100.053, 87.9414
1.287, 1, 1080, 101.147, 41.9051
1.301, 1, 1080, 102.378, 129.28
1.316, 1, 1080, 103.404, 137.052
1.328, 1, 1080, 0, 58.9053
1.34, 1, 1080, 105.388, 118.731
1.354, 1, 1080, 106.482, 60.0958
1.369, 1, 1080, 107.576, -301.938
1.386, 1, 1080, 109.081, 60.6824
1.403, 1, 1080, 111.269, 61.7787
1.428, 1, 1080, 112.5, 76.5692
1.449, 1, 1080, 114.347, -329.586
1.467, 1, 1080, 115.509, 42.7699
1.482, 1, 1080, 116.672, 0
1.496, 1, 1080, 117.766, -59.314
1.509, 1, 1080, 118.792, 47.7577
1.522, 1, 1080, 119.886, 225.706
1.537, 1, 1080, 121.049, 104.731
1.551, 1, 1080, 122.143, 177.327
1.564, 1, 1080, 123.579, 116.407
1.587, 1, 1080, 125.084, 132.025
1.602, 1, 1080, 126.657, 92.9199
1.623, 1, 1080, 128.161, 67.1534
1.644, 1, 1080, 130.008, 93.7693
1.663, 1, 1080, 131.581, 121.15
1.681, 1, 1080, 133.017, 119.666
1.701, 1, 1080, 134.658, 61.9747
1.72, 1, 1080, 136.641, 91.962
1.745, 1, 1080, 137.804, 78.0252
1.761, 1, 1080, 139.377, 90.0053
1.787, 1, 1080, 141.702, 78.2675
1.822, 1, 1080, 145.395, -127460
1.856, 1, 1080, 147.515, 76.0442
1.88, 1, 1080, 149.02, 0
1.897, 1, 1080, 150.456, 80.3254
1.918, 1, 1080, 151.892, 94.8092
1.936, 1, 1080, 153.328, 87.6408
1.951, 1, 1080, 154.559, 74.1425
1.97, 1, 1080, 156.406, 69.9752
1.991, 1, 1080, 157.842, 79.3837
2.008, 1, 1080, 159.347, 83.5201
2.029, 1, 1080, 161.056, 123.113
2.045, 1, 1080, 162.492, 0
2.068, 1, 1080, 164.339, 68.2753
2.089, 1, 1080, 165.775, 85.353
2.112, 1, 1080, 167.622, 36.3192
2.129, 1, 1080, 169.126, 84.4049
2.153, 1, 1080, 171.041, 141.3
2.169, 1, 1080, 172.135, 83.249
2.187, 1, 1080, 173.913, 0
2.209, 1, 1080, 175.691, 90.6015
2.236, 1, 1080, 177.88, 121.689
2.254, 1, 1080, 178.974, 87.7233
2.271, 1, 1080, 180.684, 82.5556
2.293, 1, 1080, 182.12, 68.6637
2.31, 1, 1080, 183.625, 98.9711
2.327, 1, 1080, 185.061, 86.8065
2.348, 1, 1080, 186.907, 665.462
2.367, 1, 1080, 188.002, 0
2.38, 1, 1080, 189.164, 0
2.395, 1, 1080, 190.395, 61.5563
2.409, 1, 1080, 191.421, 37.1882
2.423, 1, 1080, 192.652, 24.5122
2.438, 1, 1080, 193.746, 0
2.452, 1, 1080, 194.772, 84.223
2.465, 1, 1080, 195.935, 125.369
2.479, 1, 1080, 197.029, 61.9186
2.493, 1, 1080, 198.123, 92.1685
2.508, 1, 1080, 199.286, 62.771
2.522, 1, 1080, 200.38, 152.654
2.534, 1, 1080, 201.474, 119.771
2.549, 1, 1080, 202.568, 119.981
2.562, 1, 1080, 203.731, 71.7769
2.582, 1, 1080, 205.578, 71.6116
2.603, 1, 1080, 207.082, 53.429
2.62, 1, 1080, 208.518, 88.5295
2.641, 1, 1080, 210.365, 94537.8
2.66, 1, 1080, 211.801, 0
2.677, 1, 1080, 212.895, 66.3843
2.695, 1, 1080, 214.81, 61.7787
2.713, 1, 1080, 216.246, 81.766
2.735, 1, 1080, 218.024, 67.7287
2.758, 1, 1080, 219.871, 0
2.781, 1, 1080, 221.649, 109.248
2.798, 1, 1080, 223.085, 104.491
2.817, 1, 1080, 224.59, 78.9712
2.838, 1, 1080, 226.094, 107.361
2.854, 1, 1080, 227.53, 73.2688
2.876, 1, 1080, 229.377, 123.893
2.894, 1, 1080, 230.813, 66.7536
2.916, 1, 1080, 232.591, 61.4733
2.935, 1, 1080, 234.164, -167.62
2.956, 1, 1080, 235.737, 91.7153
2.974, 1, 1080, 237.31, 119.561
2.992, 1, 1080, 238.746, 82.9159
3.014, 1, 1080, 240.524, 91.4904
3.036, 1, 1080, 241.96, 61.8906
3.051, 1, 1080, 242.986, 70.1426
3.063, 1, 1080, 244.012, 60.8444
3.076, 1, 1080, 244.901, 71.6491
3.089, 1, 1080, 246.132, 330.382
3.103, 1, 1080, 247.295, 89.8674
3.118, 1, 1080, 248.457, 0
3.133, 1, 1080, 249.552, 358.058
3.146, 1, 1080, 250.646, 90.5815
3.161, 1, 1080, 251.809, 120.616
3.174, 1, 1080, 252.903, 125.715
3.191, 1, 1080, 254.134, 122.451
3.206, 1, 1080, 255.365, 122.232
3.219, 1, 1080, 256.459, 599.904
3.234, 1, 1080, 257.622, 124.457
3.247, 1, 1080, 258.647, 93.898
3.262, 1, 1080, 259.742, 134.096
3.274, 1, 1080, 260.836, 80.6
3.288, 1, 1080, 262.204, 110.713
3.31, 1, 1080, 264.119, 60.8985
3.328, 1, 1080, 265.486, 82.662
3.351, 1, 1080, 267.743, 83.2997
3.378, 1, 1080, 269.248, 77.9096
3.397, 1, 1080, 271.094, 80.2877
3.42, 1, 1080, 272.872, 79.5777
3.442, 1, 1080, 275.129, 91.0564
3.479, 1, 1080, 278.275, -66.1403
3.506, 1, 1080, 279.78, 68.8434
3.527, 1, 1080, 281.695, 69.7136
3.551, 1, 1080, 283.199, 91.7358
3.568, 1, 1080, 284.977, 0
3.587, 1, 1080, 286.003, 59.9904
3.599, 1, 1080, 287.029, 36.5131
3.612, 1, 1080, 288.191, 0
3.628, 1, 1080, 289.422, 62.1719
3.642, 1, 1080, 290.585, 61.3355
3.663, 1, 1080, 292.226, 63.0024
3.678, 1, 1080, 293.389, 91.3072
3.693, 1, 1080, 294.552, 118.937
3.707, 1, 1080, 295.646, 118.525
3.722, 1, 1080, 296.877, 35.0354
3.737, 1, 1080, 298.313, 92.71
3.763, 1, 1080, 300.365, 71.1497
3.784, 1, 1080, 302.211, 60.7363
3.803, 1, 1080, 303.442, 68.0827
3.819, 1, 1080, 440.494, -61478.9
3.833, 1, 1080, 305.767, 88.2439
3.846, 1, 1080, 306.862, 123.781
3.86, 1, 1080, 307.956, 163.741
3.874, 1, 1080, 308.982, 74.988
3.887, 1, 1080, 310.076, 76.4978
3.906, 1, 1080, 311.991, 74.8567
3.933, 1, 1080, 314.179, 0
3.951, 1, 1080, 314.179, 975.245
3.963, 1, 1080, 316.231, 118.937
3.977, 1, 1080, 317.325, 119.876
3.991, 1, 1080, 318.419, 134.096
4.005, 1, 1080, 319.582, 168.446
4.019, 1, 1080, 321.018, 94.1134
4.04, 1, 1080, 321.497, 29.9821
4.054, 1, 1080, 323.685, 79.093
4.071, 1, 1080, 324.848, 85.8979
4.089, 1, 1080, 326.695, 62.059
4.108, 1, 1080, 328.199, 83.8101
4.128, 1, 1080, 329.498, 89.7102
4.147, 1, 1080, 331.071, 0
4.159, 1, 1080, 331.96, 163.872
4.172, 1, 1080, 333.055, 191.566
4.187, 1, 1080, 334.217, 0
4.202, 1, 1080, 335.38, 48.9542
4.215, 1, 1080, 336.474, 178.097
4.23, 1, 1080, 337.637, 127.592
4.244, 1, 1080, 338.799, 93.2578
4.259, 1, 1080, 339.894, 36.9871
4.272, 1, 1080, 340.988, 98.3308
4.286, 1, 1080, 342.082, 264.05
4.3, 1, 1080, 343.176, 72.677
4.313, 1, 1080, 344.339, 62.6847
4.328, 1, 1080, 345.502, 61.5286
4.342, 1, 1080, 346.596, 0
4.359, 1, 1080, 347.895, 0
4.374, 1, 1080, 349.126, 169.7
4.388, 1, 1080, 349.263, -3.09989e+07
4.399, 1, 1080, 351.109, 0
4.412, 1, 1080, 351.998, 57.7123
4.424, 1, 1080, 352.888, 176.716
4.437, 1, 1080, 353.845, 605.213
4.449, 1, 1080, 355.008, 142.181
4.464, 1, 1080, 356.17, 0
4.478, 1, 1080, 357.333, 123.893
4.492, 1, 1080, 358.495, 27.3885
4.506, 1, 1080, 359.59, 57.4376
4.524, 1, 1080, 361.026, 60.361
4.537, 1, 1080, 362.052, 65.0086
4.551, 1, 1080, 363.146, 178.097
4.564, 1, 1080, 364.309, 60.6017
4.579, 1, 1080, 365.403, 103.307
4.592, 1, 1080, 366.497, 60.2547
4.606, 1, 1080, 367.523, 146.443
4.621, 1, 1080, 368.685, 0
4.635, 1, 1080, 369.916, 0
4.649, 1, 1080, 371.284, 78.5179
4.671, 1, 1080, 373.062, 67.6784
4.693, 1, 1080, 374.567, 90.3025
4.712, 1, 1080, 376.482, 31.1426
4.731, 1, 1080, 377.713, 67.5114
4.751, 1, 1080, 379.559, 89.4754
4.77, 1, 1080, 381.201, 91.962
4.791, 1, 1080, 382.842, 0
4.815, 1, 1080, 385.509, 62.323
4.847, 1, 1080, 386.945, 93.5768
4.866, 1, 1080, 388.86, 66.1243
4.889, 1, 1080, 390.296, 65.5193
4.908, 1, 1080, 392.211, 92.4176
4.931, 1, 1080, 393.853, 89.2225
4.951, 1, 1080, 395.767, 50.9605
4.973, 1, 1080, 397.272, 0
4.989, 1, 1080, 398.777, 84.0987
5.011, 1, 1080, 400.486, 99.7652
5.03, 1, 1080, 401.991, 97.8384
5.05, 1, 1080, 403.427, 80.953
5.069, 1, 1080, 405.205, 101.377
5.09, 1, 1080, 406.641, 90.9026
5.107, 1, 1080, 407.941, 54.4716
5.122, 1, 1080, 409.103, 71.7769
5.166, 1, 1080, 413.002, 77.0841
5.188, 1, 1080, 414.848, 89.1063
5.21, 1, 1080, 416.763, 0
5.228, 1, 1080, 417.789, 175.807
5.243, 1, 1080, 418.951, 101.267
5.259, 1, 1080, 420.251, 62.0872
5.274, 1, 1080, 421.413, 57.9568
5.287, 1, 1080, 422.508, 30.7505
5.302, 1, 1080, 423.67, 61.4457
5.316, 1, 1080, 424.696, 32.0774
5.33, 1, 1080, 425.859, 62.771
5.345, 1, 1080, 427.021, 62.5987
5.359, 1, 1080, 428.457, 67.2238
5.379, 1, 1080, 429.757, 122.561
5.393, 1, 1080, 431.261, -6.84347e+07
5.416, 1, 1080, 432.629, 0
5.43, 1, 1080, 433.929, 31.6031
5.445, 1, 1080, 435.023, 62.3988
5.459, 1, 1080, 436.459, 69.8132
5.482, 1, 1080, 438.511, 82.9964
5.503, 1, 1080, 439.947, 81.9816
5.524, 1, 1080, 441.725, 73.2688
5.546, 1, 1080, 443.161, 75.2686
5.564, 1, 1080, 445.008, 74.6605
5.608, 1, 1080, 449.453, 76.5571
5.649, 1, 1080, 453.214, 73.1253
5.696, 1, 1080, 455.334, 118.491
5.714, 1, 1080, 456.839, 89.6318
5.733, 1, 1080, 458.685, 0
5.756, 1, 1080, 460.532, 66.5263
5.778, 1, 1080, 462.173, 89.1063
5.799, 1, 1080, 464.02, 95.9173
5.818, 1, 1080, 465.456, 118.937
5.835, 1, 1080, 466.619, 22.1754
5.853, 1, 1080, 468.123, 70.2435
5.873, 1, 1080, 469.97, 67.4781
5.893, 1, 1080, 471.543, 78.8437
5.915, 1, 1080, 472.021, 108.529
5.935, 1, 1080, 475.03, 49.992
5.955, 1, 1080, 476.535, 65.1738
5.975, 1, 1080, 478.313, 81.0297
6.003, 1, 1080, 480.091, 1305.61
6.018, 1, 1080, 481.117, 0
6.03, 1, 1080, 482.211, 119.249
6.044, 1, 1080, 483.305, 86.8616
6.059, 1, 1080, 484.878, 117.709
6.081, 1, 1080, 486.52, 62.6417
6.101, 1, 1080, 488.366, 103.151
6.122, 1, 1080, 489.802, 69.4305
6.149, 1, 1080, 492.264, 82.7454
6.199, 1, 1080, 494.932, 87.0828
6.236, 1, 1080, 499.309, 309.886
6.27, 1, 1080, 504.369, 1271.17
6.337, 1, 1080, 507.378, 74.6442
6.358, 1, 1080, 509.225, 74.6768
6.396, 1, 1080, 510.866, 112.113
6.424, 1, 1080, 514.559, 84.3684
6.447, 1, 1080, 516.132, 52.688
6.463, 1, 1080, 517.568, 91.1854
6.484, 1, 1080, 519.347, 52.607
6.504, 1, 1080, 519.62, 58.3027
6.52, 1, 1080, 521.945, 51.0938
6.535, 1, 1080, 523.04, 62.7999
6.549, 1, 1080, 524.202, 48.2974
6.562, 1, 1080, 525.296, 124.231
6.576, 1, 1080, 526.322, 59.5032
6.593, 1, 1080, 527.827, 77.9629
6.613, 1, 1080, 529.4, 59.9904
6.629, 1, 1080, 530.973, 116.012
6.651, 1, 1080, 532.682, 87.3982
6.673, 1, 1080, 534.529, 74.3359
6.692, 1, 1080, 535.691, 62.4558
6.706, 1, 1080, 537.196, 122.342
6.724, 1, 1080, 538.701, 48.7796
6.745, 1, 1080, 540.137, 93.1731
6.762, 1, 1080, 541.71, 82.2313
6.782, 1, 1080, 543.146, 62.7307
6.804, 1, 1080, 545.061, 0
6.826, 1, 1080, 546.771, 124.57
6.843, 1, 1080, 548.412, 69.487
6.868, 1, 1080, 550.258, -349.238
6.902, 1, 1080, 554.704, 82.0153
6.952, 1, 1080, 557.85, 76.9858
6.979, 1, 1080, 559.286, 91.5516
6.998, 1, 1080, 560.79, 998.38
7.017, 1, 1080, 561.953, 80.2688
7.033, 1, 1080, 563.731, 95.4044
7.057, 1, 1080, 565.646, 67.5381
7.08, 1, 1080, 567.424, 65.784
7.103, 1, 1080, 569.339, 83.2659
7.127, 1, 1080, 571.185, 62.3798
7.148, 1, 1080, 572.622, 155.548
7.163, 1, 1080, 574.058, 91.3885
7.181, 1, 1080, 575.631, 58.9053
7.207, 1, 1080, 577.34, 2183.96
7.234, 1, 1080, 579.802, 73.6951
7.252, 1, 1080, 581.17, 60.7093
7.268, 1, 1080, 582.675, 292.261
7.291, 1, 1080, 584.453, -52.4188
7.312, 1, 1080, 585.821, 75.9456
7.326, 1, 1080, 586.915, 0
7.34, 1, 1080, 588.078, 65.7587
7.354, 1, 1080, 589.172, 91.1854
7.369, 1, 1080, 590.334, 36.1847
7.383, 1, 1080, 591.565, 30.0743
7.398, 1, 1080, 592.66, 123.669
7.411, 1, 1080, 593.754, 59.5723
7.425, 1, 1080, 594.711, 59.9378
7.437, 1, 1080, 595.942, 70.6645
7.458, 1, 1080, 597.789, -539037
7.488, 1, 1080, 600.182, 61.6673
7.506, 1, 1080, 600.319, 627.423
7.519, 1, 1080, 602.371, 0
7.533, 1, 1080, 603.465, 71.0905
7.547, 1, 1080, 604.628, 59.1601
7.561, 1, 1080, 605.722, 60.2016
7.574, 1, 1080, 606.748, 407.078
7.589, 1, 1080, 607.91, -259.049
7.603, 1, 1080, 609.073, 89.2419
7.625, 1, 1080, 611.193, 89.9856
7.645, 1, 1080, 612.629, 30.9453
7.663, 1, 1080, 613.929, 62.5128
7.678, 1, 1080, 615.502, 83.7075
7.698, 1, 1080, 616.938, 73.9022
7.719, 1, 1080, 618.784, 83.1984
7.742, 1, 1080, 620.426, 82.2577
7.761, 1, 1080, 622.204, 83.6894
7.78, 1, 1080, 623.298, 43.8673
7.794, 1, 1080, 624.392, 0
7.808, 1, 1080, 625.486, 51.4397
7.824, 1, 1080, 626.786, 68.6637
7.842, 1, 1080, 628.701, 121.581
7.86, 1, 1080, 630.137, 82.2337
7.889, 1, 1080, 633.078, 88.2743
7.926, 1, 1080, 635.403, 82.5599
7.955, 1, 1080, 638.412, 81.4932
7.983, 1, 1080, 641.147, 82.1984
8.025, 1, 1080, 643.541, 77.8919
8.058, 1, 1080, 647.576, 80.0273
8.103, 1, 1080, 649.696, 84.9554
8.12, 1, 1080, 651.201, 89.2613
8.142, 1, 1080, 653.116, 119.561
8.16, 1, 1080, 654.552, 64.8391
8.182, 1, 1080, 656.33, 93.0463
8.205, 1, 1080, 658.04, 121.689
8.221, 1, 1080, 659.134, 81.0542
8.241, 1, 1080, 660.707, 122.671
8.255, 1, 1080, 661.869, 125.485
8.27, 1, 1080, 663.032, 0
8.284, 1, 1080, 664.4, 82.8958
8.306, 1, 1080, 665.836, 122.561
8.322, 1, 1080, 667.409, 203.26
8.342, 1, 1080, 669.255, 87.1568
8.366, 1, 1080, 671.17, 120.192
8.389, 1, 1080, 672.88, 71.6716
8.41, 1, 1080, 674.726, 71.7619
8.431, 1, 1080, 676.231, 71.5616
8.457, 1, 1080, 678.488, 314.649
8.491, 1, 1080, 680.95, 62.2568
8.506, 1, 1080, 682.044, 108.468
8.518, 1, 1080, 683.138, 141.3
8.533, 1, 1080, 684.301, 828.958
8.546, 1, 1080, 685.532, 76.4551
8.566, 1, 1080, 686.968, 77.1015
8.585, 1, 1080, 688.473, 87.7533
8.6, 1, 1080, 690.046, 59.8591
8.619, 1, 1080, 691.55, 57.8588
8.638, 1, 1080, 693.055, 95.5154
8.659, 1, 1080, 694.764, 608429
8.672, 1, 1080, 695.859, 66.9333
8.693, 1, 1080, 700.167, 82.1138
8.771, 1, 1080, 704.818, 77.1819
8.812, 1, 1080, 707.758, 83.1984
8.838, 1, 1080, 709.263, 93.0886
8.857, 1, 1080, 710.836, 109.703
8.878, 1, 1080, 713.093, 76.98
8.923, 1, 1080, 716.854, -130.526
8.975, 1, 1080, 721.436, 61.308
9.006, 1, 1080, 723.967, 54.3633
9.042, 1, 1080, 726.087, 72.2929
9.073, 1, 1080, 729.438, -12294.7
9.115, 1, 1080, 731.9, 121.473
9.136, 1, 1080, 733.336, 70.2724
9.156, 1, 1080, 735.524, 90.1042
9.18, 1, 1080, 737.097, 106.497
9.203, 1, 1080, 740.927, 75.0703
9.261, 1, 1080, 744.278, 84.2452
9.297, 1, 1080, 747.287, 71.0905
9.372, 1, 1080, 753.784, 89.4364
9.424, 1, 1080, 757.546, -345596
9.449, 1, 1080, 758.982, 71.298
9.476, 1, 1080, 760.897, 85.0963
9.494, 1, 1080, 762.812, -44.179
9.516, 1, 1080, 764.111, 60.7363
9.535, 1, 1080, 766.163, 87.7345
9.557, 1, 1080, 767.667, 62.3135
9.575, 1, 1080, 768.761, 35.9753
9.588, 1, 1080, 769.924, 159.539
9.602, 1, 1080, 771.087, 61.0072
9.617, 1, 1080, 772.181, 31.4288
9.631, 1, 1080, 773.275, 97.8384
9.644, 1, 1080, 774.369, 123.446
9.657, 1, 1080, 775.464, 53.1384
9.673, 1, 1080, 776.763, 0
9.687, 1, 1080, 777.857, 61.1709
9.7, 1, 1080, 778.883, 90.9026
9.715, 1, 1080, 779.977, 60.5749
9.728, 1, 1080, 781.003, 41.3727
9.741, 1, 1080, 782.166, 60.5749
9.755, 1, 1080, 783.26, 177.174
9.769, 1, 1080, 784.354, 98.1192
9.784, 1, 1080, 785.517, 0
9.797, 1, 1080, 786.543, 141.592
9.811, 1, 1080, 787.705, 0
9.826, 1, 1080, 788.868, 0
9.84, 1, 1080, 790.236, 58.4772
9.861, 1, 1080, 791.74, 0
9.885, 1, 1080, 793.929, 59.9904
9.902, 1, 1080, 795.296, 83.3065
9.952, 1, 1080, 76030, 82.6454
10.014, 1, 1080, 804.392, 80.6475
10.06, 1, 1080, 808.701, 75.5346
10.101, 1, 1080, 812.53, 67.3917
10.152, 1, 1080, 816.702, -42.1152
10.199, 1, 1080, 821.831, 198556
10.249, 1, 1080, 823.609, 74.223
10.272, 1, 1080, 825.046, 94.2214
10.291, 1, 1080, 827.371, 68.6499
10.319, 1, 1080, 828.875, 69.7421
10.337, 1, 1080, 830.722, 72.5421
10.359, 1, 1080, 832.568, 84.3893
10.418, 1, 1080, 840.843, 79.7075
10.492, 1, 1080, 845.22, 78.9777
10.563, 1, 1080, 847.682, 5.13243e+08
10.585, 1, 1080, 850.555, 116.308
10.599, 1, 1080, 851.649, 121.906
10.613, 1, 1080, 852.743, 200.554
10.625, 1, 1080, 853.701, 93.984
10.64, 1, 1080, 854.863, 33.8392
10.654, 1, 1080, 856.026, 45.7758
10.667, 1, 1080, 857.12, 121.043
10.681, 1, 1080, 858.214, 111.021
10.695, 1, 1080, 859.65, 63.8553
10.717, 1, 1080, 861.223, 75.4846
10.734, 1, 1080, 862.796, 79.6518
10.756, 1, 1080, 864.233, 76.993
10.774, 1, 1080, 865.805, -2973.44
10.79, 1, 1080, 867.242, 90.2032
10.811, 1, 1080, 869.02, 55.387
10.833, 1, 1080, 870.388, 61.4733
10.847, 1, 1080, 871.55, 61.8066
10.861, 1, 1080, 872.644, 44.4952
10.875, 1, 1080, 873.807, 62.1719
10.888, 1, 1080, 874.833, 61.6951
10.903, 1, 1080, 875.995, 89.3585
10.918, 1, 1080, 877.158, 118.628
10.932, 1, 1080, 878.252, 118.937
10.945, 1, 1080, 879.347, 94.3297
10.96, 1, 1080, 880.441, 40.9025
10.973, 1, 1080, 881.535, 217.8
10.987, 1, 1080, 882.629, 91.2665
11.001, 1, 1080, 883.792, 92.1065
11.015, 1, 1080, 884.886, 117.811
11.029, 1, 1080, 885.98, 94.3297
11.043, 1, 1080, 887.074, 33.856
11.057, 1, 1080, 888.169, 0
11.071, 1, 1080, 889.331, 197.087
11.083, 1, 1080, 890.631, 113.603
11.101, 1, 1080, 891.725, 51.0557
11.117, 1, 1080, 893.298, 82.5955
11.137, 1, 1080, 895.144, 78.0697
11.158, 1, 1080, 896.581, 92.0693
11.178, 1, 1080, 898.017, 71.7167
11.196, 1, 1080, 899.863, 91.3885
11.216, 1, 1080, 901.368, 95.2273
11.242, 1, 1080, 903.556, 77.1886
11.261, 1, 1080, 905.061, 47.5585
11.279, 1, 1080, 906.36, 77.116
11.3, 1, 1080, 907.865, 55.4206
11.32, 1, 1080, 909.438, 59.4687
11.336, 1, 1080, 911.147, 69.7848
11.358, 1, 1080, 914.02, 84.5632
11.402, 1, 1080, 917.439, 77.9807
11.435, 1, 1080, 921.611, 78.338
11.509, 1, 1080, 925.851, 84.2403
11.551, 1, 1080, 928.313, 91.0236
11.566, 1, 1080, 931.869, 80.9543
11.619, 1, 1080, 934.331, 75.4142
11.67, 1, 1080, 937.067, 46.0429
11.75, 1, 1080, 943.222, 69.5435
11.812, 1, 1080, 947.736, 76.5321
11.873, 1, 1080, 952.112, 79.056
11.903, 1, 1080, 955.122, 75.8517
11.94, 1, 1080, 958.131, 4726.07
11.984, 1, 1080, 960.798, 72.6191
12, 1, 1080, 962.508, 80.25
12.022, 1, 1080, 964.354, 61.1709
12.04, 1, 1080, 965.79, 84.3684
12.062, 1, 1080, 967.432, 57.086
12.08, 1, 1080, 968.936, 0
12.102, 1, 1080, 970.646, 60.5749
12.119, 1, 1080, 971.74, 148.028
12.135, 1, 1080, 972.971, 121.365
12.148, 1, 1080, 973.997, 126.412
12.163, 1, 1080, 975.16, 0
12.177, 1, 1080, 976.391, 0
12.191, 1, 1080, 977.485, 0
12.204, 1, 1080, 978.374, 113.603
12.217, 1, 1080, 979.536, 61.584
12.232, 1, 1080, 980.699, 59.7024
12.246, 1, 1080, 981.793, 0
12.261, 1, 1080, 982.956, 46.682
12.274, 1, 1080, 983.913, 34.0753
12.288, 1, 1080, 985.076, 96.7313
12.301, 1, 1080, 986.17, 119.561
12.315, 1, 1080, 987.196, 465.232
12.329, 1, 1080, 988.359, 119.876
12.343, 1, 1080, 989.384, 94.8531
12.357, 1, 1080, 990.547, 53.8073
12.371, 1, 1080, 991.641, 113.415
12.384, 1, 1080, 992.736, 118.834
12.398, 1, 1080, 993.693, 59.0579
12.41, 1, 1080, 994.719, 39.1018
12.424, 1, 1080, 995.881, 31.0718
12.438, 1, 1080, 997.523, 84.5179
12.462, 1, 1080, 999.369, 37.5558
12.481, 1, 1080, 1000.87, 93.1731
12.501, 1, 1080, 1002.31, 0
12.517, 1, 1080, 1003.4, 79.6843
12.534, 1, 1080, 1005.18, 50.1019
12.555, 1, 1080, 1006.48, 121.689
12.569, 1, 1080, 1007.99, 62.059
12.588, 1, 1080, 1009.29, 68.7742
12.608, 1, 1080, 1011.47, 91.5108
12.631, 1, 1080, 1013.05, 80.2092
12.651, 1, 1080, 1014.55, 51.401
12.669, 1, 1080, 1016.06, 61.3355
12.686, 1, 1080, 1017.42, -293.04
12.751, 1, 1080, 1023.31, 76.3009
12.787, 1, 1080, 1027.07, 68.4027
12.856, 1, 1080, 1032.26, 81.229
12.897, 1, 1080, 1035.27, 76.225
12.943, 1, 1080, 1039.03, 71.2534
12.975, 1, 1080, 1041.16, 69.6781
12.997, 1, 1080, 1042.66, 79.8005
13.018, 1, 1080, 1044.57, 83.6563
13.038, 1, 1080, 1045.94, 185.84
13.054, 1, 1080, 1047.45, 85.3583
13.076, 1, 1080, 1049.22, 163.22
13.095, 1, 1080, 0, -2.08355e+10
13.113, 1, 1080, 1051.14, 0
13.135, 1, 1080, 1052.17, 30.5036
13.15, 1, 1080, 1053.53, 78.338
13.174, 1, 1080, 1055.31, 85.5576
13.194, 1, 1080, 1057.02, 0
13.212, 1, 1080, 1058.53, 61.6673
13.231, 1, 1080, 1060.24, 84.7448
13.253, 1, 1080, 1061.74, -124.381
13.277, 1, 1080, 1063.38, 62.3135
13.292, 1, 1080, 1064.41, 35.9564
13.305, 1, 1080, 1065.64, 31.2993
13.32, 1, 1080, 1066.73, 93.2154
13.335, 1, 1080, 1067.9, 0
13.348, 1, 1080, 1068.99, 91.7974
13.363, 1, 1080, 1070.08, 38.3992
13.376, 1, 1080, 1071.25, 61.8906
13.39, 1, 1080, 1072.27, 60.6286
13.406, 1, 1080, 1073.57, 152.996
13.42, 1, 1080, 1074.67, 34.8213
13.434, 1, 1080, 1075.83, 81.5774
13.449, 1, 1080, 1076.99, 118.116
13.463, 1, 1080, 1078.09, 123.669
13.477, 0.552112, 1080, 1079.11, 61.9466
13.491, 0.331558, 1080, 1079.59, 0
13.505, 0.136307, 1080, 1079.86, 0
13.517, 0.106558, 1080, 1079.86, 0
13.529, 0.0761246, 1080, 1079.93, 0
13.54, 0.0398784, 1080, 1080, 0
13.553, 0.0644149, 1080, 1080.14, 0
13.564, 0.0685182, 1080, 1080.14, 0
13.578, 0.0719377, 1080, 1080.14, 0
13.592, 0.076041, 1080, 1080.14, 0
13.607, 0.0808283, 1080, 1080.14, 0
13.622, 0.0849316, 1080, 1080.14, 0
13.636, 0.089035, 1080, 1080.14, 0
13.65, 0.0931383, 1080, 1080.14, 0
13.664, 0.0979255, 1080, 1080.14, 0
13.677, 0.101345, 1080, 1080.14, 0
13.692, 0.105448, 1080, 1080.14, 0
13.706, 0.108868, 1080, 1080.14, 0
13.719, 0.112971, 1080, 1080.14, 0
13.747, 0.118442, 1080, 1080.14, 0
13.763, 0.11981, 1080, 0.273556, 483377
13.778, 0.0654407, 1080, 1080.14, 0
13.793, 0.070228, 1080, 1080.14, 0
13.807, 0.0743313, 1080, 1080.14, 0
13.821, 0.0784347, 1080, 1080.14, 0
13.834, 0.0818541, 1080, 1080.14, 0
13.848, 0.0859574, 1080, 1080.14, 0
13.862, 0.0907447, 1080, 1080.14, 0
13.875, 0.0934802, 1080, 1080.14, 0
13.89, 0.0982675, 1080, 1080.14, 0
13.903, 0.102371, 1080, 1080.14, 0
13.917, 0.10579, 1080, 1080.14, 0
13.93, 0.109894, 1080, 1080.14, 0
13.943, 0.113313, 1080, 1080.14, 0
13.956, 0.117416, 1080, 1080.14, 0
13.97, 0.120836, 1080, 1080.14, 0
13.985, 0.125623, 1080, 1080.14, 0
14, 0.129726, 1080, 1080.14, 0
14.013, 0.13383, 1080, 1080.14, 0
14.027, 0.138617, 1080, 1080.14, 0
14.042, 0.14272, 1080, 1080.14, 0
14.056, 0.146824, 1080, 1080.14, 0
14.07, 0.148875, 1080, 1080.14, 0
14.091, 0.150927, 1080, 1080.14, 0
14.11, 0.156398, 1080, 1080.14, 0
14.129, 0.159818, 1080, 1080.14, 0
14.149, 0.162553, 1080, 1080.14, 0
14.166, 0.164605, 1080, 1080.14, 0
14.187, 0.17076, 1080, 1080.14, 0
14.21, 0.175547, 1080, 1080.14, 0
14.228, 0.178967, 1080, 1080.14, 0
14.254, 0.184438, 1080, 1080.14, 0
14.273, 0.187857, 1080, 1080.14, 0
14.295, 0.190593, 1080, 1080.14, 0
14.311, 0.192644, 1080, 1080.14, 0
14.332, 0.198799, 1080, 1080.14, 0
14.346, 0.203587, 1080, 1080.14, 0
14.36, 0.20769, 1080, 1080.14, 0
14.375, 0.211793, 1080, 1080.14, 0
14.387, 0.215213, 1080, 1080.14, 0
14.4, 0.219316, 1080, 1080.14, 0
14.415, 0.223419, 1080, 1080.14, 0
14.429, 0.228207, 1080, 1080.14, 0
14.442, 0.231626, 1080, 3131.81, -1.84172e+06
14.453, 0.0415881, 1080, 1080, 0
14.467, 0.0623632, 1080, 1079.86, 0
14.481, 0.0657827, 1080, 1079.86, 0
14.496, 0.0664666, 1080, 1079.86, 0
14.566, 0.0739894, 1080, 1079.86, 0
14.608, 0.0808283, 1080, 1079.86, 0
14.628, 0.0828799, 1080, 1079.86, 0
14.646, 0.0849316, 1080, 1079.86, 0
14.669, 0.0917705, 1080, 1079.86, 0
14.688, 0.09519, 1080, 1079.86, 0
14.725, 0.0992933, 1080, 1079.86, 0
14.805, 0.106132, 1080, 1079.86, 0
14.852, 0.110919, 1080, 1079.86, 0
14.879, 0.112971, 1080, 1079.86, 0
14.941, 0.11981, 1080, 1079.86, 0
14.999, 0.123229, 1080, 1079.86, 0
15.047, 0.127333, 1080, 1079.86, 0
15.082, 0.131436, 1080, 1079.86, 36.8575
15.105, 0.0747568, 1080, 1080.21, 0
15.128, 0.103739, 1080, 1080.21, 0
15.142, 0.109894, 1080, 1080.21, 0
15.159, 0.1181, 1080, 1080.21, 0
15.176, 0.122204, 1080, 1080.21, 0
15.196, 0.126307, 1080, 1080.21, 0
15.214, 0.136565, 1080, 1080.21, 0
15.227, 0.140669, 1080, 1080.21, 0
15.243, 0.14785, 1080, 1080.21, 0
15.255, 0.152979, 1080, 1080.21, 0
15.268, 0.159134, 1080, 1080.21, 0
15.282, 0.164263, 1080, 1080.21, 0
15.296, 0.170418, 1080, 1080.21, 0
15.309, 0.176573, 1080, 1080.21, 0
15.325, 0.182728, 1080, 1080.21, 0
15.352, 0.190935, 1080, 1080.21, 0
15.367, 0.195038, 1080, 1080.21, 0
15.388, 0.200167, 1080, 1080.21, 0
15.408, 0.204271, 1080, 1080.21, 0
15.424, 0.207348, 1080, 1080.21, 0
15.44, 0.215555, 1080, 1080.21, 0
15.459, 0.220684, 1080, 1080.21, 0
15.48, 0.226839, 1080, 1080.21, 0
15.501, 0.229916, 1080, 1080.21, 0
15.522, 0.239149, 1080, 1080.21, 0
15.543, 0.242226, 1080, 1080.21, 0
15.562, 0.250433, 1080, 1080.21, 0
15.583, 0.254536, 1080, 1080.21, 0
15.601, 0.257614, 1080, 1080.21, 0
15.623, 0.266847, 1080, 1080.21, 0
15.651, 0.275053, 1080, 1080.21, 0
15.678, 0.28326, 1080, 1080.21, 0
15.693, 0.28326, 1080, 1080.21, 0
15.72, 0.294544, 1080, 1080.21, 0
15.743, 0.301725, 1080, 1080.21, 0
15.761, 0.306854, 1080, 1080.21, 0
15.783, 0.310957, 1080, 1080.21, 29.3452
15.805, 0.0996353, 1080, 1080.55, 140979
15.862, 1, 1080, 1082.87, -17.9687
15.921, 1, 1080, 1082.05, -35.5083
15.94, 0.928252, 1080, 1080.96, -43.8954
15.958, 0.552112, 1080, 1080.34, -14.6037
15.979, 0.0956155, 1080, 1080.07, 0
15.998, 0.0634726, 1080, 1080.07, 0
16.015, 0.0644985, 1080, 1080.07, 0
16.038, 0.0668921, 1080, 1080.07, 0
16.062, 0.0692857, 1080, 1080.07, 0
16.079, 0.0703116, 1080, 1080.07, 0
16.103, 0.0730471, 1080, 1080.07, 0
16.119, 0.0750988, 1080, 3815.63, 0
16.139, 0.0405623, 1080, 1080.07, 0
16.153, 0.0429559, 1080, 1080.07, 0
16.168, 0.0450076, 1080, 1080.07, 0
16.182, 0.0470593, 1080, 1080.07, 0
16.196, 0.0491109, 1080, 1080.07, 0
16.21, 0.0511626, 1080, 1080.07, 0
16.224, 0.0535562, 1080, 1080.07, 0
16.239, 0.0556079, 1080, 1080.07, 0
16.253, 0.0576596, 1080, 1080.07, 0
16.267, 0.0597112, 1080, 1080.07, 0
16.281, 0.061421, 1080, 1080.07, 0
16.294, 0.0634726, 1080, 1080.07, 0
16.322, 0.0662082, 1080, 1080.07, 0
16.339, 0.0679179, 1080, 1080.07, 0
16.358, 0.0696277, 1080, 1080.07, 0
16.38, 0.0716793, 1080, 1080.07, 0
16.399, 0.0723632, 1080, 1080.07, 0
16.46, 0.0750988, 1080, 1080.07, 0
16.501, 0.0768085, 1080, 1080.07, 0
16.543, 0.0781763, 1080, 3815.63, 0
16.565, 0.0402204, 1080, 1080.07, 0
16.586, 0.0415881, 1080, 1080.07, 0
16.603, 0.042614, 1080, 1080.07, 0
16.626, 0.0450076, 1080, 1080.07, 0
16.642, 0.0460334, 1080, 1080.07, 0
16.664, 0.0491109, 1080, 1080.07, 0
16.686, 0.0501368, 1080, 1080.07, 158381
16.706, 0.0644149, 1080, 1080.41, 0
16.727, 0.208032, 1080, 1080.48, 0
16.746, 0.25864, 1080, 1080.48, 0
16.759, 0.263427, 1080, 0, 616360
16.776, 0.241543, 1080, 1080.48, 0
16.79, 0.258298, 1080, 1080.48, 0
16.805, 0.27266, 1080, 1080.48, 0
16.819, 0.287021, 1080, 1080.48, 2.29889e+07
16.831, 0.241543, 1080, 1080.62, 59.0579
16.844, 0.313009, 1080, 1080.68, 0
16.861, 0.374217, 1080, 1080.68, 0
16.88, 0.384476, 1080, 1080.68, 0
16.895, 0.401573, 1080, 1080.68, 0
16.914, 0.408412, 1080, 1080.68, 0
16.936, 0.439187, 1080, 1080.68, 0
16.947, 0.421064, 1080, 1080.62, 0
16.962, 0.442606, 1080, 1080.62, 0
16.976, 0.461071, 1080, 1080.62, 0
16.99, 0.479536, 1080, 1080.62, 0
17.003, 0.498002, 1080, 1080.62, 0
17.017, 0.481588, 1080, 1080.55, 0
17.03, 0.49253, 1080, 1080.55, 0
17.053, 0.503473, 1080, 1080.55, -2764.9
